322 321 332 
333 322 332 
140 139 96 
139 124 96 
90 1 2 
121 124 95 
125 126 96 
342 333 332 
341 342 332 
331 341 332 
124 125 96 
321 331 332 
333 323 322 
312 321 322 
116 173 92 
313 312 322 
323 313 322 
380 370 369 
93 116 92 
124 138 95 
101 100 92 
173 101 92 
81 380 369 
46 47 45 
80 81 369 
359 80 369 
360 359 369 
138 134 95 
117 116 93 
114 117 93 
370 360 369 
68 69 233 
223 68 233 
113 114 93 
134 418 95 
224 223 233 
234 224 233 
244 234 233 
418 417 95 
112 155 107 
69 244 233 
155 154 107 
123 265 126 
265 264 126 
146 153 147 
61 146 147 
206 207 130 
60 61 147 
179 180 104 
153 151 104 
151 179 104 
180 181 106 
143 60 147 
148 143 147 
154 148 147 
153 154 147 
104 180 106 
208 247 128 
101 99 100 
94 117 98 
169 94 98 
12 13 11 
129 130 128 
130 207 128 
207 208 128 
183 184 118 
191 182 181 
190 191 181 
180 190 181 
417 121 95 
284 293 294 
285 284 294 
295 285 294 
268 267 119 
411 268 119 
304 295 294 
303 304 294 
293 303 294 
412 411 119 
172 51 99 
266 265 123 
59 60 143 
144 59 143 
51 152 99 
112 107 113 
57 58 56 
107 108 113 
108 114 113 
148 144 143 
130 129 133 
402 392 401 
119 267 120 
267 266 120 
414 402 401 
413 414 401 
266 123 120 
121 412 120 
400 413 401 
391 400 401 
392 391 401 
416 412 121 
417 416 121 
142 59 144 
145 142 144 
412 119 120 
149 145 144 
148 149 144 
112 113 91 
173 172 101 
172 99 101 
247 422 127 
216 226 217 
202 216 217 
203 202 217 
422 421 127 
218 203 217 
227 218 217 
421 420 127 
420 129 127 
174 173 116 
129 128 127 
128 247 127 
226 227 217 
36 37 222 
113 93 91 
93 92 91 
232 36 222 
231 232 222 
221 231 222 
212 221 222 
92 100 91 
37 212 222 
219 209 218 
100 157 91 
121 120 122 
120 123 122 
126 264 141 
264 263 141 
228 219 218 
263 241 141 
106 181 111 
227 228 218 
209 203 218 
377 368 367 
376 377 367 
176 175 103 
170 176 103 
366 376 367 
357 366 367 
169 170 103 
358 357 367 
181 182 111 
114 108 111 
108 106 111 
183 118 115 
368 358 367 
118 117 115 
117 114 115 
114 111 115 
362 352 361 
111 182 115 
182 183 115 
371 362 361 
370 371 361 
360 370 361 
133 138 139 
157 112 91 
156 155 112 
157 156 112 
351 360 361 
419 418 134 
204 140 97 
103 175 102 
175 174 102 
174 116 102 
352 351 361 
140 96 97 
96 126 97 
237 228 227 
236 237 227 
27 28 324 
126 141 97 
226 236 227 
146 151 153 
184 169 98 
118 184 98 
152 157 100 
330 247 208 
309 330 208 
207 309 208 
99 152 100 
123 126 125 
285 286 276 
275 285 276 
260 275 276 
261 260 276 
277 261 276 
286 277 276 
88 110 137 
167 88 137 
166 167 137 
136 166 137 
110 136 137 
352 340 339 
351 352 339 
338 351 339 
328 338 339 
329 328 339 
340 329 339 
16 17 330 
309 16 330 
17 247 330 
18 19 422 
170 171 177 
176 170 177 
42 176 177 
41 42 177 
40 41 177 
171 40 177 
333 334 323 
314 313 323 
324 314 323 
334 324 323 
3 135 109 
2 3 109 
90 2 109 
110 90 109 
136 110 109 
135 136 109 
39 40 187 
197 39 187 
196 197 187 
186 196 187 
171 186 187 
40 171 187 
74 301 291 
73 74 291 
281 73 291 
282 281 291 
292 282 291 
301 292 291 
282 292 283 
273 282 283 
274 273 283 
284 274 283 
44 45 158 
45 47 158 
47 48 158 
293 284 283 
292 293 283 
122 123 125 
124 122 125 
117 118 98 
150 156 157 
53 150 157 
52 53 157 
152 52 157 
164 263 264 
165 164 264 
265 165 264 
169 103 94 
116 117 94 
121 122 124 
102 116 94 
349 308 348 
14 349 348 
378 14 348 
347 378 348 
307 347 348 
308 307 348 
278 287 288 
279 278 288 
289 279 288 
298 289 288 
297 298 288 
287 297 288 
355 364 365 
356 355 365 
366 356 365 
375 366 365 
374 375 365 
364 374 365 
85 86 410 
413 85 410 
414 413 410 
411 414 410 
268 411 410 
86 268 410 
327 318 317 
326 327 317 
316 326 317 
29 30 300 
303 316 317 
304 303 317 
318 304 317 
240 252 242 
231 240 242 
232 231 242 
243 232 242 
253 243 242 
252 253 242 
72 73 281 
271 72 281 
272 271 281 
282 272 281 
331 340 341 
51 52 152 
354 342 341 
353 354 341 
340 353 341 
310 297 296 
305 310 296 
295 305 296 
286 295 296 
287 286 296 
297 287 296 
304 318 305 
295 304 305 
319 310 305 
318 319 305 
356 344 343 
355 356 343 
342 355 343 
333 342 343 
334 333 343 
344 334 343 
354 364 355 
342 354 355 
408 399 398 
407 408 398 
397 407 398 
388 397 398 
389 388 398 
399 389 398 
269 279 270 
254 269 270 
33 254 270 
32 33 270 
280 32 270 
279 280 270 
295 286 285 
275 284 285 
81 82 380 
381 370 380 
390 381 380 
82 390 380 
66 67 213 
302 292 301 
315 302 301 
75 315 301 
74 75 301 
205 307 206 
103 102 94 
139 138 124 
206 130 131 
308 207 206 
307 308 206 
251 239 250 
260 251 250 
259 260 250 
249 259 250 
238 249 250 
239 238 250 
404 416 417 
405 404 417 
418 405 417 
205 206 131 
140 205 131 
139 140 131 
229 219 228 
238 229 228 
237 238 228 
262 252 261 
277 262 261 
251 260 261 
252 251 261 
312 311 321 
320 331 321 
311 320 321 
58 59 142 
56 58 142 
55 56 142 
145 55 142 
350 351 338 
337 350 338 
327 337 338 
328 327 338 
14 15 349 
309 308 349 
15 309 349 
418 406 405 
395 404 405 
396 395 405 
406 396 405 
26 27 335 
345 26 335 
344 345 335 
334 344 335 
324 334 335 
27 324 335 
415 412 416 
403 415 416 
404 403 416 
133 139 131 
130 133 131 
87 88 167 
414 411 412 
415 414 412 
133 129 132 
210 219 220 
211 210 220 
221 211 220 
230 221 220 
229 230 220 
219 229 220 
384 374 373 
383 384 373 
372 383 373 
363 372 373 
364 363 373 
374 364 373 
54 55 145 
150 54 145 
149 150 145 
272 282 273 
257 272 273 
78 79 346 
258 257 273 
274 258 273 
320 319 329 
331 320 329 
340 331 329 
319 328 329 
381 371 370 
179 178 188 
189 179 188 
198 189 188 
65 198 188 
64 65 188 
178 64 188 
235 226 225 
234 235 225 
224 234 225 
215 224 225 
216 215 225 
226 216 225 
4 5 164 
135 4 164 
165 135 164 
5 263 164 
253 269 254 
243 253 254 
34 243 254 
33 34 254 
246 236 235 
245 246 235 
234 245 235 
236 226 235 
138 133 132 
161 172 173 
162 161 173 
174 162 173 
134 138 132 
43 44 160 
168 43 160 
163 168 160 
159 163 160 
158 159 160 
44 158 160 
185 186 170 
169 185 170 
37 38 212 
419 134 132 
420 419 132 
186 171 170 
31 32 280 
290 31 280 
289 290 280 
279 289 280 
255 271 256 
245 255 256 
246 245 256 
257 246 256 
272 257 256 
271 272 256 
175 168 163 
174 175 163 
162 174 163 
159 162 163 
13 14 378 
11 13 378 
10 11 378 
347 10 378 
209 219 210 
195 209 210 
196 195 210 
211 196 210 
392 402 393 
69 70 244 
383 392 393 
384 383 393 
394 384 393 
403 394 393 
402 403 393 
311 297 310 
320 311 310 
319 320 310 
346 350 337 
336 346 337 
326 336 337 
327 326 337 
25 26 345 
358 25 345 
49 50 161 
357 358 345 
344 357 345 
325 326 316 
315 325 316 
302 315 316 
303 302 316 
35 36 232 
243 35 232 
230 240 231 
221 230 231 
189 190 180 
179 189 180 
129 420 132 
274 284 275 
259 274 275 
260 259 275 
257 248 246 
248 236 246 
238 237 249 
258 259 249 
248 258 249 
237 248 249 
201 215 216 
202 201 216 
106 108 105 
185 169 184 
63 64 178 
194 185 184 
193 194 184 
183 193 184 
77 336 325 
76 77 325 
315 76 325 
336 326 325 
239 229 238 
318 328 319 
62 151 146 
61 62 146 
244 255 245 
234 244 245 
75 76 315 
299 298 312 
313 299 312 
298 311 312 
89 90 110 
88 89 110 
65 66 198 
199 189 198 
213 199 198 
22 23 379 
66 213 198 
382 371 381 
391 382 381 
390 391 381 
397 396 406 
407 397 406 
419 407 406 
418 419 406 
266 167 166 
265 266 166 
385 375 374 
165 265 166 
136 165 166 
278 262 277 
287 278 277 
286 287 277 
302 303 293 
292 302 293 
248 257 258 
274 259 258 
240 239 251 
252 240 251 
388 379 377 
387 388 377 
376 387 377 
379 368 377 
197 196 211 
212 197 211 
221 212 211 
104 106 105 
50 51 172 
161 50 172 
289 298 299 
290 289 299 
300 290 299 
313 300 299 
402 414 415 
403 402 415 
340 352 353 
363 354 353 
362 363 353 
352 362 353 
400 84 413 
84 85 413 
388 387 397 
387 396 397 
53 54 150 
149 156 150 
153 104 105 
396 387 386 
387 376 386 
376 375 386 
375 385 386 
154 153 105 
306 307 205 
204 306 205 
107 154 105 
108 107 105 
241 204 97 
148 154 155 
82 83 390 
149 148 155 
156 149 155 
399 408 409 
20 399 409 
19 20 409 
422 19 409 
421 422 409 
408 421 409 
394 403 404 
395 394 404 
347 307 306 
9 347 306 
8 9 306 
204 8 306 
158 48 159 
48 49 159 
49 161 159 
420 407 419 
269 262 278 
279 269 278 
30 31 290 
300 30 290 
202 192 201 
200 215 201 
191 200 201 
192 191 201 
193 202 203 
194 193 203 
209 194 203 
214 215 200 
199 214 200 
190 199 200 
191 190 200 
309 207 308 
21 389 399 
20 21 399 
372 362 371 
382 372 371 
28 29 314 
324 28 314 
300 313 314 
29 300 314 
357 356 366 
375 376 366 
389 379 388 
382 392 383 
372 382 383 
391 390 400 
83 84 400 
390 83 400 
239 230 229 
195 186 185 
194 195 185 
192 202 193 
183 192 193 
356 357 344 
6 7 241 
263 6 241 
7 204 241 
407 420 408 
196 186 195 
194 209 195 
237 236 248 
392 382 391 
21 22 389 
22 379 389 
168 175 176 
42 168 176 
214 224 215 
214 223 224 
3 4 135 
165 136 135 
192 183 182 
191 192 182 
204 205 140 
77 78 336 
78 346 336 
350 359 360 
351 350 360 
7 8 204 
178 179 151 
63 178 151 
62 63 151 
394 385 384 
385 374 384 
71 72 271 
34 35 243 
255 71 271 
240 230 239 
24 358 368 
23 24 368 
379 23 368 
372 363 362 
214 213 223 
67 68 223 
212 38 197 
38 39 197 
213 67 223 
199 213 214 
42 43 168 
253 252 262 
269 253 262 
327 328 318 
79 80 359 
346 79 359 
350 346 359 
159 161 162 
5 6 263 
15 16 309 
167 266 267 
87 167 267 
268 87 267 
9 10 347 
24 25 358 
17 18 247 
141 241 97 
18 422 247 
298 297 311 
395 385 394 
386 385 395 
396 386 395 
86 87 268 
354 363 364 
70 71 255 
244 70 255 
199 190 189 
408 420 421 
