9.9800399201596801e-01 -9.9388379204892785e-01 
9.9800399201596801e-01 -8.1651376146788957e-01 
9.9800399201596801e-01 -6.3302752293577935e-01 
9.9800399201596801e-01 -4.4954128440366914e-01 
9.9800399201596801e-01 -2.6605504587155926e-01 
9.9800399201596801e-01 -8.2568807339449032e-02 
9.9800399201596801e-01 1.0091743119266119e-01 
9.9800399201596801e-01 2.8440366972477144e-01 
9.9800399201596801e-01 4.6788990825688165e-01 
9.9800399201596801e-01 6.5137614678899192e-01 
9.9800399201596801e-01 8.3486238532110191e-01 
9.9800399201596801e-01 9.9388379204893029e-01 
9.4011976047904167e-01 9.9388379204893018e-01 
8.8023952095808355e-01 9.9388379204893018e-01 
8.2035928143712533e-01 9.9388379204893018e-01 
7.6047904191616722e-01 9.9388379204893018e-01 
7.0059880239520911e-01 9.9388379204893018e-01 
6.4071856287425100e-01 9.9388379204893018e-01 
5.8083832335329277e-01 9.9388379204893018e-01 
5.2095808383233466e-01 9.9388379204893018e-01 
4.6107784431137661e-01 9.9388379204893018e-01 
4.0119760479041838e-01 9.9388379204893018e-01 
3.4131736526946038e-01 9.9388379204893018e-01 
2.8143712574850216e-01 9.9388379204893018e-01 
2.2155688622754402e-01 9.9388379204893018e-01 
1.6167664670658588e-01 9.9388379204893018e-01 
1.0179640718562774e-01 9.9388379204893018e-01 
4.1916167664669601e-02 9.9388379204893018e-01 
-1.7964071856288427e-02 9.9388379204893018e-01 
-7.7844311377246678e-02 9.9388379204893018e-01 
-1.3772455089820471e-01 9.9388379204893018e-01 
-1.9760479041916296e-01 9.9388379204893018e-01 
-2.5748502994012096e-01 9.9388379204893018e-01 
-3.1736526946107896e-01 9.9388379204893018e-01 
-3.7724550898203718e-01 9.9388379204893018e-01 
-4.3712574850299496e-01 9.9388379204893018e-01 
-4.9700598802395318e-01 9.9388379204893018e-01 
-5.5688622754491124e-01 9.9388379204893018e-01 
-6.1676646706586935e-01 9.9388379204893018e-01 
-6.7664670658682735e-01 9.9388379204893018e-01 
-7.3652694610778591e-01 9.9388379204893018e-01 
-7.9640718562874402e-01 9.9388379204893018e-01 
-8.5628742514970202e-01 9.9388379204893018e-01 
-9.1616766467066013e-01 9.9388379204893018e-01 
-9.7604790419161824e-01 9.9388379204893018e-01 
-9.9800399201596790e-01 9.9388379204893007e-01 
-9.9800399201596801e-01 8.1651376146788990e-01 
-9.9800399201596801e-01 6.3302752293578002e-01 
-9.9800399201596801e-01 4.4954128440366981e-01 
-9.9800399201596801e-01 2.6605504587155959e-01 
-9.9800399201596801e-01 8.2568807339449712e-02 
-9.9800399201596801e-01 -1.0091743119266051e-01 
-9.9800399201596801e-01 -2.8440366972477071e-01 
-9.9800399201596801e-01 -4.6788990825688093e-01 
-9.9800399201596801e-01 -6.5137614678899114e-01 
-9.9800399201596801e-01 -8.3486238532110146e-01 
-9.9800399201596801e-01 -9.9388379204892774e-01 
-9.4011976047904178e-01 -9.9388379204892774e-01 
-8.8023952095808367e-01 -9.9388379204892774e-01 
-8.2035928143712533e-01 -9.9388379204892774e-01 
-7.6047904191616722e-01 -9.9388379204892774e-01 
-7.0059880239520922e-01 -9.9388379204892774e-01 
-6.4071856287425111e-01 -9.9388379204892774e-01 
-5.8083832335329277e-01 -9.9388379204892774e-01 
-5.2095808383233477e-01 -9.9388379204892774e-01 
-4.6107784431137672e-01 -9.9388379204892774e-01 
-4.0119760479041872e-01 -9.9388379204892774e-01 
-3.4131736526946072e-01 -9.9388379204892774e-01 
-2.8143712574850271e-01 -9.9388379204892774e-01 
-2.2155688622754446e-01 -9.9388379204892774e-01 
-1.6167664670658644e-01 -9.9388379204892774e-01 
-1.0179640718562818e-01 -9.9388379204892774e-01 
-4.1916167664670156e-02 -9.9388379204892774e-01 
1.7964071856288094e-02 -9.9388379204892774e-01 
7.7844311377246234e-02 -9.9388379204892774e-01 
1.3772455089820426e-01 -9.9388379204892774e-01 
1.9760479041916251e-01 -9.9388379204892774e-01 
2.5748502994012062e-01 -9.9388379204892774e-01 
3.1736526946107874e-01 -9.9388379204892774e-01 
3.7724550898203685e-01 -9.9388379204892774e-01 
4.3712574850299507e-01 -9.9388379204892774e-01 
4.9700598802395307e-01 -9.9388379204892774e-01 
5.5688622754491135e-01 -9.9388379204892774e-01 
6.1676646706586946e-01 -9.9388379204892774e-01 
6.7664670658682757e-01 -9.9388379204892774e-01 
7.3652694610778580e-01 -9.9388379204892774e-01 
7.9640718562874391e-01 -9.9388379204892774e-01 
8.5628742514970202e-01 -9.9388379204892774e-01 
9.1616766467066013e-01 -9.9388379204892774e-01 
9.7604790419161824e-01 -9.9388379204892774e-01 
-8.4529702927387396e-01 6.3407130207978890e-02 
-8.7777128113563230e-01 1.4708942550413492e-01 
-7.8152488120778196e-01 8.9746107987311030e-02 
7.9935561039346537e-01 -4.7247054053971602e-02 
8.5812638399649821e-01 -1.6434413330382768e-02 
-7.5419957733134779e-01 -4.7485105481070139e-01 
-8.0308211912620442e-01 -4.2765107805733610e-01 
-7.5179105375162925e-01 -3.0470732070098461e-01 
-8.0136387602429948e-01 -2.4052148134070370e-01 
-7.4929127907671678e-01 -1.2976651354948315e-01 
-8.5535511659157271e-01 -1.2057164034170614e-01 
-7.9946807510915563e-01 -5.4688648929649752e-02 
-7.4358103362673855e-01 1.1194342482406699e-02 
-9.1190560865372627e-01 6.8624107301961095e-03 
-7.3313593455355131e-01 1.4102146317967182e-01 
-8.4196926131132699e-01 2.9416747648312291e-01 
-7.6022162417006867e-01 2.6122788367865429e-01 
-8.0632985261980306e-01 3.7829851429815947e-01 
9.5194959371459709e-01 -7.5029693409055664e-01 
9.0589519541322616e-01 -8.6756634524533394e-01 
-7.3326591001885433e-01 4.5903958870642614e-01 
-7.2635913129237395e-01 6.0328380127588821e-01 
7.3142707468412926e-01 -5.9139275833576854e-01 
7.7301460295471258e-01 -4.7648628856040864e-01 
7.5147332940465861e-01 -3.5077543357589197e-01 
8.1570373227959259e-01 -3.5764798791959601e-01 
7.3953735736665727e-01 -1.5912966987047483e-01 
7.9639433983597574e-01 -2.1669515688201041e-01 
8.5325132230529432e-01 -2.7426064389354593e-01 
7.4469430250118085e-01 6.2289642060901940e-01 
7.8352326115975179e-01 4.6407422727604020e-01 
8.2715994492950773e-01 2.6339440736048031e-01 
7.6320614213218307e-01 2.8940982044316754e-01 
7.4352525410225467e-01 1.0520870717465064e-01 
8.0255762323583024e-01 1.3597666388609908e-01 
8.6158999236940581e-01 1.6674462059754755e-01 
9.1334678769855837e-01 -1.6878208312956450e-01 
9.1698457460076988e-01 1.4365247089715753e-02 
-9.3025373112929677e-01 -7.7049580060779588e-01 
-8.5220311101720525e-01 -8.6670542556602759e-01 
-8.8865333126689594e-01 -7.2112998660571337e-01 
-9.2510355151658663e-01 -5.7555454764539915e-01 
-7.4138335800957000e-01 -8.7142716561098155e-01 
-8.0884497408589906e-01 -8.1205383936025344e-01 
9.5307756924833686e-01 -5.7084956337456649e-01 
9.0815114648070583e-01 -6.9215784234546385e-01 
8.6322472371307468e-01 -8.1346612131636120e-01 
-8.4667677767191285e-01 -6.6982655772673483e-01 
-8.8450858125792664e-01 -5.2759927609321633e-01 
-9.2234038484394043e-01 -3.8537199445969772e-01 
-7.6585910047700811e-01 -7.5767534660588509e-01 
-8.0454991573350143e-01 -6.1763465428166264e-01 
-8.4324073098999475e-01 -4.7759396195744014e-01 
-8.8193154624648806e-01 -3.3755326963321769e-01 
-9.2062236150298138e-01 -1.9751257730899530e-01 
-9.4839622175244365e-01 7.5934496973937493e-01 
-9.3118645393163713e-01 6.2995895513623745e-01 
-8.8626003116400609e-01 7.5126723410713503e-01 
-9.5814242270653771e-01 3.7701085046380173e-01 
-9.1381932738678739e-01 5.0038543878082742e-01 
-8.6949623206703708e-01 6.2376002709785316e-01 
-8.2517313674728665e-01 7.4713461541487869e-01 
-7.8085004142753633e-01 8.7050920373190444e-01 
-6.9874127770181527e-01 -8.3972912426000401e-01 
-6.9653182059031660e-01 -6.5636783262911058e-01 
-6.9432236347881771e-01 -4.7300654099821715e-01 
-6.9211290636731904e-01 -2.8964524936732372e-01 
-6.8990344925582014e-01 -1.0628395773643030e-01 
-6.8769399214432148e-01 7.7077333894463113e-02 
-6.8548453503282258e-01 2.6043862552535652e-01 
-6.8327507792132380e-01 4.4379991715624995e-01 
-6.8106562080982491e-01 6.2716120878714332e-01 
-6.7885616369832624e-01 8.1052250041803675e-01 
9.5368089669621758e-01 -3.8942963418858473e-01 
9.0935780137646716e-01 -5.1280422250560997e-01 
8.6503470605671673e-01 -6.3617881082263539e-01 
8.2071161073696630e-01 -7.5955339913966091e-01 
-9.4033376831089233e-01 2.4611182135203202e-01 
-8.9638592469021483e-01 3.7074048313484842e-01 
-8.5243808106953733e-01 4.9536914491766476e-01 
-8.0849023744885984e-01 6.1999780670048110e-01 
-7.6454239382818234e-01 7.4462646848329739e-01 
-7.2059455020750485e-01 8.6925513026611378e-01 
-6.3886103818085738e-01 -8.3972912426000390e-01 
-6.3665158106935849e-01 -6.5636783262911047e-01 
-6.3444212395785970e-01 -4.7300654099821704e-01 
-6.3223266684636092e-01 -2.8964524936732361e-01 
-6.3002320973486214e-01 -1.0628395773643018e-01 
-6.2781375262336336e-01 7.7077333894463210e-02 
-6.2560429551186458e-01 2.6043862552535663e-01 
-6.2339483840036569e-01 4.4379991715625000e-01 
-6.2118538128886691e-01 6.2716120878714343e-01 
-6.1897592417736813e-01 8.1052250041803686e-01 
-5.7898079865989904e-01 -8.3972912426000412e-01 
-5.7677134154840015e-01 -6.5636783262911069e-01 
-5.7456188443690137e-01 -4.7300654099821721e-01 
-5.7235242732540259e-01 -2.8964524936732378e-01 
-5.7014297021390381e-01 -1.0628395773643037e-01 
-5.6793351310240503e-01 7.7077333894463029e-02 
-5.6572405599090636e-01 2.6043862552535646e-01 
-5.6351459887940758e-01 4.4379991715624989e-01 
-5.6130514176790880e-01 6.2716120878714332e-01 
-5.5909568465641002e-01 8.1052250041803675e-01 
-5.1910055913894093e-01 -8.3972912426000401e-01 
-5.1689110202744215e-01 -6.5636783262911058e-01 
-5.1468164491594337e-01 -4.7300654099821721e-01 
-5.1247218780444470e-01 -2.8964524936732378e-01 
-5.1026273069294581e-01 -1.0628395773643037e-01 
-5.0805327358144714e-01 7.7077333894463057e-02 
-5.0584381646994825e-01 2.6043862552535646e-01 
-5.0363435935844947e-01 4.4379991715624989e-01 
-5.0142490224695069e-01 6.2716120878714332e-01 
-4.9921544513545196e-01 8.1052250041803675e-01 
9.2062236150298138e-01 1.9751257730899599e-01 
8.8193154624648817e-01 3.3755326963321863e-01 
8.4324073098999486e-01 4.7759396195744103e-01 
8.0454991573350154e-01 6.1763465428166353e-01 
7.6585910047700834e-01 7.5767534660588620e-01 
-4.5922031961798288e-01 -8.3972912426000401e-01 
-4.5701086250648409e-01 -6.5636783262911058e-01 
-4.5480140539498526e-01 -4.7300654099821721e-01 
-4.5259194828348648e-01 -2.8964524936732378e-01 
-4.5038249117198770e-01 -1.0628395773643037e-01 
-4.4817303406048897e-01 7.7077333894463057e-02 
-4.4596357694899014e-01 2.6043862552535646e-01 
-4.4375411983749136e-01 4.4379991715624989e-01 
-4.4154466272599258e-01 6.2716120878714332e-01 
-4.3933520561449374e-01 8.1052250041803675e-01 
-3.9934008009702487e-01 -8.3972912426000412e-01 
-3.9713062298552615e-01 -6.5636783262911069e-01 
-3.9492116587402737e-01 -4.7300654099821721e-01 
-3.9271170876252859e-01 -2.8964524936732378e-01 
-3.9050225165102981e-01 -1.0628395773643037e-01 
-3.8829279453953108e-01 7.7077333894463057e-02 
9.5405614839529052e-01 -2.0719746912226530e-01 
9.1010830477461291e-01 -3.3182613090508145e-01 
8.6616046115393541e-01 -4.5645479268789774e-01 
8.2221261753325792e-01 -5.8108345447071419e-01 
7.7826477391258042e-01 -7.0571211625353047e-01 
7.3431693029190293e-01 -8.3034077803634676e-01 
-3.8608333742803225e-01 2.6043862552535646e-01 
-3.8387388031653347e-01 4.4379991715624989e-01 
-3.8166442320503474e-01 6.2716120878714332e-01 
-3.7945496609353596e-01 8.1052250041803675e-01 
-3.3945984057606687e-01 -8.3972912426000401e-01 
-3.3725038346456809e-01 -6.5636783262911058e-01 
-3.3504092635306926e-01 -4.7300654099821721e-01 
-3.3283146924157048e-01 -2.8964524936732378e-01 
-3.3062201213007170e-01 -1.0628395773643037e-01 
-3.2841255501857297e-01 7.7077333894463057e-02 
-3.2620309790707414e-01 2.6043862552535646e-01 
-3.2399364079557536e-01 4.4379991715624989e-01 
-3.2178418368407657e-01 6.2716120878714332e-01 
-3.1957472657257774e-01 8.1052250041803675e-01 
-2.7957960105510887e-01 -8.3972912426000401e-01 
-2.7737014394361009e-01 -6.5636783262911058e-01 
-2.7516068683211126e-01 -4.7300654099821721e-01 
-2.7295122972061248e-01 -2.8964524936732378e-01 
-2.7074177260911370e-01 -1.0628395773643037e-01 
-2.6853231549761497e-01 7.7077333894463057e-02 
-2.6632285838611613e-01 2.6043862552535646e-01 
-2.6411340127461735e-01 4.4379991715624989e-01 
-2.6190394416311857e-01 6.2716120878714332e-01 
-2.5969448705161974e-01 8.1052250041803675e-01 
-2.1969936153415065e-01 -8.3972912426000412e-01 
-2.1748990442265190e-01 -6.5636783262911069e-01 
-2.1528044731115312e-01 -4.7300654099821726e-01 
-2.1307099019965436e-01 -2.8964524936732383e-01 
-2.1086153308815558e-01 -1.0628395773643040e-01 
-2.0865207597665683e-01 7.7077333894463029e-02 
-2.0644261886515802e-01 2.6043862552535646e-01 
-2.0423316175365930e-01 4.4379991715624989e-01 
-2.0202370464216049e-01 6.2716120878714332e-01 
-1.9981424753066176e-01 8.1052250041803675e-01 
-1.5981912201319262e-01 -8.3972912426000412e-01 
-1.5760966490169381e-01 -6.5636783262911069e-01 
-1.5540020779019503e-01 -4.7300654099821726e-01 
9.2234038484394054e-01 3.8537199445969850e-01 
8.8450858125792686e-01 5.2759927609321722e-01 
8.4667677767191307e-01 6.6982655772673572e-01 
8.0884497408589928e-01 8.1205383936025444e-01 
-1.5319075067869622e-01 -2.8964524936732383e-01 
-1.5098129356719742e-01 -1.0628395773643040e-01 
-1.4877183645569866e-01 7.7077333894463029e-02 
-1.4656237934419986e-01 2.6043862552535646e-01 
-1.4435292223270108e-01 4.4379991715624989e-01 
-1.4214346512120229e-01 6.2716120878714332e-01 
-1.3993400800970351e-01 8.1052250041803675e-01 
-9.9938882492234371e-02 -8.3972912426000423e-01 
-9.7729425380735604e-02 -6.5636783262911080e-01 
-9.5519968269236838e-02 -4.7300654099821737e-01 
-9.3310511157738071e-02 -2.8964524936732394e-01 
-9.1101054046239291e-02 -1.0628395773643051e-01 
-8.8891596934740524e-02 7.7077333894462918e-02 
-8.6682139823241758e-02 2.6043862552535635e-01 
-8.4472682711742991e-02 4.4379991715624978e-01 
-8.2263225600244225e-02 6.2716120878714321e-01 
-8.0053768488745444e-02 8.1052250041803664e-01 
-4.0058642971276329e-02 -8.3972912426000412e-01 
-3.7849185859777541e-02 -6.5636783262911069e-01 
-3.5639728748278747e-02 -4.7300654099821721e-01 
7.4138335800957011e-01 8.7142716561098299e-01 
-3.3430271636779960e-02 -2.8964524936732378e-01 
-3.1220814525281172e-02 -1.0628395773643035e-01 
-2.9011357413782378e-02 7.7077333894463057e-02 
-2.6801900302283591e-02 2.6043862552535646e-01 
-2.4592443190784800e-02 4.4379991715624989e-01 
-2.2382986079286005e-02 6.2716120878714332e-01 
-2.0173528967787218e-02 8.1052250041803675e-01 
1.9821596549681901e-02 -8.3972912426000412e-01 
2.2031053661180671e-02 -6.5636783262911069e-01 
2.4240510772679441e-02 -4.7300654099821726e-01 
2.6449967884178211e-02 -2.8964524936732383e-01 
2.8659424995676981e-02 -1.0628395773643040e-01 
3.0868882107175751e-02 7.7077333894463029e-02 
3.3078339218674521e-02 2.6043862552535646e-01 
3.5287796330173295e-02 4.4379991715624989e-01 
3.7497253441672061e-02 6.2716120878714332e-01 
9.2510355151658674e-01 5.7555454764540004e-01 
8.8865333126689616e-01 7.2112998660571437e-01 
8.5220311101720558e-01 8.6670542556602870e-01 
3.9706710553170835e-02 8.1052250041803675e-01 
7.9701836070640047e-02 -8.3972912426000412e-01 
8.1911293182138814e-02 -6.5636783262911069e-01 
8.4120750293637581e-02 -4.7300654099821726e-01 
8.6330207405136347e-02 -2.8964524936732383e-01 
8.8539664516635128e-02 -1.0628395773643040e-01 
9.0749121628133894e-02 7.7077333894463029e-02 
9.2958578739632661e-02 2.6043862552535646e-01 
9.5168035851131427e-02 4.4379991715624989e-01 
9.7377492962630208e-02 6.2716120878714332e-01 
9.9586950074128974e-02 8.1052250041803675e-01 
1.3958207559159808e-01 -8.3972912426000412e-01 
1.4179153270309683e-01 -6.5636783262911069e-01 
1.4400098981459561e-01 -4.7300654099821726e-01 
1.4621044692609442e-01 -2.8964524936732383e-01 
1.4841990403759320e-01 -1.0628395773643040e-01 
1.5062936114909195e-01 7.7077333894463029e-02 
1.5283881826059076e-01 2.6043862552535646e-01 
1.5504827537208954e-01 4.4379991715624989e-01 
1.5725773248358832e-01 6.2716120878714332e-01 
1.5946718959508707e-01 8.1052250041803675e-01 
1.9946231511255633e-01 -8.3972912426000412e-01 
2.0167177222405511e-01 -6.5636783262911069e-01 
2.0388122933555389e-01 -4.7300654099821721e-01 
2.0609068644705264e-01 -2.8964524936732378e-01 
2.0830014355855142e-01 -1.0628395773643035e-01 
2.1050960067005017e-01 7.7077333894463057e-02 
2.1271905778154895e-01 2.6043862552535646e-01 
9.3025373112929688e-01 7.7049580060779688e-01 
2.1492851489304771e-01 4.4379991715624989e-01 
2.1713797200454649e-01 6.2716120878714332e-01 
2.1934742911604524e-01 8.1052250041803675e-01 
2.5934255463351447e-01 -8.3972912426000412e-01 
2.6155201174501319e-01 -6.5636783262911069e-01 
2.6376146885651197e-01 -4.7300654099821721e-01 
2.6597092596801075e-01 -2.8964524936732378e-01 
2.6818038307950953e-01 -1.0628395773643037e-01 
2.7038984019100826e-01 7.7077333894463057e-02 
2.7259929730250709e-01 2.6043862552535646e-01 
2.7480875441400587e-01 4.4379991715624989e-01 
2.7701821152550460e-01 6.2716120878714332e-01 
2.7922766863700338e-01 8.1052250041803675e-01 
3.1922279415447258e-01 -8.3972912426000412e-01 
3.2143225126597130e-01 -6.5636783262911069e-01 
3.2364170837747014e-01 -4.7300654099821726e-01 
3.2585116548896892e-01 -2.8964524936732383e-01 
3.2806062260046764e-01 -1.0628395773643039e-01 
3.3027007971196648e-01 7.7077333894463029e-02 
3.3247953682346526e-01 2.6043862552535646e-01 
3.3468899393496404e-01 4.4379991715624989e-01 
3.3689845104646282e-01 6.2716120878714332e-01 
3.3910790815796160e-01 8.1052250041803675e-01 
3.7910303367543069e-01 -8.3972912426000412e-01 
3.8131249078692941e-01 -6.5636783262911069e-01 
3.8352194789842819e-01 -4.7300654099821721e-01 
3.8573140500992698e-01 -2.8964524936732378e-01 
3.8794086212142576e-01 -1.0628395773643037e-01 
3.9015031923292448e-01 7.7077333894463057e-02 
3.9235977634442332e-01 2.6043862552535646e-01 
3.9456923345592210e-01 4.4379991715624989e-01 
3.9677869056742082e-01 6.2716120878714332e-01 
3.9898814767891960e-01 8.1052250041803675e-01 
4.3898327319638891e-01 -8.3972912426000412e-01 
4.4119273030788764e-01 -6.5636783262911069e-01 
4.4340218741938642e-01 -4.7300654099821721e-01 
4.4561164453088520e-01 -2.8964524936732378e-01 
4.4782110164238398e-01 -1.0628395773643037e-01 
4.5003055875388270e-01 7.7077333894463057e-02 
4.5224001586538154e-01 2.6043862552535646e-01 
4.5444947297688032e-01 4.4379991715624989e-01 
4.5665893008837904e-01 6.2716120878714332e-01 
4.5886838719987783e-01 8.1052250041803675e-01 
4.9886351271734691e-01 -8.3972912426000412e-01 
5.0107296982884564e-01 -6.5636783262911069e-01 
5.0328242694034442e-01 -4.7300654099821721e-01 
5.0549188405184320e-01 -2.8964524936732378e-01 
5.0770134116334198e-01 -1.0628395773643037e-01 
5.0991079827484076e-01 7.7077333894463029e-02 
5.1212025538633943e-01 2.6043862552535646e-01 
5.1432971249783832e-01 4.4379991715624989e-01 
5.1653916960933710e-01 6.2716120878714332e-01 
5.1874862672083599e-01 8.1052250041803675e-01 
5.5874375223830508e-01 -8.3972912426000401e-01 
5.6095320934980386e-01 -6.5636783262911058e-01 
5.6316266646130264e-01 -4.7300654099821721e-01 
5.6537212357280131e-01 -2.8964524936732378e-01 
5.6758158068430020e-01 -1.0628395773643037e-01 
5.6979103779579887e-01 7.7077333894463057e-02 
5.7200049490729776e-01 2.6043862552535646e-01 
5.7420995201879654e-01 4.4379991715624989e-01 
5.7641940913029532e-01 6.2716120878714332e-01 
5.7862886624179410e-01 8.1052250041803675e-01 
6.1862399175926319e-01 -8.3972912426000412e-01 
6.2083344887076208e-01 -6.5636783262911069e-01 
6.2304290598226086e-01 -4.7300654099821721e-01 
6.2525236309375964e-01 -2.8964524936732378e-01 
6.2746182020525842e-01 -1.0628395773643037e-01 
6.2967127731675721e-01 7.7077333894463029e-02 
6.3188073442825587e-01 2.6043862552535646e-01 
6.9838934528371033e-01 8.1052250041803675e-01 
6.9617988817221155e-01 6.2716120878714332e-01 
6.9397043106071277e-01 4.4379991715624989e-01 
6.9176097394921399e-01 2.6043862552535646e-01 
6.8955151683771532e-01 7.7077333894463029e-02 
6.8734205972621654e-01 -1.0628395773643037e-01 
6.8513260261471776e-01 -2.8964524936732378e-01 
6.8292314550321898e-01 -4.7300654099821721e-01 
6.8071368839172020e-01 -6.5636783262911069e-01 
6.7850423128022130e-01 -8.3972912426000412e-01 
6.3409019153975466e-01 4.4379991715624989e-01 
6.3629964865125344e-01 6.2716120878714332e-01 
6.3850910576275222e-01 8.1052250041803675e-01 
