          12
           1
          27
           1   0.0000000000000000     
          26   1.0060607782524243E-002
          25   4.0060607782524210E-002
          24   7.0060607782524209E-002
          23  0.10006060778252421     
          22  0.13006060778252421     
          21  0.16006060778252423     
          20  0.19006060778252423     
          19  0.22006060778252423     
          18  0.25006060778252420     
          17  0.28006060778252417     
          16  0.31006060778252420     
          15  0.34006060778252423     
          14  0.37006060778252425     
          13  0.40006060778252428     
          12  0.43006060778252425     
          11  0.46006060778252428     
          10  0.49006060778252425     
           9  0.52006060778252428     
           8  0.55006060778252419     
           7  0.58006060778252422     
           6  0.61006060778252424     
           5  0.64006060778252427     
           4  0.67006060778252430     
           3  0.70006060778252432     
           2  0.73006060778252435     
          27  0.75767240447772732     
           2
          35
           1   0.0000000000000000     
         503   1.5050505050504991E-002
         502   4.5050505050504980E-002
         501   7.5050505050504965E-002
         500  0.10505050505050495     
         499  0.13505050505050498     
         498  0.16505050505050498     
         497  0.19505050505050497     
         496  0.22505050505050500     
         495  0.25505050505050497     
         494  0.28505050505050494     
         493  0.31505050505050491     
         492  0.34505050505050489     
         491  0.37505050505050486     
         490  0.40505050505050488     
         489  0.43505050505050485     
         488  0.46505050505050483     
         487  0.49505050505050485     
         486  0.52505050505050488     
         485  0.55505050505050491     
         484  0.58505050505050493     
         483  0.61505050505050496     
         482  0.64505050505050499     
         481  0.67505050505050501     
         480  0.70505050505050504     
         479  0.73505050505050507     
         478  0.76505050505050509     
         477  0.79505050505050512     
         476  0.82505050505050515     
         475  0.85505050505050517     
         474  0.88505050505050509     
         473  0.91505050505050511     
         472  0.94505050505050514     
         471  0.97505050505050517     
         260  0.99999999999999500     
           3
          12
           1   0.0000000000000000     
          61   2.8371717171669641E-002
          62   5.8371717171669668E-002
          63   8.8371717171669695E-002
          64  0.11837171717166972     
          65  0.14837171717166975     
          66  0.17837171717166977     
          67  0.20837171717166980     
          68  0.23837171717166983     
          69  0.26837171717166985     
          70  0.29837171717166988     
          60  0.32240000000000263     
           4
          12
          27   0.0000000000000000     
          37   2.5430690733576566E-002
          36   5.5430690733576593E-002
          35   8.5430690733576620E-002
          34  0.11543069073357665     
          33  0.14543069073357662     
          32  0.17543069073357659     
          31  0.20543069073357662     
          30  0.23543069073357659     
          29  0.26543069073357661     
          28  0.29543069073357664     
          38  0.32379536062938519     
           5
          35
          27   0.0000000000000000     
         521   2.4949494949486631E-002
         522   5.4949494949486657E-002
         523   8.4949494949486656E-002
         524  0.11494949494948666     
         525  0.14494949494948667     
         526  0.17494949494948664     
         527  0.20494949494948661     
         528  0.23494949494948664     
         529  0.26494949494948666     
         530  0.29494949494948663     
         531  0.32494949494948666     
         532  0.35494949494948669     
         533  0.38494949494948671     
         534  0.41494949494948674     
         535  0.44494949494948671     
         536  0.47494949494948668     
         520  0.49999999999999872     
         504  0.52999999999999869     
         505  0.55999999999999872     
         506  0.58999999999999875     
         507  0.61999999999999877     
         508  0.64999999999999880     
         509  0.67999999999999883     
         510  0.70999999999999885     
         511  0.73999999999999888     
         512  0.76999999999999891     
         513  0.79999999999999893     
         514  0.82999999999999896     
         515  0.85999999999999899     
         516  0.88999999999999901     
         517  0.91999999999999904     
         518  0.94999999999999907     
         519  0.97999999999999909     
         234  0.99999999999999833     
           6
          23
          38   0.0000000000000000     
          59   1.4254847137950248E-002
          58   2.2195374717401857E-002
          57   3.8076429876296364E-002
          56   4.6016957455745397E-002
          55   5.3957485035195589E-002
          54   6.9838540194095119E-002
          53   8.5719595352993838E-002
          52   9.3660122932443468E-002
          51  0.10160065051189340     
          50  0.10954117809134344     
          49  0.12542223325024257     
          48  0.14130328840914133     
          47  0.14924381598859091     
          46  0.15718434356804073     
          45  0.16512487114749075     
          44  0.18100592630639048     
          43  0.19688698146528871     
          42  0.21276803662418503     
          41  0.22070856420363363     
          40  0.22864909178308448     
          39  0.23658961936253753     
          60  0.25120284936486836     
           7
          35
          38   0.0000000000000000     
        1442   1.9999999999999827E-002
        1441   4.9999999999999808E-002
        1440   7.9999999999999807E-002
        1439  0.10999999999999979     
        1438  0.13999999999999979     
        1437  0.16999999999999976     
        1436  0.19999999999999976     
        1435  0.22999999999999976     
        1434  0.25999999999999973     
        1433  0.28999999999999976     
        1432  0.31999999999999978     
        1431  0.34999999999999976     
        1430  0.37999999999999973     
        1429  0.40999999999999975     
        1428  0.43999999999999978     
        1427  0.46999999999999981     
        1443  0.49999999999999978     
        1459  0.52505050505050765     
        1458  0.55505050505050768     
        1457  0.58505050505050771     
        1456  0.61505050505050773     
        1455  0.64505050505050776     
        1454  0.67505050505050779     
        1453  0.70505050505050781     
        1452  0.73505050505050773     
        1451  0.76505050505050765     
        1450  0.79505050505050767     
        1449  0.82505050505050770     
        1448  0.85505050505050773     
        1447  0.88505050505050775     
        1446  0.91505050505050767     
        1445  0.94505050505050769     
        1444  0.97505050505050761     
         293  0.99999999999999767     
           8
          35
          60   0.0000000000000000     
        1460   2.4949494949497969E-002
        1461   5.4949494949497954E-002
        1462   8.4949494949497939E-002
        1463  0.11494949494949794     
        1464  0.14494949494949791     
        1465  0.17494949494949791     
        1466  0.20494949494949793     
        1467  0.23494949494949793     
        1468  0.26494949494949793     
        1469  0.29494949494949796     
        1470  0.32494949494949793     
        1471  0.35494949494949790     
        1472  0.38494949494949787     
        1473  0.41494949494949784     
        1474  0.44494949494949781     
        1475  0.47494949494949779     
        1476  0.50494949494949770     
        1477  0.53494949494949773     
        1478  0.56494949494949775     
        1479  0.59494949494949767     
        1480  0.62494949494949770     
        1481  0.65494949494949761     
        1482  0.68494949494949764     
        1483  0.71494949494949767     
        1484  0.74494949494949769     
        1485  0.77494949494949772     
        1486  0.80494949494949775     
        1487  0.83494949494949777     
        1488  0.86494949494949780     
        1489  0.89494949494949783     
        1490  0.92494949494949785     
        1491  0.95494949494949788     
        1492  0.98494949494949791     
         271  0.99999999999999722     
           9
          27
         234   0.0000000000000000     
         259   1.0192818673808409E-002
         258   4.0192818673808431E-002
         257   7.0192818673808444E-002
         256  0.10019281867380844     
         255  0.13019281867380844     
         254  0.16019281867380844     
         253  0.19019281867380844     
         252  0.22019281867380844     
         251  0.25019281867380838     
         250  0.28019281867380835     
         249  0.31019281867380832     
         248  0.34019281867380829     
         247  0.37019281867380832     
         246  0.40019281867380829     
         245  0.43019281867380826     
         244  0.46019281867380829     
         243  0.49019281867380826     
         242  0.52019281867380818     
         241  0.55019281867380820     
         240  0.58019281867380823     
         239  0.61019281867380826     
         238  0.64019281867380828     
         237  0.67019281867380831     
         236  0.70019281867380834     
         235  0.73019281867380825     
         260  0.75767244786874932     
          10
          12
         234   0.0000000000000000     
         294   2.8364669895815986E-002
         295   5.8364669895815957E-002
         296   8.8364669895815984E-002
         297  0.11836466989581601     
         298  0.14836466989581598     
         299  0.17836466989581595     
         300  0.20836466989581598     
         301  0.23836466989581601     
         302  0.26836466989581598     
         303  0.29836466989581600     
         293  0.32379536062938941     
          11
          12
         260   0.0000000000000000     
         270   2.4028282828282788E-002
         269   5.4028282828282814E-002
         268   8.4028282828282841E-002
         267  0.11402828282828287     
         266  0.14402828282828284     
         265  0.17402828282828281     
         264  0.20402828282828284     
         263  0.23402828282828286     
         262  0.26402828282828283     
         261  0.29402828282828286     
         271  0.32239999999999697     
          12
          23
         271   0.0000000000000000     
         292   1.4254847138107906E-002
         291   3.0135902297005239E-002
         290   4.6016957455902327E-002
         289   5.3957485035351430E-002
         288   6.1898012614800962E-002
         287   6.9838540194250814E-002
         286   7.7779067773700833E-002
         285   8.5719595353150865E-002
         284  0.10160065051205006     
         283  0.11748170567094879     
         282  0.12542223325039834     
         281  0.13336276082984816     
         280  0.14130328840929818     
         279  0.15718434356819747     
         278  0.17306539872709617     
         277  0.18100592630654588     
         276  0.18894645388599615     
         275  0.20482750904489433     
         274  0.22070856420378859     
         273  0.22864909178323989     
         272  0.23658961936269654     
         293  0.25120284936486836     
