           2
           1
          33
        6822
        6815
        6816
        6817
        6818
        6819
        6820
        6821
        6814
       11642
       11643
       11644
       11645
       11646
       11647
       11648
       11641
       16207
       16208
       16209
       16210
       16211
       16212
       16213
       16206
       20678
       20679
       20680
       20681
       20682
       20683
       20684
        6822
           2
          33
        8793
        8786
        8787
        8788
        8789
        8790
        8791
        8792
        8785
       13496
       13497
       13498
       13499
       13500
       13501
       13502
       13495
       18067
       18068
       18069
       18070
       18071
       18072
       18073
       18066
       22560
       22561
       22562
       22563
       22564
       22565
       22566
        8793
