          14
           0
           0
  -1.0000000000000000        1.0000000000000000       -1.0000000000000000        1.0000000000000000     
  -1.0000000000000000        1.0000000000000000       -1.0000000000000000        1.0000000000000000     
           4
           2           1
           7           2
          11          28
           1          29
           1
           1
           1
          29
 -0.99050044984649421       -1.0000000000000000      -0.99624268388044579      -0.98999999999994903        2.5214141414141404E-002  0.49936384237621445       -1.2377199383103798E-017
 -0.98999999999999089      -0.99000000000000843      -0.99000000000000388      -0.98999999999998833        2.7599999999998629E-002  0.49923765883594590        1.2487768383099089E-017
 -0.98093822152040411      -0.87466583557581268      -0.91784448123381712      -0.99000000000006605        5.5117100643425697E-002  0.49695281991017237        6.8982979822812418E-018
 -0.96428061559671741      -0.75016332799624075      -0.83944627858722887      -0.98999999999998312        8.4821638310389941E-002  0.49275276729241829        8.6447981068608360E-018
 -0.94058759945694315      -0.62694068628854749      -0.76104807594062618      -0.98999999999997457       0.11422081807943854       0.48677880471242463        3.5392277750468813E-017
 -0.90994446795914885      -0.50544151196287757      -0.68264987329402227      -0.98999999999999677       0.14320880290340277       0.47905243843547274        1.1534597561646494E-017
 -0.87246153637669177      -0.38610320204680842      -0.60425167064742280      -0.99000000000000543       0.17168123603691460       0.46960148338015173       -9.9665066405185705E-018
 -0.82827374326326475      -0.26935537445604013      -0.52585346800082244      -0.99000000000000032       0.19953561672069278       0.45845996298465974        1.0597832325712829E-017
 -0.77754016467408027      -0.15561832136989825      -0.44745526535421737      -0.98999999999999555       0.22667166918427567       0.44566798672242114        1.2337161983231260E-017
 -0.72044344149206663       -4.5301496179492237E-002 -0.36905706270760924      -0.98999999999999799       0.25299170363879475       0.43127160570798123        1.3406698348851172E-019
 -0.65718912192068335        6.1197960544494584E-002 -0.29065886006100261      -0.99000000000000310       0.27840096796021424       0.41532264691299281       -9.7706755924692850E-018
 -0.58800492151038997       0.16349665075785580      -0.21226065741440028      -0.99000000000000443       0.30280798879697723       0.39787852658911815       -1.2937651441514916E-017
 -0.51313990338266291       0.26122629917582363      -0.13386245476780081      -0.98999999999999932       0.32612490087407164       0.37900204356952338        6.7699858629159251E-018
 -0.43286358160276073       0.35403507906409276       -5.5464252121200694E-002 -0.98999999999999211       0.34826776330801978       0.35876115319307877       -3.7836432070875534E-018
 -0.34746495092908763       0.44158887881506381        2.2933950525401838E-002 -0.98999999999998922       0.36915686179405910       0.33722872266513904        1.3110462238496796E-017
 -0.25725144643206815       0.52357250474963191       0.10133215317200635      -0.98999999999999266       0.38871699557763961       0.31448226873560459        2.4139037818631381E-017
 -0.16254783672789191       0.59969081581443262       0.17973035581861035      -0.98999999999999888       0.40687774817714040       0.29060367863862174        9.0170553527920413E-018
  -6.3695054811495871E-002  0.66966978608963379       0.25812855846521282      -0.99000000000000166       0.42357374088320349       0.26567891529853987       -2.1059154416866668E-018
   3.8951029302220004E-002  0.73325749128224549       0.33652676111181490      -0.98999999999999977       0.43874486812208724       0.23979770786338339        1.3759141248526810E-018
  0.14502088971044660       0.79022501565357350       0.41492496375841947      -0.98999999999999488       0.45233651383573137       0.21305322867991866        6.0367350060980838E-018
  0.25413267491571678       0.84036727611587836       0.49332316640502744      -0.98999999999999555       0.46429974809956626       0.18554175787320593        7.1005227989924447E-018
  0.36589358249129267       0.88350376053149626       0.57172136905163351      -0.99000000000000188       0.47459150327024202       0.15736233673814942        3.7084197861923700E-018
  0.47990127316990083       0.91947917755653796       0.65011957169822998      -0.99000000000000499       0.48317472902914582       0.12861641119083592       -3.0321334830512272E-018
  0.59574531926509755       0.94816401568971875       0.72851777434481646      -0.98999999999999455       0.49001852576354721        9.9407466563236013E-002   4.0113038697045562E-017
  0.71300868221094116       0.96945500951374775       0.80691597699141326      -0.98999999999998378       0.49509825580519939        6.9840655056008241E-002  -1.0544599527758999E-017
  0.83126921390082698       0.98327551145082748       0.88531417963804748      -0.99000000000001909       0.49839563212594523        4.0022417190577884E-002  -8.1738120379034221E-018
  0.95010117642066261       0.98957576769401723       0.96371238228467082      -0.99000000000005794       0.49989878417103772        1.0060098623261828E-002   8.7373210410549141E-019
  0.98999999999999977       0.99000000000000676       0.98999999999999000      -0.98999999999999677       0.50000000000000211        5.4170479417972140E-018   1.5564655395095743E-017
   1.0000000000000000       0.98997335336597980       0.99658815296461389      -0.98999999999996657       0.49999364248994344       -2.5214023173543510E-003  -3.9033436525152453E-017
           0
           0
  -1.0000000000000000        1.0000000000000000       -1.0000000000000000        1.0000000000000000     
  -1.0000000000000000        1.0000000000000000       -1.0000000000000000        1.0000000000000000     
           4
           3           1
          12           2
           8          24
           4          25
           1
           1
           1
          25
  0.99503285291741039      -0.36131451433662509       -1.0000000000000000      -0.99000000000002331       0.17759546637746326       -1.2689847008882215E-003   5.9363041901965422E-018
  0.98999999999999055      -0.36129551227773088      -0.99000000000000354      -0.99000000000000365       0.17759999999999954       -1.0185449243471517E-017   7.9438727038614907E-019
  0.93209231224106737      -0.36381536282751636      -0.87481160511195422      -0.98999999999999511       0.17699879929307122        1.4600857810793545E-002  -2.5505329841664914E-017
  0.90077213573708426      -0.36729232543217799      -0.81223306078162205      -0.99000000000001076       0.17616924518476729        2.2497934372499813E-002  -1.2657000856036593E-017
  0.86963032573377042      -0.37224532824815604      -0.74965451645130643      -0.99000000000000954       0.17498752875533907        3.0350037563393245E-002  -1.3462337828144047E-017
  0.83872913470932320      -0.37866447022282074      -0.68707597212100868      -0.99000000000000099       0.17345601225592927        3.8141471029195254E-002   4.9116344367485967E-018
  0.77788006633158235      -0.39585195334051287      -0.56188757723179239      -0.98999999999999289       0.16935532183936480        5.3483969230837758E-002   1.8779275213001136E-017
  0.71872710894344527      -0.41871523451871945      -0.43669918234256072      -0.98999999999999844       0.16390046626937244        6.8398809614512376E-002  -2.7476673045513500E-018
  0.66174324959219066      -0.44707149896114040      -0.31151078745331673      -0.98999999999999910       0.15713506257108967        8.2766733116510754E-002   5.9639832559913147E-018
  0.63421469746376424      -0.46323610775499713      -0.24893224312300818      -0.98999999999999733       0.15327841550330282        8.9707788629510010E-002   1.2337932751365101E-017
  0.60739736015510881      -0.48068496513930714      -0.18635369879270106      -0.98999999999999566       0.14911536488292493        9.6469518273038707E-002   5.2273478426744448E-018
  0.58134484552350441      -0.49938319084815957      -0.12377515446239611      -0.98999999999999544       0.14465423264814620       0.10303840534953937       -4.4941889018064552E-018
  0.53172900174338511      -0.54038664678889514        1.4132404268406011E-003 -0.99000000000000021       0.13487138790753828       0.11554855569800222        1.1083989162785911E-017
  0.48577749286532534      -0.58591020138133176       0.12660163531607999      -0.99000000000000521       0.12401011154922148       0.12713477979510415       -7.2940877094518590E-018
  0.46429715519929005      -0.61024838399635972       0.18918017964638861      -0.99000000000000443       0.11820336535359563       0.13255083711197141       -2.5923917019739824E-018
  0.44386769752001187      -0.63557693766163459       0.25175872397669691      -0.99000000000000277       0.11216033063062797       0.13770192530545172        4.1890260527345359E-018
  0.42452995831339191      -0.66184523059837908       0.31433726830700270      -0.99000000000000110       0.10589308740672992       0.14257774735024625       -1.0896266875836411E-017
  0.38927377312843719      -0.71700342044571708       0.43952566319623826      -0.99000000000000232        9.2733123323960942E-002  0.15146725005288458       -5.4769598846125239E-018
  0.35882099485354568      -0.77526948122259787       0.56471405808547814      -0.99000000000000754        7.8831665187092892E-002  0.15914562062410048        9.8286568941195717E-018
  0.34547671067149521      -0.80541562273372591       0.62729260241578721      -0.99000000000000576        7.1639222131609628E-002  0.16251025153010484       -9.1673505761222699E-018
  0.33342082854481420      -0.83616199598486063       0.68987114674608840      -0.98999999999999888        6.4303572271086323E-002  0.16555002444330003       -2.2037525735058532E-017
  0.31326367544236622      -0.89922451062176489       0.81505954163529426      -0.98999999999998989        4.9257748071856955E-002  0.17063245369767571        1.0667682689057475E-017
  0.30520774105489196      -0.93139881455418716       0.87763808596561199      -0.99000000000000632        4.1581414143737408E-002  0.17266367886097800        3.6993125855927557E-018
  0.29418760624158014      -0.98999999999999178       0.98999999999999833      -0.98999999999999666        2.7600000000000669E-002  0.17544229820656074       -3.8206589334573319E-017
  0.29342323580367846      -0.99525710987719185        1.0000000000000000      -0.98999999999997701        2.6345727926268662E-002  0.17563502674590481       -5.9363042098549560E-018
           0
           0
  -1.0000000000000000        1.0000000000000000       -1.0000000000000000        1.0000000000000000     
  -1.0000000000000000        1.0000000000000000       -1.0000000000000000        1.0000000000000000     
           4
           5           1
           8           2
           7          13
           6          14
           1
           1
           1
          14
  0.30067340223270933      -0.98999999999999166       0.99000000000001487       -1.0000000000000000        2.7600000000000683E-002  0.17380696810236931       -2.3717939853162116E-017
  0.29418760624158014      -0.98999999999999178       0.99000000000001054      -0.98999999999998278        2.7600000000000669E-002  0.17544229820656074       -3.8206589334573319E-017
  0.18169199338126135      -0.98999999999999455       0.99000000000001043      -0.81655079960212518        2.7600000000000510E-002  0.20380696810236931       -5.6811966581565408E-018
   6.2710584529813984E-002 -0.98999999999999799       0.99000000000000055      -0.63310159920426901        2.7600000000000312E-002  0.23380696810236931       -6.0072187325150764E-019
  -5.6270824321632530E-002 -0.99000000000000121       0.99000000000000654      -0.44965239880640073        2.7600000000000124E-002  0.26380696810236931        6.5396628347746466E-017
 -0.17525223317307959      -0.99000000000000410       0.99000000000000643      -0.26620319840853574        2.7599999999999920E-002  0.29380696810236928       -1.4482777788425280E-017
 -0.29423364202452701      -0.99000000000000632       0.98999999999999766       -8.2753998010693608E-002   2.7599999999999743E-002  0.32380696810236931       -4.0331843851286851E-018
 -0.41321505087597543      -0.99000000000000754       0.99000000000000565       0.10069520238714565        2.7599999999999552E-002  0.35380696810236928        3.7071473348456546E-017
 -0.53219645972742491      -0.99000000000000798       0.99000000000000377       0.28414440278502257        2.7599999999999368E-002  0.38380696810236925        9.1336757628485536E-019
 -0.65117786857887505      -0.99000000000000765       0.98999999999997712       0.46759360318293591        2.7599999999999188E-002  0.41380696810236928        1.9267300522317140E-017
 -0.77015927743032608      -0.99000000000000721       0.99000000000000066       0.65104280358079658        2.7599999999999000E-002  0.44380696810236930       -2.2772199922575443E-018
 -0.88914068628177667      -0.99000000000000765       0.99000000000001243       0.83449200397854517        2.7599999999998799E-002  0.47380696810236933        2.9905934764048221E-017
 -0.98999999999999089      -0.99000000000000843       0.99000000000000321       0.98999999999999111        2.7599999999998629E-002  0.49923765883594590        1.2487768383099089E-017
 -0.99648579599109388      -0.99000000000000843       0.99000000000002952        1.0000000000000000        2.7599999999998640E-002  0.50087298894013066        4.8672679859333056E-019
           0
           0
  -1.0000000000000000        1.0000000000000000       -1.0000000000000000        1.0000000000000000     
  -1.0000000000000000        1.0000000000000000       -1.0000000000000000        1.0000000000000000     
           4
          10           1
          11           2
          12          13
           9          14
           1
           1
           1
          14
  0.99000000000000044       0.99682472480968864      -0.98999999999990285        1.0000000000000000       0.50162828282833249        1.3637069266944787E-017   3.0279841192985867E-017
  0.98999999999999977       0.99000000000000676      -0.98999999999999955       0.99000000000000521       0.50000000000000211        5.4170479417972140E-018   1.5564655395095743E-017
  0.98999999999999322       0.87108382726523848      -0.99000000000008093       0.81575682382199011       0.47162828282833247        9.6804752807186230E-019   9.5470787913681230E-018
  0.98999999999999455       0.74534292972078509      -0.99000000000000565       0.63151364764293427       0.44162828282833244        1.9758149418406862E-018   9.5955616981824571E-018
  0.98999999999999888       0.61960203217633048      -0.99000000000000232       0.44727047146435228       0.41162828282833241        3.4671039833437384E-018   1.8931048191013658E-017
  0.99000000000000277       0.49386113463187514      -0.98999999999999067       0.26302729528568480       0.38162828282833239       -6.8872317213253646E-018  -3.0174230510263123E-018
  0.99000000000000410       0.36812023708741987      -0.99000000000000132        7.8784119107024403E-002  0.35162828282833236       -3.3869036815214571E-018  -1.9069883049196436E-017
  0.99000000000000277       0.24237933954296573      -0.98999999999999810      -0.10545905707163399       0.32162828282833233        1.7718610516703374E-017  -3.3857858230139000E-017
  0.98999999999999944       0.11663844199851181      -0.99000000000000032      -0.28970223325032107       0.29162828282833231        6.0064418848704349E-018   4.4557712392847540E-018
  0.98999999999999511       -9.1024555459410916E-003 -0.99000000000001087      -0.47394540942899605       0.26162828282833228        5.0679462079436326E-018   2.6905190738881001E-018
  0.98999999999999155      -0.13484335309039380      -0.99000000000000332      -0.65818858560766536       0.23162828282833228       -1.8492799359515469E-017   2.1326461889800056E-017
  0.98999999999998978      -0.26058425063484641      -0.99000000000000832      -0.84243176178631329       0.20162828282833228        8.8419549821354606E-019  -1.2216685241115567E-017
  0.98999999999999055      -0.36129551227773088      -0.99000000000000210      -0.98999999999999833       0.17759999999999954       -1.0185449243471517E-017   7.9438727038614907E-019
  0.98999999999999055      -0.36812023708721237      -0.99000000000000987       -1.0000000000000000       0.17597171717171720        9.7162852457119951E-018   1.1340602149876110E-018
           0
           0
  -1.0000000000000000        1.0000000000000000       -1.0000000000000000        1.0000000000000000     
  -1.0000000000000000        1.0000000000000000       -1.0000000000000000        1.0000000000000000     
           4
          13           1
          23           2
          19          28
          14          29
           1
           1
           1
          29
  -1.0000000000000000       0.98997335336583392       0.99658815296465020       0.99000000000000599       0.49999364248990696       -2.5214023173556472E-003  0.99999999999999489     
 -0.98999999999999166       0.98999999999999289       0.99000000000000143       0.98999999999998634       0.49999999999999650       -1.4360268411978740E-018  0.99999999999999500     
 -0.88105565700489930       0.98683497578136270       0.91818995031803996       0.98999999999995192       0.49924486997935141        2.7469251889037323E-002  0.99999999999999534     
 -0.76250351364460145       0.97616353843090975       0.83979174767144815       0.98999999999999855       0.49669881593674886        5.7361016788623716E-002  0.99999999999999734     
 -0.64477035763516599       0.95799745848963214       0.76139354502483991       0.99000000000000510       0.49236464615681952        8.7046282027774716E-002  0.99999999999999911     
 -0.52828002833822896       0.93240213384519510       0.68299534237823112       0.98999999999999289       0.48625796365074214       0.11641818065162893       0.99999999999999978     
 -0.41345189093927964       0.89946970766621193       0.60459713973163232       0.98999999999998700       0.47840075247551345       0.14537097382513572       0.99999999999999978     
 -0.30069932673295846       0.85931873668692960       0.52619893708503707       0.98999999999999089       0.46882129859136529       0.17380043149286972       0.99999999999999889     
 -0.19042824495039987       0.81209376440290837       0.44780073443843527       0.98999999999999788       0.45755408803228870       0.20160420760722930       0.99999999999999822     
  -8.3035621486015079E-002  0.75796480071438266       0.36940253179182603       0.98999999999999955       0.44463968275629928       0.22868220857420427       0.99999999999999756     
   2.1091930215722195E-002  0.69712670989062364       0.29100432914521612       0.98999999999999644       0.43012457462238868       0.25493695359031288       0.99999999999999722     
  0.12157955096868094       0.62979850905858603       0.21260612649861257       0.98999999999999289       0.41406101801983630       0.28027392557349573       0.99999999999999734     
  0.21806548533814948       0.55622257974126399       0.13420792385201566       0.98999999999999100       0.39650684175241102       0.30460191142461307       0.99999999999999711     
  0.31020238396040162       0.47666379528420666        5.5809721205419001E-002  0.98999999999999111       0.37752524085467704       0.32783333039460161       0.99999999999999667     
  0.39765855400040045       0.39140856731146467       -2.2588481441184392E-002  0.98999999999999333       0.35718454908986741       0.34988454937517055       0.99999999999999667     
  0.48011915324600118       0.30076381464373919      -0.10098668408779551       0.98999999999999333       0.33555799294833510       0.37067618397798985       0.99999999999999611     
  0.55728732353991528       0.20505585839062918      -0.17938488673440731       0.98999999999999244       0.31272342803218872       0.39013338431848832       0.99999999999999589     
  0.62888525946907936       0.10462924719464352      -0.25778308938101052       0.98999999999999089       0.28876305877512565       0.40818610447543935       0.99999999999999545     
  0.69465520846414963       -1.5448314391242488E-004 -0.33618129202760305       0.98999999999999233       0.26376314250647148       0.42476935465627780       0.99999999999999556     
  0.75436039870874938      -0.10891811119581604      -0.41457949467419380       0.98999999999999755       0.23781367892479433       0.43982343516035405       0.99999999999999611     
  0.80778589151800295      -0.22127008790008093      -0.49297769732079583       0.99000000000000221       0.21100808609898855       0.45329415129785433       0.99999999999999645     
  0.85473935511779475      -0.33680594614057469      -0.57137589996741101       0.99000000000000288       0.18344286416322642       0.46513300849068245       0.99999999999999678     
  0.89505175703915851      -0.45510975682763527      -0.64977410261402224       0.98999999999999722       0.15521724791647595       0.47529738685294232       0.99999999999999734     
  0.92857797263517849      -0.57575562624278753      -0.72817230526061016       0.98999999999998678       0.12643284957722578       0.48375069462253006       0.99999999999999734     
  0.95519730752972376      -0.69830922925612959      -0.80657050790719853       0.98999999999998334        9.7193292979498358E-002  0.49046249989147933       0.99999999999999756     
  0.97481393211717660      -0.82232937289681018      -0.88496871055386772       0.98999999999999133        6.7603840527045489E-002  0.49540864016082387       0.99999999999999789     
  0.98735722654897740      -0.94736958464772369      -0.96336691320053380       0.98999999999999710        3.7771014248694439E-002  0.49857130932558458       0.99999999999999822     
  0.98999999999999588      -0.98999999999999921      -0.98999999999999633       0.98999999999999067        2.7599999999998636E-002  0.49923765883595012       0.99999999999999833     
  0.99050044984652152       -1.0000000000000000      -0.99624268388038351       0.98999999999998889        2.5214141414139433E-002  0.49936384237622539       0.99999999999999845     
           0
           0
  -1.0000000000000000        1.0000000000000000       -1.0000000000000000        1.0000000000000000     
  -1.0000000000000000        1.0000000000000000       -1.0000000000000000        1.0000000000000000     
           4
          16           1
          20           2
          24          24
          15          25
           1
           1
           1
          25
 -0.29342323580368207      -0.99525710987719973        1.0000000000000000       0.98999999999997357        2.6345727926268676E-002  0.17563502674590481       0.99999999999999778     
 -0.29418760624158335      -0.98999999999999932       0.98999999999999833       0.98999999999999322        2.7600000000000680E-002  0.17544229820656074       0.99999999999999767     
 -0.30554219568492169      -0.92993760151658644       0.87481160511320100       0.99000000000000044        4.1930038910891185E-002  0.17257934939305775       0.99999999999999722     
 -0.31365959940877863      -0.89778055717254324       0.81223306078284330       0.98999999999998445        4.9602254945298102E-002  0.17053262533703523       0.99999999999999689     
 -0.32312900759341256      -0.86603910706458975       0.74965451645252335       0.98999999999998545        5.7175316072064136E-002  0.16814500656296516       0.99999999999999678     
 -0.34605183968357628      -0.80404061364564305       0.62446612156332049       0.99000000000000032        7.1967279855453037E-002  0.16236523836772127       0.99999999999999667     
 -0.37412368126363510      -0.74445404175939445       0.49927772667409120       0.98999999999999910        8.6183793269121484E-002  0.15528719772648786       0.99999999999999645     
 -0.39001777038339347      -0.71572206877877875       0.43669918234378163       0.98999999999999577        9.3038835711567347E-002  0.15127965841261007       0.99999999999999645     
 -0.40711122398015437      -0.68776962495253213       0.37412063801347561       0.98999999999999500        9.9707893521425325E-002  0.14696971106156576       0.99999999999999678     
 -0.44476719114346724      -0.63441227316952253       0.24893224312423956       0.98999999999999799       0.11243820310844238       0.13747512677479024       0.99999999999999700     
 -0.48678283984639853      -0.58482319112967140       0.12374384823499890       0.99000000000000032       0.12426945682340484       0.12688129137432319       0.99999999999999734     
 -0.50931608976239195      -0.56157260905466577        6.1165303904690382E-002  0.98999999999999932       0.12981671691039109       0.12119975251875459       0.99999999999999756     
 -0.53281022681495005      -0.53940970090401630       -1.4132404256167832E-003  0.98999999999999622       0.13510447338027332       0.11527593535790112       0.99999999999999767     
 -0.55721828622410408      -0.51837877033111668       -6.3991784755921891E-002  0.98999999999999322       0.14012215600786820       0.10912168160226743       0.99999999999999778     
 -0.60859252206881298      -0.47986964179192665      -0.18918017964515813       0.98999999999999333       0.14930988950378413        9.6168169871157255E-002  0.99999999999999822     
 -0.66301649210706071      -0.44636450587639137      -0.31436857453439787       0.98999999999999744       0.15730374112322809        8.2445697453756975E-002  0.99999999999999867     
 -0.69122985992920172      -0.43157731132142430      -0.37694711886470639       0.98999999999999844       0.16083175663220109        7.5331972353048310E-002  0.99999999999999867     
 -0.72004046926134413      -0.41813765129098196      -0.43952566319501502       0.98999999999999688       0.16403826945966629        6.8067658639605899E-002  0.99999999999999889     
 -0.74939072769543258      -0.40607239166546516      -0.50210420752532214       0.98999999999999400       0.16691686978648157        6.0667277676543070E-002  0.99999999999999911     
 -0.77922196406485655      -0.39540565089886576      -0.56468275185562666       0.98999999999999155       0.16946180329059352        5.3145622825405116E-002  0.99999999999999911     
 -0.80947454572811317      -0.38615875180597642      -0.62726129618592763       0.98999999999999355       0.17166798264992744        4.5517729874239590E-002  0.99999999999999911     
 -0.87101665355861158      -0.37199272869640654      -0.75244969107515081       0.99000000000000854       0.17504779543627139        3.0000488544376931E-002  0.99999999999999889     
 -0.93351015222725564      -0.36369328200760392      -0.87763808596437620       0.98999999999999111       0.17702792605030715        1.4243363308113243E-002  0.99999999999999811     
 -0.98999999999999821      -0.36129551227773460      -0.99000000000000343       0.98999999999999899       0.17759999999999954        4.0515271773704752E-018  0.99999999999999722     
 -0.99503285291741850      -0.36131451433662920       -1.0000000000000000       0.99000000000001798       0.17759546637746326       -1.2689847008882380E-003  0.99999999999999689     
           0
           0
  -1.0000000000000000        1.0000000000000000       -1.0000000000000000        1.0000000000000000     
  -1.0000000000000000        1.0000000000000000       -1.0000000000000000        1.0000000000000000     
           4
          18           1
          19           2
          20          13
          17          14
           1
           1
           1
          14
  0.99648579599109610      -0.98999999999999910      -0.98999999999995769        1.0000000000000000        2.7599999999998640E-002  0.50087298894013410       0.99999999999999822     
  0.98999999999999588      -0.98999999999999921      -0.98999999999999533       0.99000000000001653        2.7599999999998636E-002  0.49923765883595012       0.99999999999999833     
  0.87750438713964662      -0.99000000000000166      -0.99000000000000832       0.81655079960206223        2.7599999999998820E-002  0.47087298894013413       0.99999999999999889     
  0.75852297828819926      -0.99000000000000166      -0.99000000000000266       0.63310159920424014        2.7599999999999007E-002  0.44087298894013416       0.99999999999999856     
  0.63954156943675289      -0.99000000000000032      -0.99000000000001498       0.44965239880638974        2.7599999999999202E-002  0.41087298894013413       0.99999999999999822     
  0.52056016058530652      -0.98999999999999888      -0.98999999999999044       0.26620319840850604        2.7599999999999385E-002  0.38087298894013411       0.99999999999999756     
  0.40157875173386026      -0.98999999999999788      -0.98999999999999588        8.2753998010622928E-002   2.7599999999999573E-002  0.35087298894013413       0.99999999999999756     
  0.28259734288241312      -0.98999999999999710      -0.99000000000000710      -0.10069520238724157        2.7599999999999757E-002  0.32087298894013416       0.99999999999999756     
  0.16361593403096508      -0.98999999999999710      -0.98999999999999566      -0.28414440278509623        2.7599999999999951E-002  0.29087298894013414       0.99999999999999822     
   4.4634525179515966E-002 -0.98999999999999766      -0.98999999999998722      -0.46759360318295523        2.7600000000000142E-002  0.26087298894013411       0.99999999999999845     
  -7.4346883671933581E-002 -0.98999999999999877      -0.98999999999998933      -0.65104280358081568        2.7600000000000322E-002  0.23087298894013411       0.99999999999999889     
 -0.19332829252338263      -0.98999999999999955      -0.98999999999998856      -0.83449200397866541        2.7600000000000516E-002  0.20087298894013411       0.99999999999999878     
 -0.29418760624158335      -0.98999999999999932      -0.98999999999998600      -0.98999999999999921        2.7600000000000680E-002  0.17544229820656074       0.99999999999999767     
 -0.30067340223269928      -0.98999999999999921      -0.98999999999998078       -1.0000000000000000        2.7600000000000680E-002  0.17380696810237264       0.99999999999999734     
           0
           0
  -1.0000000000000000        1.0000000000000000       -1.0000000000000000        1.0000000000000000     
  -1.0000000000000000        1.0000000000000000       -1.0000000000000000        1.0000000000000000     
           4
          21           1
          24           2
          23          13
          22          14
           1
           1
           1
          14
 -0.98999999999999810      -0.36812023708723096       0.98999999999999466       -1.0000000000000000       0.17597171717171364       -4.0599370676867924E-018  0.99999999999999711     
 -0.98999999999999821      -0.36129551227773460       0.98999999999999500      -0.98999999999998378       0.17759999999999954        4.0515271773704752E-018  0.99999999999999722     
 -0.98999999999999977      -0.24237933954277688       0.99000000000000166      -0.81575682382137671       0.20597171717171364       -1.3773599039460447E-018  0.99999999999999822     
 -0.98999999999999988      -0.11663844199832124       0.99000000000000543      -0.63151364764271345       0.23597171717171367       -5.3461021696714870E-018  0.99999999999999800     
 -0.98999999999999944        9.1024555461344508E-003  0.98999999999999855      -0.44727047146405008       0.26597171717171364        6.6318516539671235E-018  0.99999999999999756     
 -0.98999999999999944       0.13484335309058940       0.99000000000000454      -0.26302729528537361       0.29597171717171367        6.4337485477434629E-018  0.99999999999999745     
 -0.99000000000000021       0.26058425063504376       0.98999999999998833       -7.8784119106714817E-002  0.32597171717171369       -1.5172061987472959E-018  0.99999999999999778     
 -0.99000000000000155       0.38632514817949704       0.98999999999999277       0.10545905707195324       0.35597171717171366        5.8703632050911430E-018  0.99999999999999822     
 -0.99000000000000321       0.51206604572394943       0.99000000000000610       0.28970223325062561       0.38597171717171364        9.6706401178628209E-019  0.99999999999999900     
 -0.99000000000000421       0.63780694326840159       0.98999999999998234       0.47394540942925567       0.41597171717171366        2.5672495904968437E-018  0.99999999999999978     
 -0.99000000000000343       0.76354784081285543       0.99000000000001265       0.65818858560791205       0.44597171717171369       -7.3777074198645039E-018  0.99999999999999978     
 -0.98999999999999899       0.88928873835731193       0.98999999999974053       0.84243176178644219       0.47597171717171372       -4.9268826375150539E-019  0.99999999999999800     
 -0.98999999999999166       0.98999999999999289       0.98999999999999344       0.98999999999996890       0.49999999999999650       -1.4360268411978740E-018  0.99999999999999500     
 -0.98999999999999100       0.99682472480942419       0.99000000000018940        1.0000000000000000       0.50162828282826677        1.6181223389400020E-019  0.99999999999999478     
           0
           0
  -1.0000000000000000        0.0000000000000000       -1.0000000000000000        0.0000000000000000     
  -1.0000000000000000        1.0000000000000000       -1.0000000000000000        1.0000000000000000     
           3
          25           1
           7           2
          26          19
           1
           1
          19
 -0.99000000000000399       -1.0000000000000000        1.0000000000000187       0.99000000000000088        2.7599999999998605E-002  0.49923765883594673       -5.0505050505133750E-003
 -0.99000000000000377      -0.98999999999998833       0.99000000000000332       0.98999999999999100        2.7599999999998650E-002  0.49923765883594590       -2.4519665771247395E-017
 -0.99000000000000288      -0.94060000000001609       0.94060000000001842       0.98999999999997035        2.7599999999998848E-002  0.49923765883594540        2.4949494949486645E-002
 -0.99000000000000077      -0.88120000000001919       0.88120000000001608       0.98999999999997468        2.7599999999999104E-002  0.49923765883594784        5.4949494949486671E-002
 -0.98999999999999988      -0.82180000000002118       0.82180000000001774       0.98999999999998189        2.7599999999999285E-002  0.49923765883594950        8.4949494949486670E-002
 -0.98999999999999977      -0.76240000000002217       0.76240000000002051       0.98999999999998500        2.7599999999999479E-002  0.49923765883594984       0.11494949494948667     
 -0.98999999999999988      -0.70300000000002150       0.70300000000002205       0.98999999999998556        2.7599999999999680E-002  0.49923765883594934       0.14494949494948667     
 -0.99000000000000021      -0.64360000000001938       0.64360000000002138       0.98999999999998600        2.7599999999999802E-002  0.49923765883594901       0.17494949494948664     
 -0.99000000000000021      -0.58420000000001748       0.58420000000001937       0.98999999999998978        2.7599999999999972E-002  0.49923765883594906       0.20494949494948661     
 -0.99000000000000010      -0.52480000000001659       0.52480000000001725       0.98999999999999211        2.7600000000000176E-002  0.49923765883594939       0.23494949494948664     
 -0.99000000000000021      -0.46540000000001752       0.46540000000001625       0.98999999999999488        2.7600000000000263E-002  0.49923765883594984       0.26494949494948666     
 -0.99000000000000055      -0.40600000000001940       0.40600000000001646       0.98999999999999599        2.7600000000000360E-002  0.49923765883595028       0.29494949494948663     
 -0.99000000000000088      -0.34660000000002150       0.34660000000001795       0.98999999999999466        2.7600000000000416E-002  0.49923765883595039       0.32494949494948666     
 -0.99000000000000088      -0.28720000000002249       0.28720000000001977       0.98999999999999200        2.7600000000000534E-002  0.49923765883595028       0.35494949494948669     
 -0.99000000000000099      -0.22780000000002196       0.22780000000002112       0.98999999999998800        2.7600000000000603E-002  0.49923765883594995       0.38494949494948671     
 -0.99000000000000044      -0.16840000000002009       0.16840000000002142       0.98999999999998411        2.7600000000000652E-002  0.49923765883594962       0.41494949494948674     
 -0.98999999999999955      -0.10900000000001744       0.10900000000002066       0.98999999999998167        2.7600000000000686E-002  0.49923765883594939       0.44494949494948671     
 -0.98999999999999821       -4.9600000000015070E-002   4.9600000000019115E-002  0.98999999999998023        2.7600000000000721E-002  0.49923765883594928       0.47494949494948668     
 -0.98999999999999733        0.0000000000000000        3.8413479902609114E-015  0.98999999999997979        2.7600000000000728E-002  0.49923765883594917       0.49999999999999872     
           0
           0
  -1.0000000000000000        0.0000000000000000        0.0000000000000000        1.0000000000000000     
  -1.0000000000000000        1.0000000000000000       -1.0000000000000000        1.0000000000000000     
           3
          26           1
          19          18
          27          19
           1
           1
          19
 -0.98999999999999733        0.0000000000000000        3.8413479902609114E-015  0.98999999999997979        2.7600000000000728E-002  0.49923765883594917       0.49999999999999872     
 -0.98999999999999544        5.9400000000000550E-002  -5.9399999999997184E-002  0.98999999999998223        2.7600000000000690E-002  0.49923765883594928       0.52999999999999869     
 -0.98999999999999422       0.11879999999999996      -0.11879999999999785       0.98999999999998345        2.7600000000000673E-002  0.49923765883594928       0.55999999999999872     
 -0.98999999999999322       0.17819999999999872      -0.17819999999999731       0.98999999999998489        2.7600000000000631E-002  0.49923765883594912       0.58999999999999875     
 -0.98999999999999277       0.23759999999999790      -0.23759999999999629       0.98999999999998733        2.7600000000000614E-002  0.49923765883594906       0.61999999999999877     
 -0.98999999999999277       0.29699999999999721      -0.29699999999999505       0.98999999999998878        2.7600000000000569E-002  0.49923765883594895       0.64999999999999880     
 -0.98999999999999344       0.35639999999999772      -0.35639999999999422       0.98999999999999122        2.7600000000000464E-002  0.49923765883594917       0.67999999999999883     
 -0.98999999999999477       0.41579999999999812      -0.41579999999999434       0.98999999999999511        2.7600000000000312E-002  0.49923765883594962       0.70999999999999885     
 -0.98999999999999599       0.47519999999999846      -0.47519999999999524       0.98999999999999733        2.7600000000000242E-002  0.49923765883595017       0.73999999999999888     
 -0.98999999999999788       0.53459999999999774      -0.53459999999999641       0.98999999999999932        2.7600000000000121E-002  0.49923765883595078       0.76999999999999891     
 -0.99000000000000021       0.59399999999999575      -0.59399999999999742       0.98999999999999977        2.7599999999999941E-002  0.49923765883595128       0.79999999999999893     
 -0.99000000000000277       0.65339999999999432      -0.65339999999999732       0.98999999999999622        2.7599999999999791E-002  0.49923765883595123       0.82999999999999896     
 -0.99000000000000554       0.71279999999999466      -0.71279999999999588       0.98999999999999022        2.7599999999999632E-002  0.49923765883595073       0.85999999999999899     
 -0.99000000000000787       0.77219999999999767      -0.77219999999999389       0.98999999999998411        2.7599999999999493E-002  0.49923765883595012       0.88999999999999901     
 -0.99000000000000898       0.83160000000000212      -0.83159999999999346       0.98999999999998445        2.7599999999999222E-002  0.49923765883594995       0.91999999999999904     
 -0.99000000000000710       0.89100000000000379      -0.89099999999999624       0.98999999999999611        2.7599999999999035E-002  0.49923765883595095       0.94999999999999907     
 -0.99000000000000166       0.95039999999999814      -0.95039999999999958       0.99000000000001409        2.7599999999998792E-002  0.49923765883595184       0.97999999999999909     
 -0.98999999999999633       0.98999999999999067      -0.98999999999999544       0.99000000000001642        2.7599999999998636E-002  0.49923765883595000       0.99999999999999833     
 -0.98999999999999533        1.0000000000000000       -1.0000000000000024       0.99000000000001243        2.7599999999998605E-002  0.49923765883594867        1.0050505050505081     
           0
           0
  -1.0000000000000000        1.0000000000000000       -1.0000000000000000        1.0000000000000000     
  -1.0000000000000000        1.0000000000000000       -1.0000000000000000        1.0000000000000000     
           4
          29           1
          23           2
          11          36
          28          37
           1
           1
           1
          37
  0.98999999999999821        1.0000000000000000        1.0000000000000031       0.98999999999996502       0.49999999999999600       -1.3877787807814457E-017   1.0050505050505052     
  0.99000000000000143       0.98999999999998634       0.98999999999999366       0.98999999999996957       0.49999999999999661       -1.4360268411994517E-018  0.99999999999999512     
  0.99000000000000599       0.94059999999999688       0.94060000000000188       0.98999999999999233       0.49999999999999961       -1.8759203307222805E-017  0.97505050505050517     
  0.99000000000000232       0.88120000000000420       0.88119999999999921       0.99000000000000787       0.50000000000000200        1.8877041855726415E-017  0.94505050505050514     
  0.99000000000000044       0.82180000000000408       0.82179999999999986       0.99000000000001098       0.50000000000000300       -6.5052493730528434E-018  0.91505050505050511     
  0.99000000000000110       0.76239999999999841       0.76240000000000208       0.99000000000000898       0.50000000000000289        7.8477139828288812E-019  0.88505050505050509     
  0.99000000000000299       0.70299999999999263       0.70300000000000440       0.99000000000000576       0.50000000000000222       -1.1542430978584164E-017  0.85505050505050517     
  0.99000000000000432       0.64359999999999062       0.64360000000000517       0.99000000000000321       0.50000000000000155        4.2315049071673387E-018  0.82505050505050515     
  0.99000000000000432       0.58419999999999184       0.58420000000000405       0.99000000000000110       0.50000000000000078       -2.5607498006088481E-018  0.79505050505050512     
  0.99000000000000310       0.52479999999999527       0.52480000000000238       0.98999999999999966       0.50000000000000000        4.2469748190008670E-018  0.76505050505050509     
  0.99000000000000143       0.46539999999999954       0.46540000000000098       0.98999999999999833       0.49999999999999967        1.4897164239677936E-017  0.73505050505050507     
  0.99000000000000010       0.40600000000000319       0.40600000000000008       0.98999999999999522       0.49999999999999922       -2.1870927629089227E-018  0.70505050505050504     
  0.98999999999999910       0.34660000000000524       0.34660000000000041       0.98999999999999133       0.49999999999999895        1.0228859962350212E-018  0.67505050505050501     
  0.98999999999999888       0.28720000000000590       0.28720000000000145       0.98999999999998822       0.49999999999999878       -2.2483577732873237E-017  0.64505050505050499     
  0.98999999999999888       0.22780000000000580       0.22780000000000253       0.98999999999998589       0.49999999999999878        3.9924423382062512E-019  0.61505050505050496     
  0.98999999999999921       0.16840000000000493       0.16840000000000308       0.98999999999998611       0.49999999999999900       -1.1979088381863345E-017  0.58505050505050493     
  0.98999999999999932       0.10900000000000407       0.10900000000000321       0.98999999999998800       0.49999999999999933       -1.0707162319388384E-017  0.55505050505050491     
  0.98999999999999932        4.9600000000002815E-002   4.9600000000002968E-002  0.98999999999999189       0.49999999999999989       -1.1412824657422986E-017  0.52505050505050488     
  0.98999999999999921       -9.7999999999981800E-003  -9.7999999999984055E-003  0.98999999999999611       0.50000000000000044        3.4176304701554852E-018  0.49505050505050485     
  0.98999999999999932       -6.9199999999998998E-002  -6.9199999999999623E-002  0.99000000000000066       0.50000000000000089       -1.5695045017765264E-017  0.46505050505050483     
  0.98999999999999966      -0.12859999999999924      -0.12860000000000033       0.99000000000000377       0.50000000000000133       -1.5135068406038068E-017  0.43505050505050485     
  0.99000000000000032      -0.18799999999999895      -0.18800000000000022       0.99000000000000465       0.50000000000000133       -1.7018287815985277E-017  0.40505050505050488     
  0.99000000000000088      -0.24739999999999795      -0.24739999999999912       0.99000000000000421       0.50000000000000155        4.1461723138789804E-017  0.37505050505050486     
  0.99000000000000155      -0.30679999999999702      -0.30679999999999785       0.99000000000000143       0.50000000000000133        1.5523308283587370E-017  0.34505050505050489     
  0.99000000000000177      -0.36619999999999608      -0.36619999999999669       0.98999999999999966       0.50000000000000111        2.1617269425129983E-017  0.31505050505050491     
  0.99000000000000132      -0.42559999999999620      -0.42559999999999648       0.98999999999999666       0.50000000000000089       -7.2880673258422106E-018  0.28505050505050494     
  0.99000000000000044      -0.48499999999999721      -0.48499999999999782       0.98999999999999599       0.50000000000000089        1.1280470153971619E-018  0.25505050505050497     
  0.98999999999999910      -0.54439999999999900      -0.54440000000000022       0.98999999999999677       0.50000000000000067        1.4764553755934932E-017  0.22505050505050500     
  0.98999999999999855      -0.60380000000000111      -0.60380000000000267       0.98999999999999944       0.50000000000000067        4.9593755885499914E-018  0.19505050505050497     
  0.98999999999999877      -0.66320000000000201      -0.66320000000000423       0.99000000000000021       0.50000000000000056        2.7712796672634202E-017  0.16505050505050498     
  0.98999999999999988      -0.72260000000000135      -0.72260000000000379       0.98999999999999988       0.50000000000000044        1.7425726404573103E-018  0.13505050505050498     
  0.99000000000000055      -0.78199999999999992      -0.78200000000000169       0.98999999999999755       0.50000000000000044        1.8456881216817234E-017  0.10505050505050496     
  0.98999999999999877      -0.84140000000000059      -0.84139999999999937       0.98999999999999400       0.50000000000000044        2.6303672497295965E-017   7.5050505050504979E-002
  0.98999999999999333      -0.90080000000000593      -0.90079999999999949       0.98999999999999511       0.50000000000000122       -1.9004903276355505E-017   4.5050505050504994E-002
  0.98999999999998778      -0.96020000000000794      -0.96020000000000161       0.99000000000000032       0.50000000000000200        1.7055065621364067E-017   1.5050505050505007E-002
  0.98999999999998989      -0.98999999999999688      -0.98999999999999955       0.99000000000000488       0.50000000000000211        2.3920765018919707E-017  -2.1442778758766909E-017
  0.98999999999999266       -1.0000000000000000       -1.0000000000000084       0.99000000000000732       0.50000000000000222        0.0000000000000000       -5.0505050505105387E-003
           0
           0
   0.0000000000000000        1.0000000000000000       -1.0000000000000000        0.0000000000000000     
  -1.0000000000000000        1.0000000000000000       -1.0000000000000000        1.0000000000000000     
           3
          31           1
           8          18
          30          19
           1
           1
          19
  0.99000000000001509        0.0000000000000000       -5.1212730347334659E-015 -0.99000000000000643        2.7599999999998601E-002  0.17544229820656099       0.49999999999999972     
  0.99000000000001476       -5.9399999999998745E-002   5.9399999999995796E-002 -0.99000000000000676        2.7599999999998605E-002  0.17544229820656104       0.46999999999999975     
  0.99000000000001454      -0.11879999999999766       0.11879999999999889      -0.99000000000000676        2.7599999999998629E-002  0.17544229820656104       0.43999999999999972     
  0.99000000000001431      -0.17819999999999725       0.17820000000000308      -0.99000000000000532        2.7599999999998667E-002  0.17544229820656104       0.40999999999999970     
  0.99000000000001376      -0.23759999999999734       0.23760000000000731      -0.99000000000000266        2.7599999999998723E-002  0.17544229820656104       0.37999999999999967     
  0.99000000000001331      -0.29699999999999815       0.29700000000000987      -0.98999999999999966        2.7599999999998785E-002  0.17544229820656099       0.34999999999999970     
  0.99000000000001265      -0.35639999999999916       0.35640000000001010      -0.98999999999999588        2.7599999999998868E-002  0.17544229820656099       0.31999999999999973     
  0.99000000000001176      -0.41580000000000034       0.41580000000000755      -0.98999999999999255        2.7599999999998980E-002  0.17544229820656099       0.28999999999999970     
  0.99000000000001098      -0.47520000000000118       0.47520000000000362      -0.98999999999999033        2.7599999999999084E-002  0.17544229820656096       0.25999999999999968     
  0.99000000000000998      -0.53460000000000152       0.53459999999999930      -0.98999999999999000        2.7599999999999202E-002  0.17544229820656093       0.22999999999999970     
  0.99000000000000887      -0.59400000000000119       0.59399999999999620      -0.98999999999999211        2.7599999999999347E-002  0.17544229820656093       0.19999999999999971     
  0.99000000000000765      -0.65340000000000065       0.65339999999999554      -0.98999999999999733        2.7599999999999507E-002  0.17544229820656090       0.16999999999999971     
  0.99000000000000621      -0.71280000000000021       0.71279999999999710      -0.99000000000000499        2.7599999999999677E-002  0.17544229820656088       0.13999999999999974     
  0.99000000000000465      -0.77220000000000044       0.77219999999999944      -0.99000000000001331        2.7599999999999868E-002  0.17544229820656085       0.10999999999999975     
  0.99000000000000321      -0.83160000000000178       0.83160000000000056      -0.99000000000001975        2.7600000000000065E-002  0.17544229820656082        7.9999999999999766E-002
  0.99000000000000143      -0.89100000000000379       0.89099999999999990      -0.99000000000001964        2.7600000000000277E-002  0.17544229820656077        4.9999999999999767E-002
  0.98999999999999966      -0.95040000000000280       0.95040000000000258      -0.99000000000000510        2.7600000000000513E-002  0.17544229820656074        1.9999999999999789E-002
  0.98999999999999833      -0.98999999999999655       0.99000000000001054      -0.98999999999998289        2.7600000000000680E-002  0.17544229820656074       -1.1991551804045880E-018
  0.98999999999999810       -1.0000000000000000        1.0000000000000195      -0.98999999999997534        2.7600000000000721E-002  0.17544229820656065       -5.0505050505078967E-003
           0
           0
   0.0000000000000000        1.0000000000000000        0.0000000000000000        1.0000000000000000     
  -1.0000000000000000        1.0000000000000000       -1.0000000000000000        1.0000000000000000     
           3
          32           1
          20           2
          31          19
           1
           1
          19
  0.98999999999999810        1.0000000000000000      -0.99999999999999978      -0.99000000000000066        2.7600000000000721E-002  0.17544229820656065        1.0050505050505076     
  0.98999999999999833       0.98999999999999300      -0.98999999999998600      -0.98999999999999921        2.7600000000000680E-002  0.17544229820656074       0.99999999999999767     
  0.98999999999999988       0.94060000000000887      -0.94059999999999533      -0.98999999999999655        2.7600000000000471E-002  0.17544229820656071       0.97505050505050761     
  0.99000000000000177       0.88120000000000920      -0.88120000000000243      -0.98999999999999810        2.7600000000000242E-002  0.17544229820656077       0.94505050505050769     
  0.99000000000000354       0.82180000000000708      -0.82180000000000553      -0.99000000000000132        2.7600000000000027E-002  0.17544229820656082       0.91505050505050767     
  0.99000000000000499       0.76240000000000574      -0.76240000000000485      -0.99000000000000454        2.7599999999999833E-002  0.17544229820656088       0.88505050505050775     
  0.99000000000000643       0.70300000000000573      -0.70300000000000351      -0.99000000000000643        2.7599999999999646E-002  0.17544229820656088       0.85505050505050773     
  0.99000000000000776       0.64360000000000639      -0.64360000000000328      -0.99000000000000665        2.7599999999999486E-002  0.17544229820656088       0.82505050505050770     
  0.99000000000000909       0.58420000000000671      -0.58420000000000405      -0.99000000000000521        2.7599999999999320E-002  0.17544229820656093       0.79505050505050767     
  0.99000000000001009       0.52480000000000682      -0.52480000000000426      -0.99000000000000365        2.7599999999999188E-002  0.17544229820656093       0.76505050505050765     
  0.99000000000001120       0.46540000000000659      -0.46540000000000342      -0.99000000000000132        2.7599999999999056E-002  0.17544229820656096       0.73505050505050773     
  0.99000000000001198       0.40600000000000575      -0.40600000000000236      -0.98999999999999988        2.7599999999998948E-002  0.17544229820656099       0.70505050505050781     
  0.99000000000001276       0.34660000000000474      -0.34660000000000102      -0.98999999999999899        2.7599999999998855E-002  0.17544229820656099       0.67505050505050779     
  0.99000000000001342       0.28720000000000345      -0.28720000000000118      -0.98999999999999877        2.7599999999998775E-002  0.17544229820656099       0.64505050505050776     
  0.99000000000001387       0.22780000000000286      -0.22780000000000222      -0.98999999999999932        2.7599999999998712E-002  0.17544229820656104       0.61505050505050773     
  0.99000000000001431       0.16840000000000283      -0.16840000000000449      -0.99000000000000088        2.7599999999998667E-002  0.17544229820656104       0.58505050505050771     
  0.99000000000001454       0.10900000000000343      -0.10900000000000751      -0.99000000000000288        2.7599999999998626E-002  0.17544229820656104       0.55505050505050768     
  0.99000000000001465        4.9600000000004391E-002  -4.9600000000010025E-002 -0.99000000000000488        2.7599999999998612E-002  0.17544229820656104       0.52505050505050765     
  0.99000000000001509        0.0000000000000000       -5.1212730347334659E-015 -0.99000000000000643        2.7599999999998601E-002  0.17544229820656099       0.49999999999999972     
           0
           0
  -1.0000000000000000        1.0000000000000000       -1.0000000000000000        1.0000000000000000     
  -1.0000000000000000        1.0000000000000000       -1.0000000000000000        1.0000000000000000     
           4
          33           1
          12           2
          24          36
          34          37
           1
           1
           1
          37
 -0.99000000000000343       -1.0000000000000000       -1.0000000000000040      -0.99000000000000776       0.17759999999999954        4.3368086899420177E-018  -5.0505050505020100E-003
 -0.99000000000000343      -0.99000000000000365      -0.99000000000000221      -0.98999999999999821       0.17759999999999954       -9.3359070492880858E-019  -1.7709329806657720E-017
 -0.99000000000000354      -0.94059999999999133      -0.94059999999998734      -0.98999999999999455       0.17759999999999954       -9.5409791178724390E-018   2.4949494949497969E-002
 -0.99000000000000343      -0.88119999999999121      -0.88119999999999599      -0.99000000000001931       0.17759999999999954        4.3368086899420177E-018   5.4949494949497954E-002
 -0.99000000000000354      -0.82179999999999298      -0.82179999999999964      -0.99000000000003030       0.17759999999999954       -9.5409791178724390E-018   8.4949494949497939E-002
 -0.99000000000000343      -0.76239999999999442      -0.76239999999999752      -0.99000000000002364       0.17759999999999954        4.3368086899420177E-018  0.11494949494949794     
 -0.99000000000000354      -0.70299999999999430      -0.70299999999999507      -0.99000000000000898       0.17759999999999954       -9.5409791178724390E-018  0.14494949494949791     
 -0.99000000000000343      -0.64359999999999384      -0.64359999999999518      -0.98999999999999655       0.17759999999999954        4.3368086899420177E-018  0.17494949494949791     
 -0.99000000000000354      -0.58419999999999328      -0.58419999999999761      -0.98999999999999178       0.17759999999999954       -9.5409791178724390E-018  0.20494949494949793     
 -0.99000000000000343      -0.52479999999999305      -0.52479999999999993      -0.98999999999999411       0.17759999999999954        4.3368086899420177E-018  0.23494949494949793     
 -0.99000000000000354      -0.46539999999999326      -0.46540000000000070      -0.99000000000000188       0.17759999999999954       -9.5409791178724390E-018  0.26494949494949793     
 -0.99000000000000343      -0.40599999999999425      -0.40599999999999908      -0.99000000000001009       0.17759999999999954        4.3368086899420177E-018  0.29494949494949796     
 -0.99000000000000354      -0.34659999999999519      -0.34659999999999530      -0.99000000000001731       0.17759999999999954       -9.5409791178724390E-018  0.32494949494949793     
 -0.99000000000000343      -0.28719999999999613      -0.28719999999999107      -0.99000000000002164       0.17759999999999951        4.3368086899420177E-018  0.35494949494949790     
 -0.99000000000000354      -0.22779999999999687      -0.22779999999998790      -0.99000000000002331       0.17759999999999951       -9.5409791178724390E-018  0.38494949494949787     
 -0.99000000000000343      -0.16839999999999686      -0.16839999999998662      -0.99000000000002286       0.17759999999999954        4.3368086899420177E-018  0.41494949494949784     
 -0.99000000000000354      -0.10899999999999629      -0.10899999999998751      -0.99000000000002009       0.17759999999999954       -9.5409791178724390E-018  0.44494949494949781     
 -0.99000000000000343       -4.9599999999995037E-002  -4.9599999999990339E-002 -0.99000000000001653       0.17759999999999954        4.3368086899420177E-018  0.47494949494949779     
 -0.99000000000000354        9.8000000000062707E-003   9.8000000000061267E-003 -0.99000000000001265       0.17759999999999954       -9.5409791178724390E-018  0.50494949494949770     
 -0.99000000000000343        6.9200000000007478E-002   6.9200000000002704E-002 -0.99000000000000821       0.17759999999999954        4.3368086899420177E-018  0.53494949494949773     
 -0.99000000000000354       0.12860000000000871       0.12860000000000035      -0.99000000000000332       0.17759999999999954       -9.5409791178724390E-018  0.56494949494949775     
 -0.99000000000000343       0.18800000000000899       0.18799999999999931      -0.98999999999999877       0.17759999999999954        4.3368086899420177E-018  0.59494949494949767     
 -0.99000000000000354       0.24740000000000886       0.24740000000000001      -0.98999999999999655       0.17759999999999954       -9.5409791178724390E-018  0.62494949494949770     
 -0.99000000000000343       0.30680000000000812       0.30680000000000163      -0.98999999999999611       0.17759999999999954        4.3368086899420177E-018  0.65494949494949761     
 -0.99000000000000354       0.36620000000000691       0.36620000000000424      -0.99000000000000044       0.17759999999999954       -9.5409791178724390E-018  0.68494949494949764     
 -0.99000000000000343       0.42560000000000597       0.42560000000000731      -0.99000000000000687       0.17759999999999954        4.3368086899420177E-018  0.71494949494949767     
 -0.99000000000000354       0.48500000000000548       0.48500000000001037      -0.99000000000001587       0.17759999999999954       -9.5409791178724390E-018  0.74494949494949769     
 -0.99000000000000343       0.54440000000000521       0.54440000000001298      -0.99000000000002386       0.17759999999999954        4.3368086899420177E-018  0.77494949494949772     
 -0.99000000000000354       0.60380000000000567       0.60380000000001466      -0.99000000000002752       0.17759999999999954       -9.5409791178724390E-018  0.80494949494949775     
 -0.99000000000000343       0.66320000000000656       0.66320000000001411      -0.99000000000002364       0.17759999999999954        4.3368086899420177E-018  0.83494949494949777     
 -0.99000000000000354       0.72260000000000679       0.72260000000001146      -0.99000000000001387       0.17759999999999954       -9.5409791178724390E-018  0.86494949494949780     
 -0.99000000000000343       0.78200000000000658       0.78200000000000747      -0.99000000000000266       0.17759999999999954        4.3368086899420177E-018  0.89494949494949783     
 -0.99000000000000354       0.84140000000000514       0.84140000000000370      -0.98999999999999921       0.17759999999999954       -9.5409791178724390E-018  0.92494949494949785     
 -0.99000000000000343       0.90080000000000360       0.90080000000000471      -0.99000000000000699       0.17759999999999954        4.3368086899420177E-018  0.95494949494949788     
 -0.99000000000000354       0.96020000000000549       0.96020000000000882      -0.99000000000000843       0.17759999999999954       -9.5409791178724390E-018  0.98494949494949791     
 -0.99000000000000354       0.98999999999999899       0.98999999999999466      -0.98999999999998378       0.17759999999999954       -5.2003313611724962E-018  0.99999999999999722     
 -0.99000000000000343        1.0000000000000000       0.99999999999999045      -0.98999999999996691       0.17759999999999954        4.3368086899420177E-018   1.0050505050505014     
