          12
           0
           0
  -1.0000000000000000        1.0000000000000000       -1.0000000000000000        1.0000000000000000     
  -1.0000000000000000        1.0000000000000000       -1.0000000000000000        1.0000000000000000     
           4
           2           1
           5          13
          11          28
           1          29
           1
           1
           1
          29
  0.99899146864681843      -0.99367350913084385        1.0000000000000000       0.99800399201596823        2.4240534727733826E-002  0.49941205079184181        0.0000000000000000     
  0.87359271424709095      -0.98430012612955353       0.92121164372873765       0.99800399201596823        5.4148137652068835E-002  0.49705933165851790        0.0000000000000000     
  0.74901129022701751      -0.96779760530367731       0.84242328745747630       0.99800399201596823        8.3860807280856375E-002  0.49291719893122299        0.0000000000000000     
  0.62569568971306955      -0.94422535572819244       0.76363493118621339       0.99800399201596823       0.11327157800343292       0.48700056428777627        0.0000000000000000     
  0.50408984886709873      -0.91366823750156534       0.68484657491495282       0.99800399201596823       0.14227457104519697       0.47933072761289292        0.0000000000000000     
  0.38463154871614996      -0.87623625624941437       0.60605821864369280       0.99800399201596823       0.17076537563119826       0.46993530031860298        0.0000000000000000     
  0.26775083914076581      -0.83206416710424869       0.52726986237243112       0.99800399201596823       0.19864142486492736       0.45884810594316638        0.0000000000000000     
  0.15386849069541808      -0.78131098958699052       0.44848150610116816       0.99800399201596823       0.22580236496914280       0.44610905838633463        0.0000000000000000     
   4.3394479834510620E-002 -0.72415943513670067       0.36969314982990570       0.99800399201596823       0.25215041655946924       0.43176401821931187        0.0000000000000000     
  -6.3273487002857676E-002 -0.66081524934940050       0.29090479355864479       0.99800399201596823       0.27759072665018159       0.41586462758669951        0.0000000000000000     
 -0.16575140513607212      -0.59150647129392420       0.21211643728738458       0.99800399201596823       0.30203171012495322       0.39846812429477496        0.0000000000000000     
 -0.26367035405985340      -0.51648261257127204       0.13332808101612392       0.99800399201596823       0.32538537944327506       0.37963713575538927        0.0000000000000000     
 -0.35597484644728900      -0.43665936580672032        5.5152008571883827E-002  0.99800399201596823       0.34740000087767847       0.35960150081748687        0.0000000000000000     
 -0.35667782555807603      -0.43601375907284579        5.4539724744861830E-002  0.99800399201596823       0.34756766139560114       0.35943945352728424        0.0000000000000000     
 -0.44443899273334597      -0.35038959867123903       -2.4248631526401103E-002  0.99800399201596823       0.36849869976690303       0.33794778926648100        0.0000000000000000     
 -0.52663791538383242      -0.25991837834389792      -0.10303698779766363       0.99800399201596823       0.38810314281904401       0.31523951296431840        0.0000000000000000     
 -0.60297867738799382      -0.16492579448400127      -0.18182534406892462       0.99800399201596823       0.40631041455703654       0.29139637441548433        0.0000000000000000     
 -0.67318645200261540       -6.5753820393444282E-002 -0.26061370034018461       0.99800399201596823       0.42305496880262378       0.26650420891875454        0.0000000000000000     
 -0.73700849123908374        3.7240524821047172E-002 -0.33940205661144524       0.99800399201596823       0.43827652516052151       0.24065262826991718        0.0000000000000000     
 -0.79421503575614771       0.14368646151670100      -0.41819041288270720       0.99800399201596823       0.45192028602784129       0.21393469815930805        0.0000000000000000     
 -0.84460014199354594       0.25320078432141296      -0.49697876915397021       0.99800399201596823       0.46393713386546070       0.18644660313532535        0.0000000000000000     
 -0.88798242356882418       0.36538924167308545      -0.57576712542523256       0.99800399201596823       0.47428380802116454       0.15828730034005553        0.0000000000000000     
 -0.92420570426831228       0.47984795512525258      -0.65455548169649269       0.99800399201596823       0.48292306046799249       0.12955816326356162        0.0000000000000000     
 -0.95313958028149171       0.59616487330948642      -0.73334383796775271       0.99800399201596823       0.48982378989713582       0.10036261679931889        0.0000000000000000     
 -0.97467988965471231       0.71392125532032469      -0.81213219423901506       0.99800399201596823       0.49496115368264887        7.0805764914598529E-002   0.0000000000000000     
 -0.98874908727423161       0.83269317818252764      -0.89092055051027830       0.99800399201596823       0.49831665731490427        4.0994012276185578E-002   0.0000000000000000     
 -0.99529652402862523       0.95205306297379100      -0.96970890678153754       0.99800399201596823       0.49987822098082713        1.1034681193578443E-002   0.0000000000000000     
 -0.99580712788259851       0.99601593625498008      -0.99868705774995492       0.99800399201596823       0.49999999999999978       -4.6259292692714853E-018   0.0000000000000000     
 -0.99580607966465662       0.99800796779548273       -1.0000000000000000       0.99800399201596823       0.49999975000002062       -4.9999991666616105E-004   0.0000000000000000     
           0
           0
  -1.0000000000000000        1.0000000000000000       -1.0000000000000000        1.0000000000000000     
  -1.0000000000000000        1.0000000000000000       -1.0000000000000000        1.0000000000000000     
           4
           4           1
           8           8
           5           9
           3          14
           1
           1
           1
          14
 -0.35597484644728894       0.30993991730323678        1.0000000000000000       0.99800399201596779       0.34740000087767842       0.17220508075688756        0.0000000000000000     
 -0.35597484644728894       0.19041800495263919       0.81751542834627644       0.99800399201596779       0.34740000087767842       0.20220508075688756        0.0000000000000000     
 -0.35597484644728894        7.0896092602041605E-002  0.63503085669255288       0.99800399201596779       0.34740000087767842       0.23220508075688756        0.0000000000000000     
 -0.35597484644728894       -4.8625819748556100E-002  0.45254628503882910       0.99800399201596779       0.34740000087767842       0.26220508075688759        0.0000000000000000     
 -0.35597484644728894      -0.16814773209915379       0.27006171338510532       0.99800399201596779       0.34740000087767842       0.29220508075688761        0.0000000000000000     
 -0.35597484644728894      -0.28766964444975152        8.7577141731381522E-002  0.99800399201596779       0.34740000087767842       0.32220508075688764        0.0000000000000000     
 -0.35597484644728894      -0.40719155680034924       -9.4907429922342273E-002  0.99800399201596779       0.34740000087767842       0.35220508075688767        0.0000000000000000     
 -0.35597484644728894      -0.42222122609726731      -0.11785454237901037       0.99800399201596779       0.34740000087767847       0.35597752775041408        0.0000000000000000     
 -0.35597484644728900      -0.43665936580672032      -0.13989851480665730       0.99800399201596779       0.34740000087767847       0.35960150081748687        0.0000000000000000     
 -0.35597484644728894      -0.52671346915094697      -0.27739200157606608       0.99800399201596779       0.34740000087767842       0.38220508075688769        0.0000000000000000     
 -0.35597484644728894      -0.64623538150154469      -0.45987657322978986       0.99800399201596779       0.34740000087767842       0.41220508075688772        0.0000000000000000     
 -0.35597484644728894      -0.76575729385214242      -0.64236114488351370       0.99800399201596779       0.34740000087767842       0.44220508075688775        0.0000000000000000     
 -0.35597484644728894      -0.88527920620274014      -0.82484571653723726       0.99800399201596779       0.34740000087767842       0.47220508075688772        0.0000000000000000     
 -0.35597484644728894       -1.0000000000000000       -1.0000000000000007       0.99800399201596779       0.34740000087767842       0.50100000000000000        0.0000000000000000     
           0
           0
  -1.0000000000000000        1.0000000000000000       -1.0000000000000000        1.0000000000000000     
  -1.0000000000000000        1.0000000000000000       -1.0000000000000000        1.0000000000000000     
           4
           7           1
          12           2
           8          16
           6          27
           1
           1
           1
          27
 -0.98490462129023915       0.99799760923179148        1.0000000000000000       0.99800399201596779       0.49739975217772203       -4.9739991717968109E-004   0.0000000000000000     
 -0.98490566405743873       0.99601593625498008       0.99860183737036767       0.99800399201596779       0.49740000087769914        2.0816681711721685E-017   0.0000000000000000     
 -0.98123704200745210       0.87852651319395647       0.91565894820174110       0.99800399201596779       0.49652503451877733        2.9489845188316943E-002   0.0000000000000000     
 -0.96999618797306231       0.75948281243173865       0.83131789640554588       0.99800399201596779       0.49384409083157532        5.9369814079633591E-002   0.0000000000000000     
 -0.95122295042439953       0.64129955626970148       0.74697684460988634       0.99800399201596779       0.48936667367621933        8.9033811376304922E-002   0.0000000000000000     
 -0.92498562140706142       0.52440666396377533       0.66263579281407947       0.99800399201596779       0.48310907070558418       0.11837392734509240        0.0000000000000000     
 -0.89137964534641767       0.40922936076933608       0.57829474101805600       0.99800399201596779       0.47509404541512062       0.14728343044689665        0.0000000000000000     
 -0.85052727184612287       0.29618663108482102       0.49395368922197730       0.99800399201596779       0.46535075433530027       0.17565715559770989        0.0000000000000000     
 -0.80257711097656581       0.18568969429791934       0.40961263742597687       0.99800399201596779       0.45391464096791095       0.20339188673122222        0.0000000000000000     
 -0.74770359267097231        7.8140508878798767E-002  0.32527158563007325       0.99800399201596779       0.44082730685202687       0.23038673227142148        0.0000000000000000     
 -0.68610633219571171       -2.6069689837916857E-002  0.24093053383419802       0.99800399201596779       0.42613636022867724       0.25654349214931715        0.0000000000000000     
 -0.61800940400304860      -0.12656181286325377       0.15658948203827130       0.99800399201596779       0.40989524285472712       0.28176701502867668        0.0000000000000000     
 -0.54366052660787034      -0.22297029657881348        7.2248430242260617E-002  0.99800399201596779       0.39216303559597704       0.30596554444128221        0.0000000000000000     
 -0.46333016145359845      -0.31494443255999321       -1.2092621553801643E-002  0.99800399201596779       0.37300424350668326       0.32905105257255829        0.0000000000000000     
 -0.37731052904538009      -0.40214964335995934       -9.6433673349843915E-002  0.99800399201596779       0.35248856117732319       0.35093956048334979        0.0000000000000000     
 -0.35597484644728894      -0.42222122609726731      -0.11656195176340543       0.99800399201596779       0.34740000087767847       0.35597752775041408        0.0000000000000000     
 -0.28591454592960125      -0.48426869961341679      -0.18077472514580434       0.99800399201596779       0.33069061920420989       0.37155144360296760        0.0000000000000000     
 -0.18947468638671836      -0.56100287403267923      -0.26511577694167576       0.99800399201596779       0.30768971270323231       0.39081172138220249        0.0000000000000000     
  -8.8341772978252464E-002 -0.63207302809810406      -0.34945682873751627       0.99800399201596779       0.28356951285531318       0.40865033005262413        0.0000000000000000     
   1.7116299652388006E-002 -0.69722062748979996      -0.43379788053341695       0.99800399201596779       0.25841776253290549       0.42500237749993980        0.0000000000000000     
  0.12651590308278335      -0.75620868256672735      -0.51813893232943486       0.99800399201596779       0.23232595711475618       0.43980837932424854        0.0000000000000000     
  0.23945907064968761      -0.80882261047198056      -0.60247998412552817       0.99800399201596779       0.20538901165004952       0.45301447522846716        0.0000000000000000     
  0.35553494514591777      -0.85487101572814406      -0.68682103592155908       0.99800399201596779       0.17770491558269863       0.46457262494776419        0.0000000000000000     
  0.47432127340961011      -0.89418638648312998      -0.77116208771741157       0.99800399201596779       0.14937437629180800       0.47444078300726567        0.0000000000000000     
  0.59538594236892195      -0.92662570387375087      -0.85550313951321111       0.99800399201596779       0.12050045274501214       0.48258305167231147        0.0000000000000000     
  0.71828855095445876      -0.95207096229034416      -0.93984419130944263       0.99800399201596779        9.1188180597361612E-002  0.48896981153487640        0.0000000000000000     
  0.80682429823946455      -0.96589425155596631       -1.0000000000000000       0.99800399201596779        7.0072404869887722E-002  0.49243945714054754        0.0000000000000000     
           0
           0
  -1.0000000000000000        1.0000000000000000       -1.0000000000000000        1.0000000000000000     
  -1.0000000000000000        1.0000000000000000       -1.0000000000000000        1.0000000000000000     
           4
           9           1
          11           2
          12           3
          10          14
           1
           1
           1
          14
  -1.0000000000000000       0.99601593625498008       0.99800399201596801      -0.99999999999999944       0.50100000000000000        0.0000000000000000        0.0000000000000000     
 -0.99580712788259851       0.99601593625498008       0.99800399201596801      -0.99388379204892785       0.49999999999999978       -4.6259292692714853E-018   0.0000000000000000     
 -0.98490566405743873       0.99601593625498008       0.99800399201596801      -0.97798165674433668       0.49740000087769914        2.0816681711721685E-017   0.0000000000000000     
 -0.87421383647798756       0.99601593625498008       0.99800399201596801      -0.81651376146788957       0.47100000000000003        0.0000000000000000        0.0000000000000000     
 -0.74842767295597490       0.99601593625498008       0.99800399201596801      -0.63302752293577935       0.44100000000000000        0.0000000000000000        0.0000000000000000     
 -0.62264150943396224       0.99601593625498008       0.99800399201596801      -0.44954128440366914       0.41100000000000003        0.0000000000000000        0.0000000000000000     
 -0.49685534591194980       0.99601593625498008       0.99800399201596801      -0.26605504587155926       0.38100000000000001        0.0000000000000000        0.0000000000000000     
 -0.37106918238993714       0.99601593625498008       0.99800399201596801       -8.2568807339449032E-002  0.35099999999999998        0.0000000000000000        0.0000000000000000     
 -0.24528301886792445       0.99601593625498008       0.99800399201596801       0.10091743119266119       0.32099999999999995        0.0000000000000000        0.0000000000000000     
 -0.11949685534591174       0.99601593625498008       0.99800399201596801       0.28440366972477144       0.29099999999999993        0.0000000000000000        0.0000000000000000     
   6.2893081761009571E-003  0.99601593625498008       0.99800399201596801       0.46788990825688165       0.26099999999999990        0.0000000000000000        0.0000000000000000     
  0.13207547169811365       0.99601593625498008       0.99800399201596801       0.65137614678899192       0.23099999999999990        0.0000000000000000        0.0000000000000000     
  0.25786163522012623       0.99601593625498008       0.99800399201596801       0.83486238532110191       0.20099999999999990        0.0000000000000000        0.0000000000000000     
  0.37106918238993686       0.99601593625498008       0.99800399201596801        1.0000000000000000       0.17400000000000007        0.0000000000000000        0.0000000000000000     
           0
           0
  -1.0000000000000000        1.0000000000000000       -1.0000000000000000        1.0000000000000000     
  -1.0000000000000000        1.0000000000000000       -1.0000000000000000        1.0000000000000000     
           4
          13           1
          23           2
          17          16
          14          29
           1
           1
           1
          29
  0.99800796779548273      -0.99580607966465662       -1.0000000000000000      -0.99800399201596823       0.49999975000002062       -4.9999991666616105E-004   1.0000000000000000     
  0.99601593625498008      -0.99580712788259873      -0.99868705774995492      -0.99800399201596812       0.49999999999999978       -4.6259292692714853E-018   1.0000000000000000     
  0.87853632648976510      -0.99215822617184124      -0.92121164372873809      -0.99800399201596823       0.49912973694198415        2.9487382051068947E-002   1.0000000000000000     
  0.75948761177920232      -0.98097633891386238      -0.84242328745747652      -0.99800399201596823       0.49646285683095620        5.9368609443420192E-002   1.0000000000000000     
  0.64129039903675200      -0.96230067268485264      -0.76363493118621328      -0.99800399201596823       0.49200871043533739        8.9036109841775221E-002   1.0000000000000000     
  0.52437019822828779      -0.93619845988323180      -0.68484657491495249      -0.99800399201596823       0.48578333268215079       0.11838308024469976        1.0000000000000000     
  0.40914792207671985      -0.90276366847508682      -0.60605821864369269      -0.99800399201596823       0.47780913493130828       0.14730387155874330        1.0000000000000000     
  0.29603837077619327      -0.86211666370948992      -0.52726986237243134      -0.99800399201596823       0.46811482429471329       0.17569436893517548        1.0000000000000000     
  0.18544873871138995      -0.81440377480359571      -0.44848150610116827      -0.99800399201596823       0.45673530029065756       0.20345236658344112        1.0000000000000000     
   7.7777148557743606E-002 -0.75979676815746500      -0.36969314982990570      -0.99800399201596823       0.44371152920555540       0.23047793571200637        1.0000000000000000     
  -2.6588781960192352E-002 -0.69849222899502328      -0.29090479355864457      -0.99800399201596823       0.42909039661531312       0.25667378427200827        1.0000000000000000     
 -0.12727333549255340      -0.63071085365725632      -0.21211643728738450      -0.99800399201596823       0.41292453859725564       0.28194560720863093        1.0000000000000000     
 -0.22391404764662354      -0.55669665509537969      -0.13332808101612387      -0.99800399201596823       0.39527215224024803       0.30620242595930253        1.0000000000000000     
 -0.31616301185864809      -0.47671608442421654       -5.4539724744861760E-002 -0.99800399201596823       0.37619678613517565       0.32935691597652067        1.0000000000000000     
 -0.40368813185746344      -0.39105707169818293        2.4248631526401075E-002 -0.99800399201596823       0.35576711160001662       0.35132572109622334        1.0000000000000000     
 -0.43665936580672049      -0.35597484644728894        5.5152008571883994E-002 -0.99800399201596823       0.34740000087767847       0.35960150081748687        1.0000000000000000     
 -0.48617431721107407      -0.30002798936309227       0.10303698779766350      -0.99800399201596823       0.33405667546309753       0.37202975361997959        1.0000000000000000     
 -0.56332461765220698      -0.20395654211535133       0.18182534406892459      -0.99800399201596823       0.31114363529451128       0.39139447903070396        1.0000000000000000     
 -0.63486129209927422      -0.10318858716505175       0.26061370034018455      -0.99800399201596823       0.28711047803886486       0.40935018431691783        1.0000000000000000     
 -0.70052680852426608        1.9131108499856062E-003  0.33940205661144512      -0.99800399201596823       0.26204372306227847       0.42583222893959077        1.0000000000000000     
 -0.76008477106805228       0.11097018581690626       0.41819041288270697      -0.99800399201596823       0.23603361068266787       0.44078127753808116        1.0000000000000000     
 -0.81332077106547496       0.22359003226583005       0.49697876915397005      -0.99800399201596823       0.20917377730459955       0.45414351353743421        1.0000000000000000     
 -0.86004315891654459       0.33936721874953985       0.57576712542523234      -0.99800399201596823       0.18156091832823473       0.46587083288805270        1.0000000000000000     
 -0.90008373402499753       0.45788494739669450       0.65455548169649280      -0.99800399201596823       0.15329444004588838       0.47592101724027436        1.0000000000000000     
 -0.93329835032044295       0.57871655438416414       0.73334383796775282      -0.99800399201596823       0.12447610177937687       0.48425788593043118        1.0000000000000000     
 -0.95956743518421495       0.70142704592679483       0.81213219423901495      -0.99800399201596823        9.5209649546459441E-002  0.49085142623123795        1.0000000000000000     
 -0.97879641991080524       0.82557466425503245       0.89092055051027774      -0.99800399201596823        6.5600442575174750E-002  0.49567790139761214        1.0000000000000000     
 -0.99091608015520305       0.95071247794289493       0.96970890678153687      -0.99800399201596823        3.5755074010619579E-002  0.49871993611895593        1.0000000000000000     
 -0.99367350913084385       0.99899146864681843        1.0000000000000000      -0.99800399201596823        2.4240534727733826E-002  0.49941205079184181        1.0000000000000000     
           0
           0
  -1.0000000000000000        1.0000000000000000       -1.0000000000000000        1.0000000000000000     
  -1.0000000000000000        1.0000000000000000       -1.0000000000000000        1.0000000000000000     
           4
          15           1
          17           6
          20           7
          16          14
           1
           1
           1
          14
  -1.0000000000000000      -0.35597484644728894       -1.0000000000000007      -0.99800399201596868       0.34740000087767842       0.50100000000000000        1.0000000000000000     
 -0.88047808764940250      -0.35597484644728894      -0.81751542834627722      -0.99800399201596868       0.34740000087767842       0.47100000000000003        1.0000000000000000     
 -0.76095617529880477      -0.35597484644728894      -0.63503085669255366      -0.99800399201596868       0.34740000087767842       0.44100000000000006        1.0000000000000000     
 -0.64143426294820727      -0.35597484644728894      -0.45254628503883021      -0.99800399201596868       0.34740000087767842       0.41100000000000003        1.0000000000000000     
 -0.52191235059760976      -0.35597484644728894      -0.27006171338510643      -0.99800399201596868       0.34740000087767842       0.38100000000000001        1.0000000000000000     
 -0.43665936580672049      -0.35597484644728894      -0.13989851480665752      -0.99800399201596868       0.34740000087767847       0.35960150081748687        1.0000000000000000     
 -0.42222122609726709      -0.35597484644728894      -0.11785454237901032      -0.99800399201596868       0.34740000087767847       0.35597752775041402        1.0000000000000000     
 -0.40239043824701204      -0.35597484644728894       -8.7577141731382632E-002 -0.99800399201596868       0.34740000087767842       0.35099999999999998        1.0000000000000000     
 -0.28286852589641431      -0.35597484644728894        9.4907429922341163E-002 -0.99800399201596868       0.34740000087767842       0.32099999999999995        1.0000000000000000     
 -0.16334661354581662      -0.35597484644728894       0.27739200157606497      -0.99800399201596868       0.34740000087767842       0.29099999999999993        1.0000000000000000     
  -4.3824701195218911E-002 -0.35597484644728894       0.45987657322978875      -0.99800399201596868       0.34740000087767842       0.26099999999999990        1.0000000000000000     
   7.5697211155378891E-002 -0.35597484644728894       0.64236114488351259      -0.99800399201596868       0.34740000087767842       0.23099999999999987        1.0000000000000000     
  0.19521912350597659      -0.35597484644728894       0.82484571653723626      -0.99800399201596868       0.34740000087767842       0.20099999999999987        1.0000000000000000     
  0.30993991730323678      -0.35597484644728894        1.0000000000000000      -0.99800399201596868       0.34740000087767842       0.17220508075688756        1.0000000000000000     
           0
           0
  -1.0000000000000000        1.0000000000000000       -1.0000000000000000        1.0000000000000000     
  -1.0000000000000000        1.0000000000000000       -1.0000000000000000        1.0000000000000000     
           4
          18           1
          20          12
          24          26
          19          27
           1
           1
           1
          27
 -0.96589425155596631       0.80682429823946455       -1.0000000000000000      -0.99800399201596868        7.0072404869887722E-002  0.49243945714054754        1.0000000000000000     
 -0.94549552314648777       0.68288362452434770      -0.91565894820320737      -0.99800399201596868        9.9632255550943072E-002  0.48731937630976840        1.0000000000000000     
 -0.91803409237885847       0.56046259713713698      -0.83131789640716092      -0.99800399201596868       0.12882967058279288       0.48042655718709348        1.0000000000000000     
 -0.88360985663493485       0.44000655121849358      -0.74697684461138136      -0.99800399201596868       0.15755843753438931       0.47178607401536865        1.0000000000000000     
 -0.84234804212948844       0.32195367382904450      -0.66263579281547547      -0.99800399201596868       0.18571404879177292       0.46142935857450162        1.0000000000000000     
 -0.79439874837042557       0.20673340994140746      -0.57829474101941036      -0.99800399201596868       0.21319408172897431       0.44939408584097684        1.0000000000000000     
 -0.73993640213667478        9.4764900233597890E-002 -0.49395368922332783      -0.99800399201596868       0.23989857129428688       0.43572403693630535        1.0000000000000000     
 -0.67915912295995462       -1.3544543633287800E-002 -0.40961263742734438      -0.99800399201596868       0.26573037365653918       0.42046893986294864        1.0000000000000000     
 -0.61228800241861447      -0.11780092070657464      -0.32527158563146963      -0.99800399201596868       0.29059551958851804       0.40368428860707217        1.0000000000000000     
 -0.53956629986527960      -0.21762497401269881      -0.24093053383562912      -0.99800399201596868       0.31440355630202865       0.38543114126618516        1.0000000000000000     
 -0.46125855751402706      -0.31265357019322509      -0.15658948203973586      -0.99800399201596868       0.33706787649108416       0.36577589793602083        1.0000000000000000     
 -0.42222122609726709      -0.35597484644728894      -0.11656195176340529      -0.99800399201596868       0.34740000087767847       0.35597752775041402        1.0000000000000000     
 -0.37764963810615776      -0.40254102048743096       -7.2248430243748191E-002 -0.99800399201596868       0.35850603338625231       0.34479005916464567        1.0000000000000000     
 -0.28904368865529512      -0.48696033825608243        1.2092621552307470E-002 -0.99800399201596868       0.37864004067407564       0.32254996585247908        1.0000000000000000     
 -0.19576303404142670      -0.56560442847185677        9.6433673348361379E-002 -0.99800399201596868       0.39739665619053788       0.29913652154439807        1.0000000000000000     
  -9.8147004478710387E-002 -0.63818720484937841       0.18077472514434892      -0.99800399201596868       0.41470764835657675       0.27463489812415631        1.0000000000000000     
   3.4492988775972106E-003 -0.70444463055104378       0.26511577694025446      -0.99800399201596868       0.43051004438642393       0.24913422598172308        1.0000000000000000     
  0.10865629569470175      -0.76413567868282584       0.34945682873612893      -0.99800399201596868       0.44474635936585394       0.22272726978062984        1.0000000000000000     
  0.21709127089722888      -0.81704320908602623       0.43379788053205592      -0.99800399201596868       0.45736480536701729       0.19551009100479555        1.0000000000000000     
  0.32835976688289126      -0.86297475823542757       0.51813893232808583      -0.99800399201596868       0.46831947983914946       0.16758169851239429        1.0000000000000000     
  0.44205701845434775      -0.90176323937040592       0.60247998412416670      -0.99800399201596868       0.47757053258984183       0.13904368836795872        1.0000000000000000     
  0.55776942524735185      -0.93326755031211495       0.68682103592014077      -0.99800399201596868       0.48508431074943942       0.10999987426291472        1.0000000000000000     
  0.67507605629888234      -0.95737308675567356       0.77116208771587891      -0.99800399201596868       0.49083348119122816        8.0555909868980535E-002   1.0000000000000000     
  0.79355018128203625      -0.97399215917015869       0.85550313951158585      -0.99800399201596868       0.49479712996208280        5.0818904498208889E-002   1.0000000000000000     
  0.91276082283746318      -0.98306431178988163       0.93984419130818286      -0.99800399201596868       0.49696083836188676        2.0897033467796762E-002   1.0000000000000000     
  0.99601593625498008      -0.98490566405743873       0.99860183737036767      -0.99800399201596868       0.49740000087769909        2.0816681711721685E-017   1.0000000000000000     
  0.99799760923179148      -0.98490462129023915        1.0000000000000000      -0.99800399201596868       0.49739975217772203       -4.9739991717968109E-004   1.0000000000000000     
           0
           0
  -1.0000000000000000        1.0000000000000000       -1.0000000000000000        1.0000000000000000     
  -1.0000000000000000        1.0000000000000000       -1.0000000000000000        1.0000000000000000     
           4
          22           1
          24          12
          23          13
          21          14
           1
           1
           1
          14
  0.99601593625498008       0.37106918238993686      -0.99800399201596801        1.0000000000000000       0.17400000000000007        0.0000000000000000        1.0000000000000000     
  0.99601593625498008       0.24528301886792428      -0.99800399201596801       0.81651376146788990       0.20400000000000007        0.0000000000000000        1.0000000000000000     
  0.99601593625498008       0.11949685534591170      -0.99800399201596801       0.63302752293578002       0.23400000000000004        0.0000000000000000        1.0000000000000000     
  0.99601593625498008       -6.2893081761007637E-003 -0.99800399201596801       0.44954128440366981       0.26400000000000007        0.0000000000000000        1.0000000000000000     
  0.99601593625498008      -0.13207547169811346      -0.99800399201596801       0.26605504587155959       0.29400000000000004        0.0000000000000000        1.0000000000000000     
  0.99601593625498008      -0.25786163522012595      -0.99800399201596801        8.2568807339449712E-002  0.32400000000000007        0.0000000000000000        1.0000000000000000     
  0.99601593625498008      -0.38364779874213861      -0.99800399201596801      -0.10091743119266051       0.35400000000000009        0.0000000000000000        1.0000000000000000     
  0.99601593625498008      -0.50943396226415127      -0.99800399201596801      -0.28440366972477071       0.38400000000000012        0.0000000000000000        1.0000000000000000     
  0.99601593625498008      -0.63522012578616394      -0.99800399201596801      -0.46788990825688093       0.41400000000000015        0.0000000000000000        1.0000000000000000     
  0.99601593625498008      -0.76100628930817682      -0.99800399201596801      -0.65137614678899114       0.44400000000000017        0.0000000000000000        1.0000000000000000     
  0.99601593625498008      -0.88679245283018926      -0.99800399201596801      -0.83486238532110146       0.47400000000000020        0.0000000000000000        1.0000000000000000     
  0.99601593625498008      -0.98490566405743873      -0.99800399201596801      -0.97798165674433657       0.49740000087769909        2.0816681711721685E-017   1.0000000000000000     
  0.99601593625498008      -0.99580712788259873      -0.99800399201596801      -0.99388379204892785       0.49999999999999978       -4.6259292692714853E-018   1.0000000000000000     
  0.99601593625498008       -1.0000000000000000      -0.99800399201596801      -0.99999999999999944       0.50100000000000000        0.0000000000000000        1.0000000000000000     
           0
           0
  -1.0000000000000000        1.0000000000000000       -1.0000000000000000        1.0000000000000000     
  -1.0000000000000000        1.0000000000000000       -1.0000000000000000        1.0000000000000000     
           4
          26           1
           5           2
          17          36
          25          37
           1
           1
           1
          37
   5.5152008571883959E-002   1.0000000000000000      -0.13989851480665738       0.99999999999999956       0.34740000087767842       0.35960150081748687       -9.9999999999988987E-004
   5.5152008571883959E-002  0.99800399201596823      -0.13989851480665738       0.99800399201596779       0.34740000087767847       0.35960150081748687        0.0000000000000000     
   5.5152008571883959E-002  0.94011976047904189      -0.13989851480665738       0.94011976047904144       0.34740000087767842       0.35960150081748687        2.9000000000000137E-002
   5.5152008571883959E-002  0.88023952095808367      -0.13989851480665738       0.88023952095808322       0.34740000087767842       0.35960150081748687        5.9000000000000163E-002
   5.5152008571883959E-002  0.82035928143712555      -0.13989851480665738       0.82035928143712511       0.34740000087767842       0.35960150081748687        8.9000000000000190E-002
   5.5152008571883959E-002  0.76047904191616744      -0.13989851480665738       0.76047904191616700       0.34740000087767842       0.35960150081748687       0.11900000000000022     
   5.5152008571883959E-002  0.70059880239520922      -0.13989851480665738       0.70059880239520878       0.34740000087767842       0.35960150081748687       0.14900000000000024     
   5.5152008571883959E-002  0.64071856287425111      -0.13989851480665738       0.64071856287425066       0.34740000087767842       0.35960150081748687       0.17900000000000027     
   5.5152008571883959E-002  0.58083832335329300      -0.13989851480665738       0.58083832335329255       0.34740000087767842       0.35960150081748687       0.20900000000000030     
   5.5152008571883959E-002  0.52095808383233477      -0.13989851480665738       0.52095808383233433       0.34740000087767842       0.35960150081748687       0.23900000000000032     
   5.5152008571883959E-002  0.46107784431137672      -0.13989851480665738       0.46107784431137627       0.34740000087767842       0.35960150081748687       0.26900000000000035     
   5.5152008571883959E-002  0.40119760479041855      -0.13989851480665738       0.40119760479041811       0.34740000087767842       0.35960150081748687       0.29900000000000038     
   5.5152008571883959E-002  0.34131736526946038      -0.13989851480665738       0.34131736526945994       0.34740000087767842       0.35960150081748687       0.32900000000000040     
   5.5152008571883959E-002  0.28143712574850233      -0.13989851480665738       0.28143712574850188       0.34740000087767842       0.35960150081748687       0.35900000000000037     
   5.5152008571883959E-002  0.22155688622754416      -0.13989851480665738       0.22155688622754371       0.34740000087767842       0.35960150081748687       0.38900000000000040     
   5.5152008571883959E-002  0.16167664670658610      -0.13989851480665738       0.16167664670658566       0.34740000087767842       0.35960150081748687       0.41900000000000037     
   5.5152008571883959E-002  0.10179640718562805      -0.13989851480665738       0.10179640718562762       0.34740000087767842       0.35960150081748687       0.44900000000000034     
   5.5152008571883959E-002   4.1916167664669997E-002 -0.13989851480665738        4.1916167664669574E-002  0.34740000087767842       0.35960150081748687       0.47900000000000031     
   5.5152008571883959E-002  -1.7964071856288052E-002 -0.13989851480665738       -1.7964071856288469E-002  0.34740000087767842       0.35960150081748687       0.50900000000000034     
   5.5152008571883959E-002  -7.7844311377246095E-002 -0.13989851480665738       -7.7844311377246733E-002  0.34740000087767842       0.35960150081748687       0.53900000000000037     
   5.5152008571883959E-002 -0.13772455089820437      -0.13989851480665738      -0.13772455089820479       0.34740000087767842       0.35960150081748687       0.56900000000000039     
   5.5152008571883959E-002 -0.19760479041916243      -0.13989851480665738      -0.19760479041916285       0.34740000087767842       0.35960150081748687       0.59900000000000031     
   5.5152008571883959E-002 -0.25748502994012046      -0.13989851480665738      -0.25748502994012090       0.34740000087767842       0.35960150081748687       0.62900000000000034     
   5.5152008571883959E-002 -0.31736526946107851      -0.13989851480665738      -0.31736526946107896       0.34740000087767842       0.35960150081748687       0.65900000000000025     
   5.5152008571883959E-002 -0.37724550898203657      -0.13989851480665738      -0.37724550898203701       0.34740000087767842       0.35960150081748687       0.68900000000000028     
   5.5152008571883959E-002 -0.43712574850299463      -0.13989851480665738      -0.43712574850299507       0.34740000087767842       0.35960150081748687       0.71900000000000031     
   5.5152008571883959E-002 -0.49700598802395268      -0.13989851480665738      -0.49700598802395313       0.34740000087767842       0.35960150081748687       0.74900000000000022     
   5.5152008571883959E-002 -0.55688622754491079      -0.13989851480665738      -0.55688622754491124       0.34740000087767842       0.35960150081748687       0.77900000000000025     
   5.5152008571883959E-002 -0.61676646706586891      -0.13989851480665738      -0.61676646706586935       0.34740000087767842       0.35960150081748687       0.80900000000000027     
   5.5152008571883959E-002 -0.67664670658682713      -0.13989851480665738      -0.67664670658682757       0.34740000087767842       0.35960150081748687       0.83900000000000030     
   5.5152008571883959E-002 -0.73652694610778524      -0.13989851480665738      -0.73652694610778568       0.34740000087767842       0.35960150081748687       0.86900000000000033     
   5.5152008571883959E-002 -0.79640718562874335      -0.13989851480665738      -0.79640718562874380       0.34740000087767842       0.35960150081748687       0.89900000000000035     
   5.5152008571883959E-002 -0.85628742514970158      -0.13989851480665738      -0.85628742514970202       0.34740000087767842       0.35960150081748687       0.92900000000000038     
   5.5152008571883959E-002 -0.91616766467065969      -0.13989851480665738      -0.91616766467066013       0.34740000087767842       0.35960150081748687       0.95900000000000041     
   5.5152008571883959E-002 -0.97604790419161780      -0.13989851480665738      -0.97604790419161824       0.34740000087767842       0.35960150081748687       0.98900000000000043     
   5.5152008571883959E-002 -0.99800399201596823      -0.13989851480665738      -0.99800399201596868       0.34740000087767847       0.35960150081748687        1.0000000000000000     
   5.5152008571883959E-002  -1.0000000000000000      -0.13989851480665738       -1.0000000000000004       0.34740000087767842       0.35960150081748687        1.0009999999999999     
           0
           0
  -1.0000000000000000        1.0000000000000000       -1.0000000000000000        1.0000000000000000     
  -1.0000000000000000        1.0000000000000000       -1.0000000000000000        1.0000000000000000     
           4
          27           1
          23           2
          11          36
          28          37
           1
           1
           1
          37
 -0.99868705774995492       -1.0000000000000000      -0.99999999999999989      -0.99388379204892774       0.49999999999999978       -6.9388939039072284E-018   1.0009999999999999     
 -0.99868705774995492      -0.99800399201596812      -0.99800399201596801      -0.99388379204892774       0.49999999999999978       -4.6259292692714853E-018   1.0000000000000000     
 -0.99868705774995492      -0.94011976047904189      -0.94011976047904178      -0.99388379204892774       0.49999999999999978       -6.9388939039072284E-018  0.97099999999999986     
 -0.99868705774995492      -0.88023952095808378      -0.88023952095808367      -0.99388379204892774       0.49999999999999978       -6.9388939039072284E-018  0.94099999999999984     
 -0.99868705774995492      -0.82035928143712566      -0.82035928143712533      -0.99388379204892774       0.49999999999999978       -6.9388939039072284E-018  0.91099999999999981     
 -0.99868705774995492      -0.76047904191616755      -0.76047904191616722      -0.99388379204892774       0.49999999999999978       -6.9388939039072284E-018  0.88099999999999978     
 -0.99868705774995492      -0.70059880239520933      -0.70059880239520922      -0.99388379204892774       0.49999999999999978       -6.9388939039072284E-018  0.85099999999999976     
 -0.99868705774995492      -0.64071856287425122      -0.64071856287425111      -0.99388379204892774       0.49999999999999978       -6.9388939039072284E-018  0.82099999999999973     
 -0.99868705774995492      -0.58083832335329311      -0.58083832335329277      -0.99388379204892774       0.49999999999999978       -6.9388939039072284E-018  0.79099999999999970     
 -0.99868705774995492      -0.52095808383233488      -0.52095808383233477      -0.99388379204892774       0.49999999999999978       -6.9388939039072284E-018  0.76099999999999968     
 -0.99868705774995492      -0.46107784431137683      -0.46107784431137672      -0.99388379204892774       0.49999999999999978       -6.9388939039072284E-018  0.73099999999999976     
 -0.99868705774995492      -0.40119760479041877      -0.40119760479041872      -0.99388379204892774       0.49999999999999978       -6.9388939039072284E-018  0.70099999999999985     
 -0.99868705774995492      -0.34131736526946072      -0.34131736526946072      -0.99388379204892774       0.49999999999999978       -6.9388939039072284E-018  0.67099999999999982     
 -0.99868705774995492      -0.28143712574850266      -0.28143712574850271      -0.99388379204892774       0.49999999999999978       -6.9388939039072284E-018  0.64099999999999979     
 -0.99868705774995492      -0.22155688622754460      -0.22155688622754446      -0.99388379204892774       0.49999999999999978       -6.9388939039072284E-018  0.61099999999999977     
 -0.99868705774995492      -0.16167664670658632      -0.16167664670658644      -0.99388379204892774       0.49999999999999978       -6.9388939039072284E-018  0.58099999999999974     
 -0.99868705774995492      -0.10179640718562827      -0.10179640718562818      -0.99388379204892774       0.49999999999999978       -6.9388939039072284E-018  0.55099999999999971     
 -0.99868705774995492       -4.1916167664669997E-002  -4.1916167664670156E-002 -0.99388379204892774       0.49999999999999978       -6.9388939039072284E-018  0.52099999999999969     
 -0.99868705774995492        1.7964071856288052E-002   1.7964071856288094E-002 -0.99388379204892774       0.49999999999999978       -6.9388939039072284E-018  0.49099999999999966     
 -0.99868705774995492        7.7844311377246206E-002   7.7844311377246234E-002 -0.99388379204892774       0.49999999999999978       -6.9388939039072284E-018  0.46099999999999963     
 -0.99868705774995492       0.13772455089820437       0.13772455089820426      -0.99388379204892774       0.49999999999999978       -6.9388939039072284E-018  0.43099999999999961     
 -0.99868705774995492       0.19760479041916254       0.19760479041916251      -0.99388379204892774       0.49999999999999978       -6.9388939039072284E-018  0.40099999999999958     
 -0.99868705774995492       0.25748502994012068       0.25748502994012062      -0.99388379204892774       0.49999999999999978       -6.9388939039072284E-018  0.37099999999999955     
 -0.99868705774995492       0.31736526946107874       0.31736526946107874      -0.99388379204892774       0.49999999999999978       -6.9388939039072284E-018  0.34099999999999953     
 -0.99868705774995492       0.37724550898203701       0.37724550898203685      -0.99388379204892774       0.49999999999999978       -6.9388939039072284E-018  0.31099999999999950     
 -0.99868705774995492       0.43712574850299507       0.43712574850299507      -0.99388379204892774       0.49999999999999978       -6.9388939039072284E-018  0.28099999999999947     
 -0.99868705774995492       0.49700598802395324       0.49700598802395307      -0.99388379204892774       0.49999999999999978       -6.9388939039072284E-018  0.25099999999999945     
 -0.99868705774995492       0.55688622754491146       0.55688622754491135      -0.99388379204892774       0.49999999999999978       -6.9388939039072284E-018  0.22099999999999942     
 -0.99868705774995492       0.61676646706586957       0.61676646706586946      -0.99388379204892774       0.49999999999999978       -6.9388939039072284E-018  0.19099999999999939     
 -0.99868705774995492       0.67664670658682780       0.67664670658682757      -0.99388379204892774       0.49999999999999978       -6.9388939039072284E-018  0.16099999999999937     
 -0.99868705774995492       0.73652694610778591       0.73652694610778580      -0.99388379204892774       0.49999999999999978       -6.9388939039072284E-018  0.13099999999999934     
 -0.99868705774995492       0.79640718562874402       0.79640718562874391      -0.99388379204892774       0.49999999999999978       -6.9388939039072284E-018  0.10099999999999931     
 -0.99868705774995492       0.85628742514970224       0.85628742514970202      -0.99388379204892774       0.49999999999999978       -6.9388939039072284E-018   7.0999999999999286E-002
 -0.99868705774995492       0.91616766467066035       0.91616766467066013      -0.99388379204892774       0.49999999999999978       -6.9388939039072284E-018   4.0999999999999259E-002
 -0.99868705774995492       0.97604790419161847       0.97604790419161824      -0.99388379204892774       0.49999999999999978       -6.9388939039072284E-018   1.0999999999999233E-002
 -0.99868705774995492       0.99800399201596823       0.99800399201596812      -0.99388379204892774       0.49999999999999978       -4.6259292692714853E-018   0.0000000000000000     
 -0.99868705774995492        1.0000000000000000       0.99999999999999989      -0.99388379204892774       0.49999999999999978       -6.9388939039072284E-018  -9.9999999999988987E-004
           0
           0
  -1.0000000000000000        1.0000000000000000       -1.0000000000000000        1.0000000000000000     
  -1.0000000000000000        1.0000000000000000       -1.0000000000000000        1.0000000000000000     
           4
          30           1
           8           2
          20          36
          29          37
           1
           1
           1
          37
 -0.11785454237901039        1.0000000000000000      -0.11656195176340520        1.0000000000000000       0.34740000087767842       0.35597752775041408       -1.0000000000001119E-003
 -0.11785454237901039       0.99800399201596779      -0.11656195176340520       0.99800399201596779       0.34740000087767847       0.35597752775041408        0.0000000000000000     
 -0.11785454237901039       0.94011976047904189      -0.11656195176340520       0.94011976047904189       0.34740000087767842       0.35597752775041408        2.8999999999999915E-002
 -0.11785454237901039       0.88023952095808367      -0.11656195176340520       0.88023952095808367       0.34740000087767842       0.35597752775041408        5.8999999999999941E-002
 -0.11785454237901039       0.82035928143712555      -0.11656195176340520       0.82035928143712555       0.34740000087767842       0.35597752775041408        8.8999999999999968E-002
 -0.11785454237901039       0.76047904191616744      -0.11656195176340520       0.76047904191616744       0.34740000087767842       0.35597752775041408       0.11899999999999999     
 -0.11785454237901039       0.70059880239520922      -0.11656195176340520       0.70059880239520922       0.34740000087767842       0.35597752775041408       0.14900000000000002     
 -0.11785454237901039       0.64071856287425111      -0.11656195176340520       0.64071856287425111       0.34740000087767842       0.35597752775041408       0.17900000000000005     
 -0.11785454237901039       0.58083832335329300      -0.11656195176340520       0.58083832335329300       0.34740000087767842       0.35597752775041408       0.20900000000000007     
 -0.11785454237901039       0.52095808383233477      -0.11656195176340520       0.52095808383233477       0.34740000087767842       0.35597752775041408       0.23900000000000010     
 -0.11785454237901039       0.46107784431137672      -0.11656195176340520       0.46107784431137672       0.34740000087767842       0.35597752775041408       0.26900000000000013     
 -0.11785454237901039       0.40119760479041855      -0.11656195176340520       0.40119760479041855       0.34740000087767842       0.35597752775041408       0.29900000000000015     
 -0.11785454237901039       0.34131736526946038      -0.11656195176340520       0.34131736526946038       0.34740000087767842       0.35597752775041408       0.32900000000000018     
 -0.11785454237901039       0.28143712574850233      -0.11656195176340520       0.28143712574850233       0.34740000087767842       0.35597752775041408       0.35900000000000015     
 -0.11785454237901039       0.22155688622754416      -0.11656195176340520       0.22155688622754416       0.34740000087767842       0.35597752775041408       0.38900000000000018     
 -0.11785454237901039       0.16167664670658610      -0.11656195176340520       0.16167664670658610       0.34740000087767842       0.35597752775041408       0.41900000000000015     
 -0.11785454237901039       0.10179640718562806      -0.11656195176340520       0.10179640718562806       0.34740000087767842       0.35597752775041408       0.44900000000000012     
 -0.11785454237901039        4.1916167664670018E-002 -0.11656195176340520        4.1916167664670018E-002  0.34740000087767842       0.35597752775041408       0.47900000000000009     
 -0.11785454237901039       -1.7964071856288025E-002 -0.11656195176340520       -1.7964071856288025E-002  0.34740000087767842       0.35597752775041408       0.50900000000000012     
 -0.11785454237901039       -7.7844311377246289E-002 -0.11656195176340520       -7.7844311377246289E-002  0.34740000087767842       0.35597752775041408       0.53900000000000015     
 -0.11785454237901039      -0.13772455089820435      -0.11656195176340520      -0.13772455089820435       0.34740000087767842       0.35597752775041408       0.56900000000000017     
 -0.11785454237901039      -0.19760479041916240      -0.11656195176340520      -0.19760479041916240       0.34740000087767842       0.35597752775041408       0.59900000000000009     
 -0.11785454237901039      -0.25748502994012046      -0.11656195176340520      -0.25748502994012046       0.34740000087767842       0.35597752775041408       0.62900000000000011     
 -0.11785454237901039      -0.31736526946107851      -0.11656195176340520      -0.31736526946107851       0.34740000087767842       0.35597752775041408       0.65900000000000003     
 -0.11785454237901039      -0.37724550898203657      -0.11656195176340520      -0.37724550898203657       0.34740000087767842       0.35597752775041408       0.68900000000000006     
 -0.11785454237901039      -0.43712574850299463      -0.11656195176340520      -0.43712574850299463       0.34740000087767842       0.35597752775041408       0.71900000000000008     
 -0.11785454237901039      -0.49700598802395268      -0.11656195176340520      -0.49700598802395268       0.34740000087767842       0.35597752775041408       0.74900000000000000     
 -0.11785454237901039      -0.55688622754491079      -0.11656195176340520      -0.55688622754491079       0.34740000087767842       0.35597752775041408       0.77900000000000003     
 -0.11785454237901039      -0.61676646706586891      -0.11656195176340520      -0.61676646706586891       0.34740000087767842       0.35597752775041408       0.80900000000000005     
 -0.11785454237901039      -0.67664670658682713      -0.11656195176340520      -0.67664670658682713       0.34740000087767842       0.35597752775041408       0.83900000000000008     
 -0.11785454237901039      -0.73652694610778524      -0.11656195176340520      -0.73652694610778524       0.34740000087767842       0.35597752775041408       0.86900000000000011     
 -0.11785454237901039      -0.79640718562874335      -0.11656195176340520      -0.79640718562874335       0.34740000087767842       0.35597752775041408       0.89900000000000013     
 -0.11785454237901039      -0.85628742514970158      -0.11656195176340520      -0.85628742514970158       0.34740000087767842       0.35597752775041408       0.92900000000000016     
 -0.11785454237901039      -0.91616766467065969      -0.11656195176340520      -0.91616766467065969       0.34740000087767842       0.35597752775041408       0.95900000000000019     
 -0.11785454237901039      -0.97604790419161780      -0.11656195176340520      -0.97604790419161780       0.34740000087767842       0.35597752775041408       0.98900000000000021     
 -0.11785454237901039      -0.99800399201596868      -0.11656195176340520      -0.99800399201596868       0.34740000087767847       0.35597752775041408        1.0000000000000000     
 -0.11785454237901039       -1.0000000000000000      -0.11656195176340520       -1.0000000000000000       0.34740000087767842       0.35597752775041408        1.0009999999999997     
           0
           0
  -1.0000000000000000        1.0000000000000000       -1.0000000000000000        1.0000000000000000     
  -1.0000000000000000        1.0000000000000000       -1.0000000000000000        1.0000000000000000     
           4
          32           1
          12           2
          24          36
          31          37
           1
           1
           1
          37
  0.99860183737036801        1.0000000000000000        1.0000000000000002      -0.97798165674433679       0.49740000087769914        1.7347234759768071E-018  -1.0000000000001119E-003
  0.99860183737036767       0.99800399201596779       0.99800399201596801      -0.97798165674433679       0.49740000087769914        2.0816681711721685E-017   0.0000000000000000     
  0.99860183737036767       0.94011976047904189       0.94011976047904211      -0.97798165674433679       0.49740000087769914        3.1225022567582528E-017   2.8999999999999915E-002
  0.99860183737036790       0.88023952095808367       0.88023952095808400      -0.97798165674433679       0.49740000087769914        1.7347234759768071E-018   5.8999999999999941E-002
  0.99860183737036790       0.82035928143712555       0.82035928143712578      -0.97798165674433679       0.49740000087769914        1.7347234759768071E-018   8.8999999999999968E-002
  0.99860183737036790       0.76047904191616744       0.76047904191616766      -0.97798165674433679       0.49740000087769914        1.7347234759768071E-018  0.11899999999999999     
  0.99860183737036790       0.70059880239520922       0.70059880239520955      -0.97798165674433679       0.49740000087769914        1.7347234759768071E-018  0.14900000000000002     
  0.99860183737036790       0.64071856287425111       0.64071856287425144      -0.97798165674433679       0.49740000087769914        1.7347234759768071E-018  0.17900000000000005     
  0.99860183737036790       0.58083832335329300       0.58083832335329322      -0.97798165674433679       0.49740000087769914        1.7347234759768071E-018  0.20900000000000007     
  0.99860183737036790       0.52095808383233477       0.52095808383233511      -0.97798165674433679       0.49740000087769914        1.7347234759768071E-018  0.23900000000000010     
  0.99860183737036790       0.46107784431137672       0.46107784431137705      -0.97798165674433679       0.49740000087769914        1.7347234759768071E-018  0.26900000000000013     
  0.99860183737036790       0.40119760479041855       0.40119760479041883      -0.97798165674433679       0.49740000087769914        1.7347234759768071E-018  0.29900000000000015     
  0.99860183737036790       0.34131736526946038       0.34131736526946083      -0.97798165674433679       0.49740000087769914        1.7347234759768071E-018  0.32900000000000018     
  0.99860183737036790       0.28143712574850233       0.28143712574850260      -0.97798165674433679       0.49740000087769914        1.7347234759768071E-018  0.35900000000000021     
  0.99860183737036790       0.22155688622754405       0.22155688622754446      -0.97798165674433679       0.49740000087769914        1.7347234759768071E-018  0.38900000000000023     
  0.99860183737036790       0.16167664670658599       0.16167664670658632      -0.97798165674433679       0.49740000087769914        1.7347234759768071E-018  0.41900000000000026     
  0.99860183737036790       0.10179640718562784       0.10179640718562818      -0.97798165674433679       0.49740000087769914        1.7347234759768071E-018  0.44900000000000029     
  0.99860183737036790        4.1916167664669685E-002   4.1916167664670045E-002 -0.97798165674433679       0.49740000087769914        1.7347234759768071E-018  0.47900000000000031     
  0.99860183737036790       -1.7964071856288580E-002  -1.7964071856287983E-002 -0.97798165674433679       0.49740000087769914        1.7347234759768071E-018  0.50900000000000034     
  0.99860183737036790       -7.7844311377246622E-002  -7.7844311377246234E-002 -0.97798165674433679       0.49740000087769914        1.7347234759768071E-018  0.53900000000000037     
  0.99860183737036790      -0.13772455089820468      -0.13772455089820426      -0.97798165674433679       0.49740000087769914        1.7347234759768071E-018  0.56900000000000039     
  0.99860183737036790      -0.19760479041916296      -0.19760479041916251      -0.97798165674433679       0.49740000087769914        1.7347234759768071E-018  0.59900000000000042     
  0.99860183737036790      -0.25748502994012101      -0.25748502994012051      -0.97798165674433679       0.49740000087769914        1.7347234759768071E-018  0.62900000000000034     
  0.99860183737036790      -0.31736526946107907      -0.31736526946107851      -0.97798165674433679       0.49740000087769914        1.7347234759768071E-018  0.65900000000000036     
  0.99860183737036790      -0.37724550898203713      -0.37724550898203674      -0.97798165674433679       0.49740000087769914        1.7347234759768071E-018  0.68900000000000028     
  0.99860183737036790      -0.43712574850299518      -0.43712574850299452      -0.97798165674433679       0.49740000087769914        1.7347234759768071E-018  0.71900000000000031     
  0.99860183737036790      -0.49700598802395324      -0.49700598802395274      -0.97798165674433679       0.49740000087769914        1.7347234759768071E-018  0.74900000000000033     
  0.99860183737036790      -0.55688622754491135      -0.55688622754491079      -0.97798165674433679       0.49740000087769914        1.7347234759768071E-018  0.77900000000000036     
  0.99860183737036790      -0.61676646706586946      -0.61676646706586891      -0.97798165674433679       0.49740000087769914        1.7347234759768071E-018  0.80900000000000039     
  0.99860183737036790      -0.67664670658682768      -0.67664670658682691      -0.97798165674433679       0.49740000087769914        1.7347234759768071E-018  0.83900000000000041     
  0.99860183737036790      -0.73652694610778580      -0.73652694610778546      -0.97798165674433679       0.49740000087769914        1.7347234759768071E-018  0.86900000000000044     
  0.99860183737036790      -0.79640718562874391      -0.79640718562874357      -0.97798165674433679       0.49740000087769914        1.7347234759768071E-018  0.89900000000000047     
  0.99860183737036790      -0.85628742514970213      -0.85628742514970158      -0.97798165674433679       0.49740000087769914        1.7347234759768071E-018  0.92900000000000049     
  0.99860183737036790      -0.91616766467066024      -0.91616766467065969      -0.97798165674433679       0.49740000087769914        1.7347234759768071E-018  0.95900000000000052     
  0.99860183737036790      -0.97604790419161835      -0.97604790419161780      -0.97798165674433679       0.49740000087769914        1.7347234759768071E-018  0.98900000000000055     
  0.99860183737036767      -0.99800399201596868      -0.99800399201596801      -0.97798165674433668       0.49740000087769914        2.0816681711721685E-017   1.0000000000000000     
  0.99860183737036801       -1.0000000000000000      -0.99999999999999933      -0.97798165674433679       0.49740000087769914        1.7347234759768071E-018   1.0009999999999997     
