          12
           1
          27
           1
          26
          25
          24
          23
          22
          21
          20
          19
          18
          17
          16
          15
          14
          13
          12
          11
          10
           9
           8
           7
           6
           5
           4
           3
           2
          27
           2
          35
           1
         500
         499
         498
         497
         496
         495
         494
         493
         492
         491
         490
         489
         488
         487
         486
         485
         484
         483
         482
         481
         480
         479
         478
         477
         476
         475
         474
         473
         472
         471
         470
         469
         468
         261
           3
          12
           1
          60
          61
          62
          63
          64
          65
          66
          67
          68
          69
          59
           4
          12
          27
          37
          36
          35
          34
          33
          32
          31
          30
          29
          28
          38
           5
          35
          27
         501
         502
         503
         504
         505
         506
         507
         508
         509
         510
         511
         512
         513
         514
         515
         516
         517
         518
         519
         520
         521
         522
         523
         524
         525
         526
         527
         528
         529
         530
         531
         532
         533
         235
           6
          22
          38
          58
          57
          56
          55
          54
          53
          52
          51
          50
          49
          48
          47
          46
          45
          44
          43
          42
          41
          40
          39
          59
           7
          35
          38
        1438
        1439
        1440
        1441
        1442
        1443
        1444
        1445
        1446
        1447
        1448
        1449
        1450
        1451
        1452
        1453
        1454
        1455
        1456
        1457
        1458
        1459
        1460
        1461
        1462
        1463
        1464
        1465
        1466
        1467
        1468
        1469
        1470
         294
           8
          35
          59
        1808
        1809
        1810
        1811
        1812
        1813
        1814
        1815
        1816
        1817
        1818
        1819
        1820
        1821
        1822
        1823
        1824
        1825
        1826
        1827
        1828
        1829
        1830
        1831
        1832
        1833
        1834
        1835
        1836
        1837
        1838
        1839
        1840
         272
           9
          27
         235
         260
         259
         258
         257
         256
         255
         254
         253
         252
         251
         250
         249
         248
         247
         246
         245
         244
         243
         242
         241
         240
         239
         238
         237
         236
         261
          10
          12
         235
         295
         296
         297
         298
         299
         300
         301
         302
         303
         304
         294
          11
          12
         261
         271
         270
         269
         268
         267
         266
         265
         264
         263
         262
         272
          12
          23
         272
         293
         292
         291
         290
         289
         288
         287
         286
         285
         284
         283
         282
         281
         280
         279
         278
         277
         276
         275
         274
         273
         294
