 0.500000000000000E+00 -0.462592926927149E-17  0.000000000000000E+00 
 0.337718642538395E+00  0.368708717664803E+00  0.000000000000000E+00 
 0.351543652662802E+00  0.355551768765809E+00  0.000000000000000E+00 
 0.367748526312828E+00  0.338763961180559E+00  0.000000000000000E+00 
 0.385424967897050E+00  0.318508389405299E+00  0.000000000000000E+00 
 0.403650714467612E+00  0.295069653996792E+00  0.000000000000000E+00 
 0.421664107089238E+00  0.268699424622822E+00  0.000000000000000E+00 
 0.438858690646455E+00  0.239589335413910E+00  0.000000000000000E+00 
 0.454981455973935E+00  0.207344820817494E+00  0.000000000000000E+00 
 0.468193731807981E+00  0.175483986436702E+00  0.000000000000000E+00 
 0.477893666763611E+00  0.147029395928945E+00  0.000000000000000E+00 
 0.485330915040345E+00  0.120224385654915E+00  0.000000000000000E+00 
 0.491122817999107E+00  0.937996675933128E-01  0.000000000000000E+00 
 0.495490418340890E+00  0.670018308135638E-01  0.000000000000000E+00 
 0.498370459912581E+00  0.403346586265706E-01  0.000000000000000E+00 
 0.499711206735924E+00  0.169914644020783E-01  0.000000000000000E+00 
 0.325000014249235E+00  0.379967091651365E+00  0.000000000000000E+00 
 0.325000014249235E+00  0.357548585227304E+00  0.000000000000000E+00 
 0.325000014249235E+00  0.368930749587937E+00  0.000000000000000E+00 
 0.325000014249235E+00  0.346410167683871E+00  0.000000000000000E+00 
 0.474472582044235E+00  0.223781684917642E-01  0.000000000000000E+00 
 0.471495499929330E+00  0.575934638927465E-01  0.000000000000000E+00 
 0.466666035753538E+00  0.885879484515359E-01  0.000000000000000E+00 
 0.460889585796750E+00  0.114916505519755E+00  0.000000000000000E+00 
 0.453518190492280E+00  0.141231244522514E+00  0.000000000000000E+00 
 0.442478866873528E+00  0.172735248015830E+00  0.000000000000000E+00 
 0.426327418567486E+00  0.209451535478638E+00  0.000000000000000E+00 
 0.409760414092695E+00  0.240252818046656E+00  0.000000000000000E+00 
 0.392312135727780E+00  0.267798808245072E+00  0.000000000000000E+00 
 0.374436727856705E+00  0.292270679967617E+00  0.000000000000000E+00 
 0.356327639399407E+00  0.314094933000858E+00  0.000000000000000E+00 
 0.338014327650518E+00  0.333723430162967E+00  0.000000000000000E+00 
 0.475000014249245E+00 -0.346944695195361E-17  0.000000000000000E+00 
 0.487668592916834E+00  0.000000000000000E+00  0.000000000000000E+00 
 0.462319240022885E+00  0.154738656662128E+00  0.000000000000000E+00 
 0.469498435609997E+00  0.130752151698974E+00  0.000000000000000E+00 
 0.475961087647659E+00  0.104792071622269E+00  0.000000000000000E+00 
 0.480644410281488E+00  0.812357176946242E-01  0.000000000000000E+00 
 0.325000014249235E+00  0.379967091651365E+00  0.100000000000000E+01 
 0.499582149127509E+00  0.204371297676474E-01  0.100000000000000E+01 
 0.497711624083815E+00  0.477822064355622E-01  0.100000000000000E+01 
 0.494215145338374E+00  0.758379200543519E-01  0.100000000000000E+01 
 0.488867676256671E+00  0.104920899307065E+00  0.100000000000000E+01 
 0.481672603436552E+00  0.134132408830432E+00  0.100000000000000E+01 
 0.473172973120174E+00  0.161577651637270E+00  0.100000000000000E+01 
 0.462176078089530E+00  0.190770209523869E+00  0.100000000000000E+01 
 0.447761482874453E+00  0.222507650327064E+00  0.100000000000000E+01 
 0.429770094727230E+00  0.255534079289138E+00  0.100000000000000E+01 
 0.411799881041603E+00  0.283585715391523E+00  0.100000000000000E+01 
 0.392775120342359E+00  0.309398941239374E+00  0.100000000000000E+01 
 0.374716410509360E+00  0.331040196494294E+00  0.100000000000000E+01 
 0.358994703295965E+00  0.348027014763858E+00  0.100000000000000E+01 
 0.344426037510990E+00  0.362450968662629E+00  0.100000000000000E+01 
 0.333836661148900E+00  0.372227193623672E+00  0.100000000000000E+01 
 0.500000000000000E+00 -0.462592926927149E-17  0.100000000000000E+01 
 0.487002919742875E+00  0.000000000000000E+00  0.100000000000000E+01 
 0.475000014249245E+00 -0.346944695195361E-17  0.100000000000000E+01 
 0.325000014249235E+00  0.346410167683871E+00  0.100000000000000E+01 
 0.342139589947606E+00  0.329492814075288E+00  0.100000000000000E+01 
 0.360943798442383E+00  0.308779189555826E+00  0.100000000000000E+01 
 0.380412520926946E+00  0.284449164981682E+00  0.100000000000000E+01 
 0.399655493400762E+00  0.256710927175622E+00  0.100000000000000E+01 
 0.417240367225508E+00  0.227014293590292E+00  0.100000000000000E+01 
 0.433424691591503E+00  0.194340037706039E+00  0.100000000000000E+01 
 0.445621453733155E+00  0.164458303255021E+00  0.100000000000000E+01 
 0.456671755444712E+00  0.130674868723161E+00  0.100000000000000E+01 
 0.464426749525686E+00  0.996634730569800E-01  0.100000000000000E+01 
 0.469301382491512E+00  0.733568396833626E-01  0.100000000000000E+01 
 0.472772575452555E+00  0.459467674241730E-01  0.100000000000000E+01 
 0.474600090797107E+00  0.194876204844882E-01  0.100000000000000E+01 
 0.325000014249235E+00  0.366930233261522E+00  0.100000000000000E+01 
 0.325000014249235E+00  0.356482305101382E+00  0.100000000000000E+01 
 0.486339442927564E+00  0.332240807275909E-01  0.100000000000000E+01 
 0.483562428477937E+00  0.609002880546358E-01  0.100000000000000E+01 
 0.479351366798517E+00  0.884064631099470E-01  0.100000000000000E+01 
 0.474102648958108E+00  0.113024649813170E+00  0.100000000000000E+01 
 0.340422023168383E+00  0.348236173465968E+00  0.100000000000000E+01 
 0.500000000000000E+00 -0.138777878078145E-16  0.977270578289956E+00 
 0.500000000000000E+00 -0.138777878078145E-16  0.951885204981668E+00 
 0.500000000000000E+00 -0.138777878078145E-16  0.921494376864461E+00 
 0.500000000000000E+00 -0.138777878078145E-16  0.890970309464216E+00 
 0.500000000000000E+00 -0.138777878078145E-16  0.859150976198217E+00 
 0.500000000000000E+00 -0.138777878078145E-16  0.827248316434621E+00 
 0.500000000000000E+00 -0.138777878078145E-16  0.795173601693328E+00 
 0.500000000000000E+00 -0.138777878078145E-16  0.758022669811664E+00 
 0.500000000000000E+00 -0.138777878078145E-16  0.721780404027649E+00 
 0.500000000000000E+00 -0.138777878078145E-16  0.689810349934379E+00 
 0.500000000000000E+00 -0.138777878078145E-16  0.657842535299027E+00 
 0.500000000000000E+00 -0.138777878078145E-16  0.626629375745437E+00 
 0.500000000000000E+00 -0.138777878078145E-16  0.596210333026913E+00 
 0.500000000000000E+00 -0.138777878078145E-16  0.565875338730745E+00 
 0.500000000000000E+00 -0.138777878078145E-16  0.536794525678977E+00 
 0.500000000000000E+00 -0.138777878078145E-16  0.507759290758780E+00 
 0.500000000000000E+00 -0.138777878078145E-16  0.477157574193798E+00 
 0.500000000000000E+00 -0.138777878078145E-16  0.446293869438595E+00 
 0.500000000000000E+00 -0.138777878078145E-16  0.417183331531895E+00 
 0.500000000000000E+00 -0.138777878078145E-16  0.388682757583053E+00 
 0.500000000000000E+00 -0.138777878078145E-16  0.359028751916971E+00 
 0.500000000000000E+00 -0.138777878078145E-16  0.329851613728330E+00 
 0.500000000000000E+00 -0.138777878078145E-16  0.301469808699291E+00 
 0.500000000000000E+00 -0.138777878078145E-16  0.272463407308412E+00 
 0.500000000000000E+00 -0.138777878078145E-16  0.242648353490105E+00 
 0.500000000000000E+00 -0.138777878078145E-16  0.213424243431669E+00 
 0.500000000000000E+00 -0.138777878078145E-16  0.185337526154437E+00 
 0.500000000000000E+00 -0.138777878078145E-16  0.159973858137004E+00 
 0.500000000000000E+00 -0.138777878078145E-16  0.132194077419923E+00 
 0.500000000000000E+00 -0.138777878078145E-16  0.100484293590892E+00 
 0.500000000000000E+00 -0.138777878078145E-16  0.679622173233373E-01 
 0.500000000000000E+00 -0.138777878078145E-16  0.390841324409473E-01 
 0.500000000000000E+00 -0.138777878078145E-16  0.165057122652800E-01 
 0.325000014249235E+00  0.379967091651365E+00  0.225427843202956E-01 
 0.325000014249235E+00  0.379967091651365E+00  0.499217632757580E-01 
 0.325000014249235E+00  0.379967091651365E+00  0.745506635125265E-01 
 0.325000014249235E+00  0.379967091651365E+00  0.106047188390328E+00 
 0.325000014249235E+00  0.379967091651365E+00  0.138915114801994E+00 
 0.325000014249235E+00  0.379967091651365E+00  0.172578329358269E+00 
 0.325000014249235E+00  0.379967091651365E+00  0.204504460240225E+00 
 0.325000014249235E+00  0.379967091651365E+00  0.237516554076121E+00 
 0.325000014249235E+00  0.379967091651365E+00  0.278177513884364E+00 
 0.325000014249235E+00  0.379967091651365E+00  0.315500680690404E+00 
 0.325000014249235E+00  0.379967091651365E+00  0.343395723739739E+00 
 0.325000014249235E+00  0.379967091651365E+00  0.373285570034522E+00 
 0.325000014249235E+00  0.379967091651365E+00  0.406712317246724E+00 
 0.325000014249235E+00  0.379967091651365E+00  0.432749266757319E+00 
 0.325000014249235E+00  0.379967091651365E+00  0.459984169250456E+00 
 0.325000014249235E+00  0.379967091651365E+00  0.489978052305470E+00 
 0.325000014249235E+00  0.379967091651365E+00  0.520688257787939E+00 
 0.325000014249235E+00  0.379967091651365E+00  0.551153880605480E+00 
 0.325000014249235E+00  0.379967091651365E+00  0.581119447346250E+00 
 0.325000014249235E+00  0.379967091651365E+00  0.611207517086653E+00 
 0.325000014249235E+00  0.379967091651365E+00  0.641863833567488E+00 
 0.325000014249235E+00  0.379967091651365E+00  0.673000402725502E+00 
 0.325000014249235E+00  0.379967091651365E+00  0.703688601063900E+00 
 0.325000014249235E+00  0.379967091651365E+00  0.733728350097865E+00 
 0.325000014249235E+00  0.379967091651365E+00  0.764298174443430E+00 
 0.325000014249235E+00  0.379967091651365E+00  0.796843640078635E+00 
 0.325000014249235E+00  0.379967091651365E+00  0.821739319292205E+00 
 0.325000014249235E+00  0.379967091651365E+00  0.847209491003288E+00 
 0.325000014249235E+00  0.379967091651365E+00  0.873926637281468E+00 
 0.325000014249235E+00  0.379967091651365E+00  0.905504622497675E+00 
 0.325000014249235E+00  0.379967091651365E+00  0.936496416849262E+00 
 0.325000014249235E+00  0.379967091651365E+00  0.959027378633226E+00 
 0.325000014249235E+00  0.379967091651365E+00  0.981873346793467E+00 
 0.443604518672043E+00  0.230683833446875E+00  0.915339672138112E+00 
 0.425806380262365E+00  0.262085723624662E+00  0.918571293680526E+00 
 0.438969732026711E+00  0.239385827409222E+00  0.824548835575485E+00 
 0.435673372306709E+00  0.245333879973599E+00  0.884490412637896E+00 
 0.444578477586263E+00  0.228801174094629E+00  0.856018663305585E+00 
 0.451163713005817E+00  0.215525645960766E+00  0.886642860324299E+00 
 0.457419153724807E+00  0.201910172615650E+00  0.914850081896652E+00 
 0.459144174112875E+00  0.197956124881767E+00  0.158442207853366E+00 
 0.460569498112629E+00  0.194616899081968E+00  0.127967374390385E+00 
 0.446068501626505E+00  0.225882473549156E+00  0.112615854308014E+00 
 0.457970184654638E+00  0.200657195154812E+00  0.945091744847479E-01 
 0.354224472192564E+00  0.352881032785696E+00  0.831055173018617E+00 
 0.353274488074585E+00  0.353832073271545E+00  0.805383213079191E+00 
 0.365165048827476E+00  0.341547196028348E+00  0.821375566893767E+00 
 0.343969346163654E+00  0.362884401565772E+00  0.169104040952153E-01 
 0.368474386523749E+00  0.337974298543464E+00  0.799466439058616E+00 
 0.369687505691916E+00  0.336646919093713E+00  0.847699645819715E+00 
 0.379544329878462E+00  0.325493627675119E+00  0.823855510990607E+00 
 0.384496370993684E+00  0.319628754483521E+00  0.797926356797322E+00 
 0.388904177759852E+00  0.314250760573357E+00  0.852109231477636E+00 
 0.396024242704014E+00  0.305229092962502E+00  0.824373406400597E+00 
 0.400846393500630E+00  0.298868146207551E+00  0.796606320276496E+00 
 0.399911852372072E+00  0.300117494212413E+00  0.880474027283019E+00 
 0.407622012208690E+00  0.289558793965817E+00  0.851841823687170E+00 
 0.412306809855435E+00  0.282848182859347E+00  0.822772007053791E+00 
 0.416585413290957E+00  0.276507854198036E+00  0.794665248597229E+00 
 0.409704261493280E+00  0.286604986199204E+00  0.905371146392036E+00 
 0.418531919136095E+00  0.273552614069500E+00  0.880906576802782E+00 
 0.426781088117149E+00  0.260495494827727E+00  0.848743691921558E+00 
 0.425834626218429E+00  0.262039827341973E+00  0.817465389619973E+00 
 0.431746661041995E+00  0.252180135377647E+00  0.794588711970844E+00 
 0.447176259249949E+00  0.223681454669855E+00  0.966709724636887E+00 
 0.437859297743444E+00  0.241410926388220E+00  0.946352872197031E+00 
 0.451664718798269E+00  0.214473732174550E+00  0.941835059465952E+00 
 0.462968192928083E+00  0.188839753063029E+00  0.940579981786451E+00 
 0.452893926260680E+00  0.211865739458239E+00  0.829787070333077E+00 
 0.458726735138914E+00  0.198921548528039E+00  0.860002606570594E+00 
 0.464065181524418E+00  0.186127663974782E+00  0.889088583845963E+00 
 0.468764886909649E+00  0.173952524559386E+00  0.916839478350554E+00 
 0.358898040599772E+00  0.348126695979559E+00  0.199684519253975E-01 
 0.347476858039061E+00  0.359527235584875E+00  0.375735516874502E-01 
 0.338132584411210E+00  0.368329139981344E+00  0.549516461322341E-01 
 0.446108217435405E+00  0.225804026395911E+00  0.798255407592594E+00 
 0.459498895759129E+00  0.197131338949800E+00  0.804163648640394E+00 
 0.465572898674983E+00  0.182323547627217E+00  0.834172311552721E+00 
 0.470612253644561E+00  0.168890813011209E+00  0.863676716716729E+00 
 0.474686838606142E+00  0.157074521339733E+00  0.892996155254593E+00 
 0.465334205138333E+00  0.182931893141343E+00  0.780878297343552E+00 
 0.471220277397001E+00  0.167186872002238E+00  0.808688223567217E+00 
 0.476635552082409E+00  0.151058103030248E+00  0.837440280541486E+00 
 0.480392266124113E+00  0.138648009896065E+00  0.868491997528097E+00 
 0.474760980641520E+00  0.156850282946198E+00  0.783823383372675E+00 
 0.481944110440578E+00  0.133153574535723E+00  0.806893613298060E+00 
 0.485705886439026E+00  0.118700429141937E+00  0.842990613895661E+00 
 0.488126672267582E+00  0.108315981373835E+00  0.787869033802868E+00 
 0.490710993966476E+00  0.959308104856512E-01  0.818185206848936E+00 
 0.495061436892301E+00  0.701011676231635E-01  0.786817530794265E+00 
 0.364781848121691E+00  0.341956434770460E+00  0.213174375937852E+00 
 0.386534896749023E+00  0.317160485551436E+00  0.222226979251900E+00 
 0.381243932254024E+00  0.323501258296609E+00  0.192276297392380E+00 
 0.400561425423435E+00  0.299249969862565E+00  0.202690775711861E+00 
 0.395639081240791E+00  0.305728175664172E+00  0.171725947415122E+00 
 0.416686718557491E+00  0.276355167452665E+00  0.214117753620508E+00 
 0.417481071123625E+00  0.275153693875752E+00  0.182485139193089E+00 
 0.408540423119536E+00  0.288261552547874E+00  0.149139096296616E+00 
 0.432396246658493E+00  0.251064704559697E+00  0.211275323881207E+00 
 0.438255608550090E+00  0.240690717673928E+00  0.181625509995698E+00 
 0.375674018591197E+00  0.329953075081201E+00  0.216314295727583E-01 
 0.364641132660552E+00  0.342106481043592E+00  0.419469949745832E-01 
 0.353356370222916E+00  0.353750301233632E+00  0.612894441212378E-01 
 0.341026854573542E+00  0.365651041923411E+00  0.815187128927308E-01 
 0.427376589285814E+00  0.259517342253701E+00  0.153235929105814E+00 
 0.419190441620415E+00  0.272542425420487E+00  0.124716806348260E+00 
 0.450046138718902E+00  0.217849656929285E+00  0.214879326672380E+00 
 0.453867771412143E+00  0.209771413861315E+00  0.183028559864699E+00 
 0.445894456283645E+00  0.226225847010267E+00  0.149078749628117E+00 
 0.434140459915913E+00  0.248036410762614E+00  0.128071034787670E+00 
 0.430504507521183E+00  0.254294846593367E+00  0.101529923385552E+00 
 0.497640055345828E+00  0.485219055211217E-01  0.205695692310549E+00 
 0.494424460792922E+00  0.744610809055879E-01  0.188550053010174E+00 
 0.490226614372083E+00  0.983761483352820E-01  0.167104190669269E+00 
 0.489553423909673E+00  0.101673227244522E+00  0.196040643340933E+00 
 0.485373394768874E+00  0.120052770274322E+00  0.145152460615024E+00 
 0.482778335434758E+00  0.130096421299145E+00  0.200885407200780E+00 
 0.484012601029499E+00  0.125426480635706E+00  0.172620089889099E+00 
 0.474221906530120E+00  0.158472658105233E+00  0.204976699300123E+00 
 0.476029139004017E+00  0.152958356486639E+00  0.177242110963301E+00 
 0.478007884018883E+00  0.146657638109270E+00  0.150501103196236E+00 
 0.479651172161010E+00  0.141190484964707E+00  0.123609306930390E+00 
 0.463686524503645E+00  0.187068989930802E+00  0.208933816160863E+00 
 0.466248127923562E+00  0.180589820332634E+00  0.181160172211007E+00 
 0.468988884750556E+00  0.173347702553076E+00  0.154545258284454E+00 
 0.471892543922264E+00  0.165279844477702E+00  0.131045314177587E+00 
 0.471122630906805E+00  0.167461836391012E+00  0.103299781876064E+00 
 0.443576080095370E+00  0.230738512535785E+00  0.782019086409099E-01 
 0.466665534182958E+00  0.179508437700666E+00  0.778703140170454E-01 
 0.458071848539003E+00  0.200425002372610E+00  0.636814760069777E-01 
 0.448568939529590E+00  0.220875318877640E+00  0.494222056663595E-01 
 0.337257559835413E+00  0.369130516665668E+00  0.978067561129221E+00 
 0.339518195875387E+00  0.367052305086785E+00  0.954299284213269E+00 
 0.350974023526234E+00  0.356114075556985E+00  0.975885496950169E+00 
 0.341475508965661E+00  0.365232086181708E+00  0.929014272516302E+00 
 0.355052629047810E+00  0.352047767506397E+00  0.950273436258035E+00 
 0.366416758956422E+00  0.340203995796450E+00  0.973838927797427E+00 
 0.336478767342994E+00  0.369840559062063E+00  0.884852811112521E+00 
 0.345537962917872E+00  0.361391084813347E+00  0.903717412810276E+00 
 0.393480727128656E+00  0.308501081648516E+00  0.227547291911822E-01 
 0.382337343541224E+00  0.322208249015819E+00  0.445469054335090E-01 
 0.370540905490197E+00  0.335707368638976E+00  0.654239011849760E-01 
 0.358467635733035E+00  0.348569869799396E+00  0.858656244968808E-01 
 0.346399592377078E+00  0.360565281746584E+00  0.106316368035874E+00 
 0.337692919875737E+00  0.368732276680248E+00  0.126163563725614E+00 
 0.358727573996066E+00  0.348302350917845E+00  0.923777598735089E+00 
 0.371848263029542E+00  0.334258686172719E+00  0.946172555693918E+00 
 0.383543050644626E+00  0.320772081550459E+00  0.971662903528203E+00 
 0.333600729991527E+00  0.372438656625652E+00  0.836456214698214E+00 
 0.337946888590544E+00  0.368499525768990E+00  0.859594210798825E+00 
 0.349703780000563E+00  0.357361534378447E+00  0.878911417199423E+00 
 0.362380406916445E+00  0.344500276753258E+00  0.896839328513774E+00 
 0.376235284516332E+00  0.329312937317857E+00  0.916938754628940E+00 
 0.389617832094645E+00  0.313365513281007E+00  0.941554664783646E+00 
 0.402026629007249E+00  0.297278639611170E+00  0.968754253186968E+00 
 0.339692895412918E+00  0.366890633303698E+00  0.816558221871337E+00 
 0.436714187316784E+00  0.243476320401474E+00  0.975710630051238E+00 
 0.344004058720721E+00  0.362851495220387E+00  0.840002021739835E+00 
 0.353372746949850E+00  0.353733941986230E+00  0.854958886366744E+00 
 0.363405740486430E+00  0.343418502386679E+00  0.872286094657910E+00 
 0.379984735545632E+00  0.324979385118988E+00  0.882445366598401E+00 
 0.393792095164036E+00  0.308103530953994E+00  0.910583593267740E+00 
 0.407813652769684E+00  0.289288825595887E+00  0.935348177856396E+00 
 0.421855768989678E+00  0.268398416854734E+00  0.963882656264410E+00 
 0.498961361294549E+00  0.322111771764111E-01  0.977966923744232E+00 
 0.499613070058564E+00  0.196667289262135E-01  0.959297980322740E+00 
 0.496518847735801E+00  0.588985045914777E-01  0.974261102541866E+00 
 0.498234216972162E+00  0.419841045889520E-01  0.952757344826028E+00 
 0.499509389825013E+00  0.221442876752245E-01  0.935473081543521E+00 
 0.492627257996865E+00  0.855475579925611E-01  0.969156802687011E+00 
 0.495485503611659E+00  0.670381660750113E-01  0.945597506019935E+00 
 0.497788429351351E+00  0.469753084493852E-01  0.925018320777532E+00 
 0.499394504698920E+00  0.245993633356724E-01  0.907108928515696E+00 
 0.483223881713413E+00  0.128431616597400E+00  0.975954977243768E+00 
 0.487555147505867E+00  0.110860173825103E+00  0.959075972993599E+00 
 0.491292330271582E+00  0.929077295832748E-01  0.937390624905355E+00 
 0.494616799621105E+00  0.731725463037564E-01  0.915602857066268E+00 
 0.497368690474540E+00  0.512287588727350E-01  0.895156454655479E+00 
 0.499278566862788E+00  0.268498169721972E-01  0.876479400749156E+00 
 0.467722136536866E+00  0.176737101349403E+00  0.981664759028479E+00 
 0.475710692883730E+00  0.153945888792398E+00  0.973025799817743E+00 
 0.480828228917880E+00  0.137128459029096E+00  0.950132206503277E+00 
 0.485522447458899E+00  0.119448537092429E+00  0.928889355293231E+00 
 0.489819029524045E+00  0.100385847190343E+00  0.906719107315559E+00 
 0.493668367934379E+00  0.793192442034551E-01  0.884617693615646E+00 
 0.496880286705035E+00  0.557672007897291E-01  0.863472354028511E+00 
 0.499141652741951E+00  0.292849875880723E-01  0.844401418288396E+00 
 0.339652667393680E+00  0.366927875109480E+00  0.786418561714817E+00 
 0.355060587649974E+00  0.352039740793075E+00  0.778614977634166E+00 
 0.371297345097353E+00  0.334870544425241E+00  0.773619993394028E+00 
 0.388035631583244E+00  0.315322610387827E+00  0.770820835339769E+00 
 0.404705843205937E+00  0.293620810698035E+00  0.768883787171056E+00 
 0.420901826535827E+00  0.269891927294620E+00  0.767631004995737E+00 
 0.436479657911001E+00  0.243896511311449E+00  0.767713959246730E+00 
 0.451846609788916E+00  0.214090264193082E+00  0.769536650864359E+00 
 0.461047221071481E+00  0.193482453835652E+00  0.755435748886311E+00 
 0.411460753239533E+00  0.284077539667529E+00  0.236688471361489E-01 
 0.400436722577831E+00  0.299416818517472E+00  0.465214845371290E-01 
 0.388669568325375E+00  0.314540882331322E+00  0.685552503475272E-01 
 0.376521786505126E+00  0.328985325336843E+00  0.898877505731971E-01 
 0.364395721455639E+00  0.342367869673578E+00  0.110663263506506E+00 
 0.353009935547615E+00  0.354096011562780E+00  0.130952064851312E+00 
 0.340432203954961E+00  0.366204743975782E+00  0.150296762327100E+00 
 0.470679339878673E+00  0.168703761106197E+00  0.757667293412274E+00 
 0.481008745649634E+00  0.136493906855089E+00  0.764988248409745E+00 
 0.488774795114202E+00  0.105352739219588E+00  0.758514369377607E+00 
 0.493782634494037E+00  0.786047700341914E-01  0.751128863202732E+00 
 0.497693809490124E+00  0.479674055501014E-01  0.753996804533932E+00 
 0.458549222895043E+00  0.199330404560750E+00  0.970230802860313E+00 
 0.499115462080567E+00  0.297280257013739E-01  0.781043139666282E+00 
 0.467813563408577E+00  0.176494957126172E+00  0.960926548074976E+00 
 0.472867027067854E+00  0.162470842651872E+00  0.943124905855436E+00 
 0.478081221601808E+00  0.146418392122448E+00  0.921619399228117E+00 
 0.483226615194465E+00  0.128421331435632E+00  0.898928724630426E+00 
 0.488063922133734E+00  0.108598378954002E+00  0.875524999973654E+00 
 0.492461012628453E+00  0.864994279805327E-01  0.852180879288527E+00 
 0.496224187834016E+00  0.613315205132846E-01  0.829329865748058E+00 
 0.499006081047746E+00  0.315108088974203E-01  0.811582974008946E+00 
 0.340618387000805E+00  0.366031575737627E+00  0.756717411626614E+00 
 0.356780379703308E+00  0.350296675203695E+00  0.750540517316887E+00 
 0.373578866674165E+00  0.332323382226479E+00  0.745975898920856E+00 
 0.390732896585737E+00  0.311974043031981E+00  0.742879802322804E+00 
 0.407682776442551E+00  0.289473235018530E+00  0.740774665147812E+00 
 0.423920489258371E+00  0.265125288848392E+00  0.739376622178639E+00 
 0.438984469749889E+00  0.239358800378028E+00  0.738221904170582E+00 
 0.452090652348461E+00  0.213574441493226E+00  0.735260343864918E+00 
 0.463500503950283E+00  0.187529418593013E+00  0.731399428742710E+00 
 0.473767063079827E+00  0.159827312874599E+00  0.731759232545524E+00 
 0.482687405146359E+00  0.130433388797019E+00  0.731956744461449E+00 
 0.489700312676629E+00  0.100963378332999E+00  0.728405561703280E+00 
 0.495003656418075E+00  0.705080146702255E-01  0.725462449615601E+00 
 0.498624284084347E+00  0.370651227081773E-01  0.724931483622330E+00 
 0.341377364917129E+00  0.365323821728391E+00  0.727156879111382E+00 
 0.358070501130344E+00  0.348977816229434E+00  0.721670160115756E+00 
 0.375253490988741E+00  0.330431259872251E+00  0.717385365370352E+00 
 0.392666307041254E+00  0.309537027372467E+00  0.714250160253835E+00 
 0.409720492700107E+00  0.286581782152289E+00  0.712009085116382E+00 
 0.425839200946967E+00  0.262032392915167E+00  0.710287598261903E+00 
 0.440563820424435E+00  0.236439252521714E+00  0.708528409564961E+00 
 0.453675487043156E+00  0.210186946445672E+00  0.706276318858494E+00 
 0.465287663757652E+00  0.183050238882517E+00  0.704273363709321E+00 
 0.475397213232773E+00  0.154911231518290E+00  0.703354842139658E+00 
 0.483877517895774E+00  0.125946606445052E+00  0.701982578046322E+00 
 0.490655816183191E+00  0.962126293456693E-01  0.699474688677696E+00 
 0.495717517692030E+00  0.653004031630160E-01  0.696917191825909E+00 
 0.498909753721126E+00  0.330008733509454E-01  0.694250636211129E+00 
 0.341876681345391E+00  0.364856594776992E+00  0.697396404765895E+00 
 0.358939503271043E+00  0.348083945322873E+00  0.692271435147162E+00 
 0.376380990629884E+00  0.329146395836969E+00  0.688190596152241E+00 
 0.393944658384696E+00  0.307908437900239E+00  0.685085098606175E+00 
 0.411036174970728E+00  0.284691522292872E+00  0.682764989094366E+00 
 0.427092048463768E+00  0.259985349854608E+00  0.680903457683731E+00 
 0.441751923356918E+00  0.234211951468032E+00  0.679148704872790E+00 
 0.454876529622904E+00  0.207574908884055E+00  0.677365290800260E+00 
 0.466444835989708E+00  0.180081134432606E+00  0.675743960076772E+00 
 0.476399508172206E+00  0.151800884757896E+00  0.674326571641729E+00 
 0.484685711937699E+00  0.122799676886568E+00  0.672545209671508E+00 
 0.428797479748180E+00  0.257162830443300E+00  0.244752142892402E-01 
 0.418300311842326E+00  0.273906643060393E+00  0.483414995186175E-01 
 0.406959778314974E+00  0.290488792957366E+00  0.713547026119232E-01 
 0.394990879930424E+00  0.306565172144178E+00  0.937217115667485E-01 
 0.382793470906768E+00  0.321666222396990E+00  0.115441111791714E+00 
 0.370504953170183E+00  0.335747047159555E+00  0.136349408711928E+00 
 0.357959573946885E+00  0.349091597463710E+00  0.156222041420743E+00 
 0.344996354411104E+00  0.361908158851176E+00  0.176027525595630E+00 
 0.491266632199398E+00  0.930435171705229E-01  0.670142917923359E+00 
 0.496081822622992E+00  0.624725960966080E-01  0.667205338689312E+00 
 0.499020941495752E+00  0.312745895047896E-01  0.663386231999806E+00 
 0.342192067048467E+00  0.364560816941560E+00  0.667234159273641E+00 
 0.359486219963542E+00  0.347519291056373E+00  0.662483120445803E+00 
 0.377085842723896E+00  0.328338647157487E+00  0.658598542548015E+00 
 0.394735271990044E+00  0.306894224525236E+00  0.655557811019338E+00 
 0.411851552600947E+00  0.283510667559776E+00  0.653228163981896E+00 
 0.427895197401652E+00  0.258661361707931E+00  0.651357302741067E+00 
 0.442541821591930E+00  0.232715998895857E+00  0.649695795500424E+00 
 0.455651075439597E+00  0.205869126997563E+00  0.648111237639425E+00 
 0.467157159518645E+00  0.178225105724393E+00  0.646576918902993E+00 
 0.477012037630348E+00  0.149864992428995E+00  0.644968830647539E+00 
 0.485174288481464E+00  0.120854912173670E+00  0.643005902287518E+00 
 0.491609073001737E+00  0.912168807972160E-01  0.640450732574452E+00 
 0.496260658014807E+00  0.610357215629567E-01  0.637128069163589E+00 
 0.499067702079682E+00  0.305193175039332E-01  0.632688279294900E+00 
 0.342392442000130E+00  0.364372632975073E+00  0.636861645872822E+00 
 0.359813415472172E+00  0.347180509312159E+00  0.632481579324174E+00 
 0.377496711185752E+00  0.327866181610640E+00  0.628775035708491E+00 
 0.395194689428199E+00  0.306302395432600E+00  0.625805139114092E+00 
 0.412328651995742E+00  0.282816341011926E+00  0.623502944042745E+00 
 0.428374006741403E+00  0.257867621752550E+00  0.621662778412772E+00 
 0.443016026483591E+00  0.231811993388371E+00  0.620069240454111E+00 
 0.456105448950775E+00  0.204860487740832E+00  0.618573837550362E+00 
 0.467569467418970E+00  0.177140602735626E+00  0.617056682226043E+00 
 0.477359971426258E+00  0.148753008977708E+00  0.615371423583979E+00 
 0.485443932877759E+00  0.119767224365326E+00  0.613289523196331E+00 
 0.491785049367608E+00  0.902633104782880E-01  0.610585195340790E+00 
 0.496344825313380E+00  0.603474472088912E-01  0.607014205605243E+00 
 0.499087250251473E+00  0.301979574876131E-01  0.602313870971427E+00 
 0.342506642831475E+00  0.364265287416071E+00  0.606600170129974E+00 
 0.359991168957330E+00  0.346996193455685E+00  0.602431261565820E+00 
 0.377718867908363E+00  0.327610220881499E+00  0.598835690116988E+00 
 0.395442068973690E+00  0.305982957181944E+00  0.595925891367081E+00 
 0.412588804142951E+00  0.282436680861197E+00  0.593654772949750E+00 
 0.428636976133451E+00  0.257430267628288E+00  0.591846115480641E+00 
 0.443275245916893E+00  0.231315923267981E+00  0.590295767257420E+00 
 0.456351962981475E+00  0.204310758118497E+00  0.588837556471613E+00 
 0.467788872352638E+00  0.176560388827865E+00  0.587329314057068E+00 
 0.477542984043369E+00  0.148164430248810E+00  0.585601419317324E+00 
 0.485579404187420E+00  0.119216786691263E+00  0.583455893280866E+00 
 0.491869216195787E+00  0.898035308823781E-01  0.580656739850269E+00 
 0.496381708232920E+00  0.600433154628226E-01  0.576983219564572E+00 
 0.499095644043355E+00  0.300589104417995E-01  0.572193648509074E+00 
 0.342556723103182E+00  0.364218192100298E+00  0.576504953273083E+00 
 0.360074578441058E+00  0.346909639474740E+00  0.572387285977605E+00 
 0.377826902183695E+00  0.327485621037432E+00  0.568851005757489E+00 
 0.395567238379184E+00  0.305821124059582E+00  0.565979022202457E+00 
 0.412720560580734E+00  0.282244112204179E+00  0.563735051398209E+00 
 0.428770900493031E+00  0.257207143933436E+00  0.561947828946717E+00 
 0.443406714643137E+00  0.231063812418517E+00  0.560420438239732E+00 
 0.456474820202305E+00  0.204036120628857E+00  0.558982398385038E+00 
 0.467897920351454E+00  0.176271200514391E+00  0.557474205468489E+00 
 0.477630759963387E+00  0.147881226451491E+00  0.555731829235475E+00 
 0.485642954952194E+00  0.118957640802521E+00  0.553552663225470E+00 
 0.491905483493377E+00  0.896046612021248E-01  0.550728122984162E+00 
 0.496395950681600E+00  0.599254549161766E-01  0.547059786568206E+00 
 0.499096916612106E+00  0.300377733576965E-01  0.542425749381897E+00 
 0.342565475202671E+00  0.364209960323943E+00  0.546419936274196E+00 
 0.360106824888507E+00  0.346876166187183E+00  0.542340336381814E+00 
 0.377880021718735E+00  0.327424325892027E+00  0.538850587170159E+00 
 0.395630396857278E+00  0.305739413688443E+00  0.536009146199260E+00 
 0.412787982065982E+00  0.282145497681417E+00  0.533779679167542E+00 
 0.428837783409906E+00  0.257095615520917E+00  0.532005494853786E+00 
 0.443471317822449E+00  0.230939797931886E+00  0.530489859001974E+00 
 0.456534738520924E+00  0.203902016968033E+00  0.529059793811476E+00 
 0.467949425539156E+00  0.176134423488352E+00  0.527554938650183E+00 
 0.477672382134425E+00  0.147746727023051E+00  0.525804383713173E+00 
 0.485671572554809E+00  0.118840748954806E+00  0.523620791612601E+00 
 0.491922494266345E+00  0.895112263058566E-01  0.520797702857859E+00 
 0.460080376757552E+00  0.195770393376090E+00  0.304644097128537E-01 
 0.469134311291221E+00  0.172953745172841E+00  0.525927108237798E-01 
 0.475669737015312E+00  0.154072389764629E+00  0.751461932476227E-01 
 0.481454804549584E+00  0.134912086842216E+00  0.972341479764873E-01 
 0.486893402606930E+00  0.113731325930221E+00  0.118666890106664E+00 
 0.491254855400403E+00  0.931056767631806E-01  0.139972846253264E+00 
 0.494703229711843E+00  0.725859112546774E-01  0.160531525389457E+00 
 0.497590666852872E+00  0.490257917928292E-01  0.177861431883911E+00 
 0.499408977310768E+00  0.243037729871960E-01  0.194218693529295E+00 
 0.496402992467862E+00  0.598670950435360E-01  0.517184141682132E+00 
 0.499098840431075E+00  0.300057907803846E-01  0.512742049598090E+00 
 0.342572541786603E+00  0.364203313567939E+00  0.516222225395717E+00 
 0.360135436062855E+00  0.346846461264660E+00  0.512299311220637E+00 
 0.377921146371296E+00  0.327376857956401E+00  0.508872637507161E+00 
 0.395676132626975E+00  0.305680221913949E+00  0.506044970722922E+00 
 0.412832633283175E+00  0.282080160409199E+00  0.503820401733788E+00 
 0.428880663238133E+00  0.257024078055772E+00  0.502048894890459E+00 
 0.443510857276794E+00  0.230863854853036E+00  0.500538961188899E+00 
 0.456570084843606E+00  0.203822858447973E+00  0.499112861906687E+00 
 0.467979646481819E+00  0.176054112359671E+00  0.497608193135693E+00 
 0.477695837714279E+00  0.147670872654200E+00  0.495858063187181E+00 
 0.485689018125668E+00  0.118769430713988E+00  0.493673684101225E+00 
 0.491933870805056E+00  0.894486822415774E-01  0.490862099307899E+00 
 0.496411024240937E+00  0.598004599653196E-01  0.487252223056892E+00 
 0.499103332164808E+00  0.299309843136743E-01  0.482742795180358E+00 
 0.342612962653866E+00  0.364165289149777E+00  0.486122967695281E+00 
 0.360195522655965E+00  0.346784061713621E+00  0.482381767713197E+00 
 0.377981645873191E+00  0.327307004787544E+00  0.478964031656824E+00 
 0.395733696874232E+00  0.305605695559250E+00  0.476116323234362E+00 
 0.412888545613335E+00  0.281998313649754E+00  0.473878135155838E+00 
 0.428932340313072E+00  0.256937827953672E+00  0.472106733191672E+00 
 0.443557970470976E+00  0.230773323483605E+00  0.470598276306115E+00 
 0.456610604354341E+00  0.203732069127970E+00  0.469175007178745E+00 
 0.468013209617728E+00  0.175964870423935E+00  0.467668671942106E+00 
 0.477721994644362E+00  0.147586231854505E+00  0.465917051797735E+00 
 0.485707623125588E+00  0.118693322633127E+00  0.463737473557855E+00 
 0.491946466494724E+00  0.893793829882228E-01  0.460932715618426E+00 
 0.496417879301390E+00  0.597435277658636E-01  0.457313178300710E+00 
 0.499105749002572E+00  0.298906559409700E-01  0.452641657183901E+00 
 0.342710238985366E+00  0.364073745406879E+00  0.456598338860800E+00 
 0.360290836462329E+00  0.346685034521646E+00  0.452728297646725E+00 
 0.444750774703477E+00  0.228466077133252E+00  0.249323582451472E-01 
 0.435062337951573E+00  0.246415831666944E+00  0.500190043050311E-01 
 0.424910292686528E+00  0.263536037704618E+00  0.742606314113066E-01 
 0.413201912677263E+00  0.281538948211170E+00  0.974048944222796E-01 
 0.401420831001616E+00  0.298096153007670E+00  0.120346513093487E+00 
 0.389248929769458E+00  0.313823629883621E+00  0.142506870109461E+00 
 0.376398681594120E+00  0.329126165010028E+00  0.163116514577909E+00 
 0.363830025872855E+00  0.342968966924644E+00  0.181436553835684E+00 
 0.353211142977906E+00  0.353895307225514E+00  0.194733164223419E+00 
 0.341383523625414E+00  0.365318066617429E+00  0.207777509318412E+00 
 0.378076568549901E+00  0.327197353769147E+00  0.449155303986764E+00 
 0.395835222881209E+00  0.305474182749678E+00  0.446234529971304E+00 
 0.412992717926309E+00  0.281845728972146E+00  0.443977415239011E+00 
 0.429033588640209E+00  0.256768728272163E+00  0.442205305565587E+00 
 0.443648393851812E+00  0.230599441960963E+00  0.440705921212738E+00 
 0.456688994881826E+00  0.203556286942525E+00  0.439281688940044E+00 
 0.468076474546376E+00  0.175796512980877E+00  0.437771495444261E+00 
 0.477770745427124E+00  0.147428337893398E+00  0.436011185323662E+00 
 0.485741685567710E+00  0.118553848110639E+00  0.433836260942962E+00 
 0.491966743057587E+00  0.892677081889642E-01  0.431057904337852E+00 
 0.496426020267699E+00  0.596758443691744E-01  0.427493196341113E+00 
 0.499105548735659E+00  0.298939997537431E-01  0.422947300531984E+00 
 0.342772614271943E+00  0.364015020164248E+00  0.427915700796917E+00 
 0.360382814102438E+00  0.346589421794156E+00  0.423256979013367E+00 
 0.378231309427937E+00  0.327018465179610E+00  0.419399807890187E+00 
 0.396036666428425E+00  0.305212972929167E+00  0.416401910394468E+00 
 0.413212528761819E+00  0.281523366835265E+00  0.414139841235184E+00 
 0.429244558486088E+00  0.256415890712887E+00  0.412390732313033E+00 
 0.443839506534878E+00  0.230231388908803E+00  0.410906498047000E+00 
 0.456850231436736E+00  0.203194158469678E+00  0.409489242220349E+00 
 0.468208197391850E+00  0.175445387215150E+00  0.407957666044707E+00 
 0.477870360661140E+00  0.147105127040468E+00  0.406177573199856E+00 
 0.485812618177179E+00  0.118262842938241E+00  0.403996420933535E+00 
 0.492010677829730E+00  0.890252374415797E-01  0.401264992265045E+00 
 0.496447516922521E+00  0.594967473183459E-01  0.397825100405834E+00 
 0.499111312147596E+00  0.297976188025942E-01  0.393585925718265E+00 
 0.342720047520280E+00  0.364064512178401E+00  0.398815736794236E+00 
 0.360554686282242E+00  0.346410620795486E+00  0.393562144471844E+00 
 0.378559893443151E+00  0.326638036787374E+00  0.389599506825325E+00 
 0.396458457638773E+00  0.304664883711078E+00  0.386621616556259E+00 
 0.413657296090064E+00  0.280869438336493E+00  0.384414960317195E+00 
 0.429668465431409E+00  0.255704927238053E+00  0.382716907035080E+00 
 0.444212675855936E+00  0.229510563175009E+00  0.381283511824640E+00 
 0.457167154937132E+00  0.202480103829211E+00  0.379865985303485E+00 
 0.468460629978783E+00  0.174770243920074E+00  0.378297098484718E+00 
 0.478063809160493E+00  0.146475234667708E+00  0.376451003525307E+00 
 0.485949747642118E+00  0.117698100097503E+00  0.374247214250980E+00 
 0.492100200411384E+00  0.885290503455008E-01  0.371559889135834E+00 
 0.496495273036092E+00  0.590969022269021E-01  0.368260697370772E+00 
 0.499127442560222E+00  0.295261931730429E-01  0.364179834830597E+00 
 0.343037167637939E+00  0.363765723534998E+00  0.368185006166330E+00 
 0.361071908219400E+00  0.345871474820924E+00  0.363492236901049E+00 
 0.379272915134267E+00  0.325809846145808E+00  0.359754608096155E+00 
 0.397284346892248E+00  0.303587133644362E+00  0.356959305295798E+00 
 0.414495957048528E+00  0.279630294479022E+00  0.354866862891165E+00 
 0.430441148588792E+00  0.254402078610930E+00  0.353280738846288E+00 
 0.444889952114091E+00  0.228194939707089E+00  0.351939066564589E+00 
 0.457728462629962E+00  0.201207988157556E+00  0.350536028203472E+00 
 0.468907134306742E+00  0.173568716640524E+00  0.348859351663653E+00 
 0.478398921390121E+00  0.145376999600241E+00  0.346884027262056E+00 
 0.486192035430183E+00  0.116693207532640E+00  0.344598443445509E+00 
 0.492258659452508E+00  0.876436660233913E-01  0.341968559570878E+00 
 0.496580413822724E+00  0.583771582697513E-01  0.338846194858253E+00 
 0.499152844899034E+00  0.290935977355985E-01  0.334943078380964E+00 
 0.343540098079598E+00  0.363290794008684E+00  0.337995122194151E+00 
 0.362029469264883E+00  0.344869052516730E+00  0.333348319534578E+00 
 0.380590152987681E+00  0.324270158122534E+00  0.330053541989399E+00 
 0.398755621740555E+00  0.301652041482075E+00  0.327551259582339E+00 
 0.415925460819039E+00  0.277499569445557E+00  0.325592715433408E+00 
 0.431740092821949E+00  0.252191380205777E+00  0.324177001990792E+00 
 0.446005010547339E+00  0.226007810853227E+00  0.323060517051942E+00 
 0.458642706231670E+00  0.199115212930830E+00  0.321648636003198E+00 
 0.469610613972436E+00  0.171656258972492E+00  0.319740992346181E+00 
 0.478926600868585E+00  0.143629074286730E+00  0.317483132725119E+00 
 0.486576559489733E+00  0.115079328096468E+00  0.315058079083738E+00 
 0.492520623109155E+00  0.861593628816421E-01  0.312500165722353E+00 
 0.496723288369332E+00  0.571487076980472E-01  0.309718298536879E+00 
 0.499197154258241E+00  0.283231562590359E-01  0.306113157787995E+00 
 0.344379490595565E+00  0.362495195081451E+00  0.307128699083758E+00 
 0.363851896401677E+00  0.342945764640567E+00  0.303057172988113E+00 
 0.382905516566612E+00  0.321532837176634E+00  0.300841656412654E+00 
 0.401134073180811E+00  0.298481917933686E+00  0.298588087067018E+00 
 0.473161347661932E+00  0.161611692271147E+00  0.256965308977616E-01 
 0.478834612877600E+00  0.143935449109518E+00  0.491235392148931E-01 
 0.484017648035954E+00  0.125407002953356E+00  0.715707970526279E-01 
 0.488663642901237E+00  0.105867105875683E+00  0.933027292009757E-01 
 0.492584275857135E+00  0.857947036727901E-01  0.114533309671077E+00 
 0.495587001073340E+00  0.662836659150139E-01  0.134974939307978E+00 
 0.497522225657408E+00  0.497155405974736E-01  0.153529910742151E+00 
 0.499405833161465E+00  0.243682950635237E-01  0.161911747923727E+00 
 0.418142884849155E+00  0.274146909247626E+00  0.296596066017093E+00 
 0.433751042517813E+00  0.248716772885768E+00  0.295536311171547E+00 
 0.447709168068241E+00  0.222612894567328E+00  0.294951840027624E+00 
 0.459980981151883E+00  0.196003818785632E+00  0.293427899361873E+00 
 0.470596759419238E+00  0.168933981259283E+00  0.290947415591965E+00 
 0.479661619496024E+00  0.141154988514226E+00  0.288214347358561E+00 
 0.487142841120977E+00  0.112658121520746E+00  0.285558748501696E+00 
 0.492929746684660E+00  0.837870206738343E-01  0.283144353320426E+00 
 0.496959044506174E+00  0.550609488068439E-01  0.281113760354483E+00 
 0.499274950790233E+00  0.269169744475508E-01  0.277716173314126E+00 
 0.346742437668457E+00  0.360235592244487E+00  0.273962663818689E+00 
 0.367537634266248E+00  0.338992754196856E+00  0.273097732894102E+00 
 0.386655760963571E+00  0.317013126721406E+00  0.273090542765894E+00 
 0.404469302993887E+00  0.293946564762440E+00  0.269924617268932E+00 
 0.421256073115320E+00  0.269338673167187E+00  0.267626558603145E+00 
 0.436777199662700E+00  0.243363263157795E+00  0.267589382024288E+00 
 0.450123442743502E+00  0.217689885600451E+00  0.268316566379491E+00 
 0.461695068210433E+00  0.191931404387513E+00  0.265973183121519E+00 
 0.471743865872537E+00  0.165703726607562E+00  0.262245655416055E+00 
 0.480583283592277E+00  0.137984446702027E+00  0.258963518869711E+00 
 0.487918469198423E+00  0.109250022494587E+00  0.255992662456138E+00 
 0.493564525263480E+00  0.799628626390783E-01  0.253664976403876E+00 
 0.497339970918523E+00  0.515068279625371E-01  0.253892441121913E+00 
 0.499397046166337E+00  0.245477143607699E-01  0.250128760497612E+00 
 0.352879326319163E+00  0.354226172178925E+00  0.241804171763398E+00 
 0.374369536965273E+00  0.331432421154610E+00  0.245268041043835E+00 
 0.391831477587479E+00  0.310593131237014E+00  0.248989732837462E+00 
 0.406965598659357E+00  0.290480638783089E+00  0.237293133307024E+00 
 0.426061960382191E+00  0.261670032512867E+00  0.239577403740668E+00 
 0.441406611453708E+00  0.234862094355295E+00  0.240590419192559E+00 
 0.453356338154597E+00  0.210874442868391E+00  0.244978739199483E+00 
 0.462945799600178E+00  0.188894644266458E+00  0.237684848433908E+00 
 0.472890500855579E+00  0.162402506755773E+00  0.233419341346477E+00 
 0.481650562847518E+00  0.134211531951129E+00  0.229774584235101E+00 
 0.488889095722258E+00  0.104821047904859E+00  0.226143615619200E+00 
 0.494645732936781E+00  0.729767009903495E-01  0.222579074477121E+00 
 0.498008104643937E+00  0.445861829376885E-01  0.230978679607774E+00 
 0.499460410845778E+00  0.232227904819054E-01  0.222401673463622E+00 
 0.499462352399477E+00  0.231809951378425E-01  0.208493038190363E-01 
 0.499166456838269E+00  0.288591123828889E-01  0.433533986772530E-01 
 0.497565234127415E+00  0.492832404345600E-01  0.219564823410888E-01 
 0.499489502225317E+00  0.225884299300630E-01  0.857398736624350E-01 
 0.498520698085286E+00  0.384332353641817E-01  0.652772660788472E-01 
 0.496609208041068E+00  0.581316995177610E-01  0.442197044848653E-01 
 0.494078248318732E+00  0.767247322464770E-01  0.224861814009906E-01 
 0.499221274386691E+00  0.278947880387661E-01  0.109001094196239E+00 
 0.497615719962439E+00  0.487708442234012E-01  0.880593128046854E-01 
 0.495385918932804E+00  0.677701359235831E-01  0.669124099632533E-01 
 0.492433773413982E+00  0.866543640059005E-01  0.453752836459546E-01 
 0.488978016996499E+00  0.104405454331526E+00  0.231689916963632E-01 
 0.498628258753906E+00  0.370116140157032E-01  0.133337497515343E+00 
 0.496711254406558E+00  0.572532072976128E-01  0.111493119263442E+00 
 0.494005723069582E+00  0.771903204715467E-01  0.903519307579860E-01 
 0.490584933056010E+00  0.965734096862630E-01  0.689130437944700E-01 
 0.486556792375223E+00  0.115162875066294E+00  0.469337866815164E-01 
 0.482150933168226E+00  0.132402710112026E+00  0.241125649382988E-01 
 0.325000014249235E+00  0.346410167683871E+00  0.184358840424030E-01 
 0.325000014249235E+00  0.346410167683871E+00  0.462633207310962E-01 
 0.325000014249235E+00  0.346410167683871E+00  0.781098675457642E-01 
 0.325000014249235E+00  0.346410167683871E+00  0.107153171511929E+00 
 0.325000014249235E+00  0.346410167683871E+00  0.137238423724296E+00 
 0.325000014249235E+00  0.346410167683871E+00  0.167841555594404E+00 
 0.325000014249235E+00  0.346410167683871E+00  0.198361870726234E+00 
 0.325000014249235E+00  0.346410167683871E+00  0.230284983157577E+00 
 0.325000014249235E+00  0.346410167683871E+00  0.264294845656213E+00 
 0.325000014249235E+00  0.346410167683871E+00  0.302171587828187E+00 
 0.325000014249235E+00  0.346410167683871E+00  0.330796519722137E+00 
 0.325000014249235E+00  0.346410167683871E+00  0.355980659086657E+00 
 0.325000014249235E+00  0.346410167683871E+00  0.393587459578019E+00 
 0.325000014249235E+00  0.346410167683871E+00  0.421252650167073E+00 
 0.325000014249235E+00  0.346410167683871E+00  0.444250868057430E+00 
 0.325000014249235E+00  0.346410167683871E+00  0.474767021677448E+00 
 0.325000014249235E+00  0.346410167683871E+00  0.505513959758837E+00 
 0.325000014249235E+00  0.346410167683871E+00  0.539379920322436E+00 
 0.325000014249235E+00  0.346410167683871E+00  0.569192739100176E+00 
 0.325000014249235E+00  0.346410167683871E+00  0.596784868373395E+00 
 0.325000014249235E+00  0.346410167683871E+00  0.627355457146721E+00 
 0.325000014249235E+00  0.346410167683871E+00  0.659560623587181E+00 
 0.325000014249235E+00  0.346410167683871E+00  0.694687351641523E+00 
 0.325000014249235E+00  0.346410167683871E+00  0.723724961803248E+00 
 0.325000014249235E+00  0.346410167683871E+00  0.750368881689300E+00 
 0.325000014249235E+00  0.346410167683871E+00  0.782078817146010E+00 
 0.325000014249235E+00  0.346410167683871E+00  0.814572589400889E+00 
 0.325000014249235E+00  0.346410167683871E+00  0.845519756426684E+00 
 0.325000014249235E+00  0.346410167683871E+00  0.877817825694066E+00 
 0.325000014249235E+00  0.346410167683871E+00  0.907060377892444E+00 
 0.325000014249235E+00  0.346410167683871E+00  0.931879213439007E+00 
 0.325000014249235E+00  0.346410167683871E+00  0.958657714930178E+00 
 0.325000014249235E+00  0.346410167683871E+00  0.983228872986666E+00 
 0.325000014249235E+00  0.361538954976624E+00  0.979290903014088E+00 
 0.325000014249235E+00  0.363497312474034E+00  0.952740332587726E+00 
 0.325000014249235E+00  0.363255269980280E+00  0.890832128224735E+00 
 0.325000014249235E+00  0.363365541886568E+00  0.920338346361784E+00 
 0.325000014249235E+00  0.363044659576041E+00  0.860378694072217E+00 
 0.325000014249235E+00  0.363340462643476E+00  0.818450293599418E+00 
 0.325000014249235E+00  0.363242425551558E+00  0.773759979014785E+00 
 0.325000014249235E+00  0.363218594812761E+00  0.713274389467456E+00 
 0.325000014249235E+00  0.363299350933938E+00  0.742535850239246E+00 
 0.325000014249235E+00  0.363162314644030E+00  0.650274236187851E+00 
 0.325000014249235E+00  0.363081546156034E+00  0.682515231537822E+00 
 0.325000014249235E+00  0.363258760113174E+00  0.589012661103018E+00 
 0.325000014249235E+00  0.363191516308480E+00  0.619044012798592E+00 
 0.325000014249235E+00  0.363194249823708E+00  0.559635836753881E+00 
 0.325000014249235E+00  0.363185499114581E+00  0.497451970284168E+00 
 0.325000014249235E+00  0.363103988684063E+00  0.529027959287363E+00 
 0.325000014249235E+00  0.363136676295789E+00  0.466279147419685E+00 
 0.325000014249235E+00  0.363177030212738E+00  0.426291156694921E+00 
 0.325000014249235E+00  0.363124198668342E+00  0.382448872002326E+00 
 0.325000014249235E+00  0.363144581070280E+00  0.336464809546802E+00 
 0.325000014249235E+00  0.363196232330032E+00  0.290059859674080E+00 
 0.325000014249235E+00  0.363307976635065E+00  0.252152139970424E+00 
 0.325000014249235E+00  0.363036674205717E+00  0.283257536388157E-01 
 0.325000014249235E+00  0.363223390729589E+00  0.185787937992592E+00 
 0.325000014249235E+00  0.363210711526979E+00  0.217720459537641E+00 
 0.325000014249235E+00  0.363259898019115E+00  0.122506626334163E+00 
 0.325000014249235E+00  0.363264430687420E+00  0.154124288064707E+00 
 0.325000014249235E+00  0.362993482234023E+00  0.620028696884632E-01 
 0.325000014249235E+00  0.363258263062213E+00  0.917342341448658E-01 
 0.475000014249245E+00 -0.104083408558608E-16  0.226049220331205E-01 
 0.475000014249245E+00 -0.104083408558608E-16  0.549226701277631E-01 
 0.475000014249245E+00 -0.104083408558608E-16  0.871570653953105E-01 
 0.475000014249245E+00 -0.104083408558608E-16  0.119698894414587E+00 
 0.475000014249245E+00 -0.104083408558608E-16  0.146476057106896E+00 
 0.475000014249245E+00 -0.104083408558608E-16  0.174855544468858E+00 
 0.475000014249245E+00 -0.104083408558608E-16  0.203606376720718E+00 
 0.475000014249245E+00 -0.104083408558608E-16  0.233018008406382E+00 
 0.475000014249245E+00 -0.104083408558608E-16  0.266100801195137E+00 
 0.475000014249245E+00 -0.104083408558608E-16  0.295979048512534E+00 
 0.475000014249245E+00 -0.104083408558608E-16  0.322107837614468E+00 
 0.475000014249245E+00 -0.104083408558608E-16  0.350352395610131E+00 
 0.475000014249245E+00 -0.104083408558608E-16  0.382781005556252E+00 
 0.475000014249245E+00 -0.104083408558608E-16  0.409500316769792E+00 
 0.475000014249245E+00 -0.104083408558608E-16  0.435051450926125E+00 
 0.475000014249245E+00 -0.104083408558608E-16  0.468414525057539E+00 
 0.475000014249245E+00 -0.104083408558608E-16  0.501769223918637E+00 
 0.475000014249245E+00 -0.104083408558608E-16  0.529576951052315E+00 
 0.475000014249245E+00 -0.104083408558608E-16  0.555293032089858E+00 
 0.475000014249245E+00 -0.104083408558608E-16  0.587640874934051E+00 
 0.475000014249245E+00 -0.104083408558608E-16  0.617407175466756E+00 
 0.475000014249245E+00 -0.104083408558608E-16  0.647961946876562E+00 
 0.475000014249245E+00 -0.104083408558608E-16  0.682532006620540E+00 
 0.475000014249245E+00 -0.104083408558608E-16  0.711198457501670E+00 
 0.475000014249245E+00 -0.104083408558608E-16  0.742881468300222E+00 
 0.475000014249245E+00 -0.104083408558608E-16  0.780063062384295E+00 
 0.475000014249245E+00 -0.104083408558608E-16  0.811916764640749E+00 
 0.475000014249245E+00 -0.104083408558608E-16  0.841497926292254E+00 
 0.475000014249245E+00 -0.104083408558608E-16  0.874752752442879E+00 
 0.475000014249245E+00 -0.104083408558608E-16  0.907776489484516E+00 
 0.475000014249245E+00 -0.104083408558608E-16  0.937091761543673E+00 
 0.475000014249245E+00 -0.104083408558608E-16  0.962000874659664E+00 
 0.475000014249245E+00 -0.104083408558608E-16  0.983621764631745E+00 
 0.440042805995343E+00  0.178850055712928E+00  0.900376995842586E+00 
 0.426804734045828E+00  0.208477175088414E+00  0.902132296399171E+00 
 0.433697659409325E+00  0.193730105455109E+00  0.868013638117682E+00 
 0.399744269542325E+00  0.256572665155209E+00  0.822840481636086E+00 
 0.441545200893362E+00  0.175108106907740E+00  0.105730009719018E+00 
 0.435539775375522E+00  0.189552413866491E+00  0.774252784820006E-01 
 0.447625302378820E+00  0.158923258861126E+00  0.769441596242035E-01 
 0.428774431517322E+00  0.204395451059394E+00  0.952150702266456E+00 
 0.445405049759057E+00  0.165043494830615E+00  0.927660359775767E+00 
 0.434306818418171E+00  0.192360601507325E+00  0.928812618402036E+00 
 0.421408369425774E+00  0.219180290433895E+00  0.931685147935484E+00 
 0.389745298550157E+00  0.271520930675373E+00  0.838582978462565E+00 
 0.387408494635434E+00  0.274844814069828E+00  0.865354863192412E+00 
 0.371096517005890E+00  0.296500233731553E+00  0.837877061254878E+00 
 0.469567751371075E+00  0.716319789555457E-01  0.824555198045374E+00 
 0.467679088425946E+00  0.830739657525224E-01  0.847831111332362E+00 
 0.464882193890073E+00  0.975169695013457E-01  0.824311627404003E+00 
 0.461490156385259E+00  0.112480438727280E+00  0.850570857188366E+00 
 0.457977477519236E+00  0.126022393335027E+00  0.824080680809037E+00 
 0.456958457785369E+00  0.129668737154289E+00  0.876540193334767E+00 
 0.453196033121572E+00  0.142261622019579E+00  0.849997555657581E+00 
 0.448868232462221E+00  0.155378001734520E+00  0.823753372797666E+00 
 0.473426956402527E+00  0.386255160251773E-01  0.218681998682347E-01 
 0.474379257988570E+00  0.242761843579915E-01  0.423905478292284E-01 
 0.451191441477770E+00  0.148496790113396E+00  0.901572577582457E+00 
 0.446995468576754E+00  0.160686230301848E+00  0.874875109765805E+00 
 0.443980934400362E+00  0.168837032151577E+00  0.848772469794418E+00 
 0.436358134418704E+00  0.187660843180994E+00  0.827519369949330E+00 
 0.412147226672721E+00  0.236134870535381E+00  0.908706233466412E+00 
 0.417179643011899E+00  0.227125865971362E+00  0.876568491488021E+00 
 0.422229643595472E+00  0.217593983386528E+00  0.844352459200493E+00 
 0.425131901235978E+00  0.211867600374050E+00  0.816328778428925E+00 
 0.400912769123721E+00  0.254742939235466E+00  0.885755875713231E+00 
 0.404855527291828E+00  0.248429095635014E+00  0.850965523218231E+00 
 0.412794616140822E+00  0.235001315787652E+00  0.820171634476711E+00 
 0.447022873244996E+00  0.160609975818936E+00  0.741640083751688E+00 
 0.435556178793930E+00  0.189514718824696E+00  0.743699347098065E+00 
 0.423978990845263E+00  0.214165424050215E+00  0.746282138507783E+00 
 0.432360062120724E+00  0.196697204402447E+00  0.698107524707186E+00 
 0.420926269329409E+00  0.220104723541324E+00  0.701446938042236E+00 
 0.406418206709357E+00  0.245864301581026E+00  0.702359594962744E+00 
 0.400792994233618E+00  0.254931342345396E+00  0.643372819618037E+00 
 0.448680806562337E+00  0.155918399681825E+00  0.589838148492408E+00 
 0.437082888550124E+00  0.185966561707888E+00  0.592348141984141E+00 
 0.425089115678276E+00  0.211953431839726E+00  0.597337093624069E+00 
 0.433993246583262E+00  0.193067023224822E+00  0.546484591420095E+00 
 0.421664339115134E+00  0.218687445125169E+00  0.549080263267254E+00 
 0.405177238210233E+00  0.247904052353130E+00  0.551479420307661E+00 
 0.446454436076724E+00  0.162183383995355E+00  0.472984510188070E+00 
 0.469765178497452E+00  0.703256042137701E-01  0.234218501795785E-01 
 0.472101086091624E+00  0.523982637869081E-01  0.458915875092176E-01 
 0.473979604238126E+00  0.311182953106280E-01  0.666672230850891E-01 
 0.434918489709284E+00  0.190973612956789E+00  0.473279997082314E+00 
 0.422957408516365E+00  0.216175956382519E+00  0.473615513265295E+00 
 0.433508364889651E+00  0.194153318559007E+00  0.395588065554718E+00 
 0.422120709877952E+00  0.217805233704128E+00  0.396208061707065E+00 
 0.407518430486886E+00  0.244036354566858E+00  0.395723083210737E+00 
 0.449159956071656E+00  0.154532674209951E+00  0.349731536862964E+00 
 0.437502142827803E+00  0.184978075884289E+00  0.349719725025651E+00 
 0.426165771459543E+00  0.209780239233986E+00  0.351577575623443E+00 
 0.434535995708504E+00  0.191842336230543E+00  0.304381269030826E+00 
 0.422890690588472E+00  0.216306443155032E+00  0.307235425694866E+00 
 0.407736601619199E+00  0.243671658665514E+00  0.309671826654612E+00 
 0.396571145387531E+00  0.261450454546928E+00  0.222415206112239E+00 
 0.359669965508939E+00  0.310262033525803E+00  0.157265764489582E+00 
 0.376477550282229E+00  0.289637131028225E+00  0.169902714073594E+00 
 0.378086201247737E+00  0.287534064004295E+00  0.139314047970612E+00 
 0.393697581468754E+00  0.265757836916293E+00  0.153049237891371E+00 
 0.394672189851019E+00  0.264308297438756E+00  0.120012003659146E+00 
 0.413010939256634E+00  0.234620923174233E+00  0.134146905610764E+00 
 0.409464167304244E+00  0.240757365890678E+00  0.967476080507620E-01 
 0.407035592963020E+00  0.244840845444583E+00  0.167483359890023E+00 
 0.438241360578341E+00  0.183219877238299E+00  0.165283621184347E+00 
 0.432587107480644E+00  0.196197369957663E+00  0.134850062098523E+00 
 0.426279272600727E+00  0.209549505577490E+00  0.103555640981653E+00 
 0.421321397241052E+00  0.219347427073180E+00  0.714661455654954E-01 
 0.422668118510891E+00  0.216741032412508E+00  0.165763293024024E+00 
 0.470647826705456E+00  0.641532287122484E-01  0.159484730380710E+00 
 0.468103489706662E+00  0.806482266464675E-01  0.137103776024390E+00 
 0.460052488612653E+00  0.118223184097184E+00  0.153806606544827E+00 
 0.460998788962499E+00  0.114477640226730E+00  0.122219355162553E+00 
 0.461455829668569E+00  0.112621182739591E+00  0.948900145967522E-01 
 0.450773818893607E+00  0.149759733362622E+00  0.171391288180565E+00 
 0.449253634092908E+00  0.154260123787989E+00  0.136258552822884E+00 
 0.453560241271284E+00  0.141096141246686E+00  0.102254652237741E+00 
 0.457287005956667E+00  0.128505282848443E+00  0.739416936152443E-01 
 0.464289957625520E+00  0.100298797524526E+00  0.243258806023684E-01 
 0.467620389518965E+00  0.834037459764635E-01  0.479421036676365E-01 
 0.470507095943340E+00  0.651773442519655E-01  0.714938896551737E-01 
 0.472951343859894E+00  0.440685815280303E-01  0.921763200607989E-01 
 0.474248655332636E+00  0.267062998552049E-01  0.112506594787031E+00 
 0.430918275470440E+00  0.199836066320263E+00  0.518423912668282E-01 
 0.442152692541117E+00  0.173568459160678E+00  0.511797116218125E-01 
 0.452603678276816E+00  0.144135089229053E+00  0.501168253986150E-01 
 0.473969145906213E+00  0.312771844273997E-01  0.965506175631156E+00 
 0.471060297802275E+00  0.610508752697857E-01  0.980460995595732E+00 
 0.474163823372890E+00  0.281723648487718E-01  0.927264850039111E+00 
 0.472097976958127E+00  0.524262690720722E-01  0.940538264932016E+00 
 0.469953704532410E+00  0.690545373819797E-01  0.958618135170001E+00 
 0.467086189878707E+00  0.863452648462383E-01  0.978333638970783E+00 
 0.473953594711854E+00  0.315119595785700E-01  0.898256912964957E+00 
 0.471584797344975E+00  0.568576507593535E-01  0.916137820810651E+00 
 0.468430396372575E+00  0.787272334774137E-01  0.934460290521811E+00 
 0.464942221414680E+00  0.972303670812567E-01  0.954947230075187E+00 
 0.461030516582940E+00  0.114349798058588E+00  0.976833267330543E+00 
 0.474425479996839E+00  0.233554590307824E-01  0.851515406143872E+00 
 0.473337966300521E+00  0.397011737264535E-01  0.871557553315791E+00 
 0.470844881615740E+00  0.626905973255508E-01  0.890457257532303E+00 
 0.467018197615750E+00  0.867122634493569E-01  0.908268838958260E+00 
 0.462721940277464E+00  0.107300603552037E+00  0.929840533814721E+00 
 0.458226017943632E+00  0.125115666550171E+00  0.952217152688458E+00 
 0.452557677623230E+00  0.144279457862298E+00  0.974713964720465E+00 
 0.474370065219285E+00  0.244551581597933E-01  0.825599502484465E+00 
 0.472267600658451E+00  0.508756022576967E-01  0.842157120155289E+00 
 0.470365826542808E+00  0.661891438037718E-01  0.866025002742250E+00 
 0.465519524528919E+00  0.944276750700936E-01  0.877831972754371E+00 
 0.460237995001200E+00  0.117498942523099E+00  0.903280809868161E+00 
 0.455111439928085E+00  0.136009524605284E+00  0.926944576388115E+00 
 0.450551089582256E+00  0.150428485377646E+00  0.949240547270731E+00 
 0.440450080764765E+00  0.177844707233822E+00  0.963902374663965E+00 
 0.344804014423603E+00  0.326703543253109E+00  0.975361596137406E+00 
 0.363371228843552E+00  0.305918883996223E+00  0.969383324040129E+00 
 0.349023338024593E+00  0.322192059261147E+00  0.947667590600045E+00 
 0.338595069954903E+00  0.333134195391291E+00  0.927037059339506E+00 
 0.391619352776801E+00  0.268810892761905E+00  0.976000695510381E+00 
 0.379010642866291E+00  0.286314418307654E+00  0.959288500301328E+00 
 0.457099707043600E+00  0.129169932094995E+00  0.248441855359954E-01 
 0.461115218232173E+00  0.114007758733637E+00  0.490034551563032E-01 
 0.464918354103393E+00  0.973444274448484E-01  0.728922426970308E-01 
 0.468009560688234E+00  0.811915306000629E-01  0.101476261225739E+00 
 0.471930940469015E+00  0.539091918396532E-01  0.118183160344115E+00 
 0.473772725203088E+00  0.341235752876202E-01  0.144910590510650E+00 
 0.365964940373261E+00  0.302811287693117E+00  0.938101383797382E+00 
 0.353475453115450E+00  0.317301304096903E+00  0.917345581458723E+00 
 0.340087256558246E+00  0.331610722781177E+00  0.897127807824591E+00 
 0.405162498331146E+00  0.247928141772651E+00  0.970791851842391E+00 
 0.393941358687707E+00  0.265396344081934E+00  0.948329118306733E+00 
 0.381748810964936E+00  0.282653248457590E+00  0.927776179681931E+00 
 0.369039089428549E+00  0.299057124995402E+00  0.907112258391376E+00 
 0.355631584872452E+00  0.314882818486299E+00  0.887605043519361E+00 
 0.341390874507225E+00  0.330268503402854E+00  0.867527563837253E+00 
 0.387005134091388E+00  0.275412490137391E+00  0.812688749246317E+00 
 0.372845719867813E+00  0.294297609084785E+00  0.804590702265471E+00 
 0.354956319232555E+00  0.315643826129460E+00  0.808853233023611E+00 
 0.427873596572076E+00  0.206274571610879E+00  0.976516374060885E+00 
 0.417875791157548E+00  0.225842504195357E+00  0.961457911779614E+00 
 0.408066760805136E+00  0.243118350320949E+00  0.939687771207529E+00 
 0.397115567798423E+00  0.260622791307494E+00  0.917676785242835E+00 
 0.384840603872455E+00  0.278429027128737E+00  0.896518747667129E+00 
 0.371452140376202E+00  0.296054591159650E+00  0.876085150907341E+00 
 0.357424683870471E+00  0.312845982708523E+00  0.860665051689890E+00 
 0.346131511186478E+00  0.325296772963602E+00  0.837870906483326E+00 
 0.474520987360682E+00  0.213271210202734E-01  0.799408680572052E+00 
 0.472493132909530E+00  0.487365662527662E-01  0.806708374739849E+00 
 0.468306223075060E+00  0.794625381292773E-01  0.800521141137191E+00 
 0.462504235480764E+00  0.108235140777505E+00  0.798065013522910E+00 
 0.454573088546030E+00  0.137798115758139E+00  0.797184115761291E+00 
 0.444495293673501E+00  0.167478199891447E+00  0.797154630892287E+00 
 0.432901342118722E+00  0.195503047363932E+00  0.795413541806264E+00 
 0.419468704707678E+00  0.222869960532234E+00  0.792845632237307E+00 
 0.402796176910473E+00  0.251754351309132E+00  0.793470800157731E+00 
 0.385412446474686E+00  0.277636920526014E+00  0.783830593597774E+00 
 0.367382124553410E+00  0.301090332118770E+00  0.779961086288555E+00 
 0.347514337811973E+00  0.323819083056997E+00  0.781021994891082E+00 
 0.474390640332966E+00  0.240527316795510E-01  0.713028465694698E+00 
 0.471871365520822E+00  0.544281906578612E-01  0.743530696275246E+00 
 0.465028456395766E+00  0.968170867096573E-01  0.743189059210239E+00 
 0.456955969258606E+00  0.129677506514039E+00  0.742296455067457E+00 
 0.473957811689497E+00  0.314484701579232E-01  0.773865171051366E+00 
 0.471159347821552E+00  0.602816928855234E-01  0.779395070761116E+00 
 0.466848643236102E+00  0.876205332407045E-01  0.772380717468225E+00 
 0.459980740741085E+00  0.118502032404743E+00  0.770414216317412E+00 
 0.451038939125414E+00  0.148959353279312E+00  0.769676081742956E+00 
 0.440352869952108E+00  0.178085270198616E+00  0.769607736148017E+00 
 0.428237755775567E+00  0.205517488465290E+00  0.769424422940620E+00 
 0.414347238799798E+00  0.232252834720611E+00  0.765468499667547E+00 
 0.398849417696656E+00  0.257961538877043E+00  0.759636950082446E+00 
 0.381327187449347E+00  0.283221802919092E+00  0.754632409845655E+00 
 0.362843578441645E+00  0.306544533665876E+00  0.751929198168217E+00 
 0.343907184018789E+00  0.327647466520093E+00  0.751222267949403E+00 
 0.472336380512657E+00  0.502330287856052E-01  0.707358275123684E+00 
 0.468468334967495E+00  0.785011634917491E-01  0.713736413961332E+00 
 0.462046377032076E+00  0.110173313503337E+00  0.715499157947942E+00 
 0.453391189419120E+00  0.141638423084577E+00  0.713414887392790E+00 
 0.441865272717450E+00  0.174298864893336E+00  0.712326357862821E+00 
 0.435367238574673E+00  0.189948364332619E+00  0.260027881056079E-01 
 0.418953394679542E+00  0.223837143082340E+00  0.341419382993103E-01 
 0.405479191117762E+00  0.247409860569987E+00  0.627346108386402E-01 
 0.392074661825260E+00  0.268146365053455E+00  0.874725709058868E-01 
 0.377476138478375E+00  0.288334490507508E+00  0.108805210879986E+00 
 0.363005324766862E+00  0.306352978976332E+00  0.126443158547228E+00 
 0.351523324850002E+00  0.319462620071844E+00  0.138900865151542E+00 
 0.340037993854119E+00  0.331661237217186E+00  0.151340630084531E+00 
 0.428400258750890E+00  0.205178536496743E+00  0.722221385576438E+00 
 0.412752813017369E+00  0.235074730422104E+00  0.731562597479431E+00 
 0.394867413396517E+00  0.264016551326461E+00  0.728657217718960E+00 
 0.376900674261190E+00  0.289086311122180E+00  0.725029187901723E+00 
 0.358368985694056E+00  0.311763826685171E+00  0.722538878987365E+00 
 0.340243466525350E+00  0.331450444295345E+00  0.721626090575283E+00 
 0.390135547675159E+00  0.270959901049908E+00  0.698718927635953E+00 
 0.372047229257548E+00  0.295306404838348E+00  0.695221217299488E+00 
 0.351857438368887E+00  0.319094588799705E+00  0.692968144644119E+00 
 0.453975705384574E+00  0.139753613396395E+00  0.646394788685172E+00 
 0.442071162629881E+00  0.173776007284772E+00  0.648217619506565E+00 
 0.429990559565812E+00  0.201824508474701E+00  0.648219673544842E+00 
 0.417313972564910E+00  0.226878958563525E+00  0.650009681771490E+00 
 0.473057655301415E+00  0.429123326970260E-01  0.653248120748228E+00 
 0.468793384836074E+00  0.765361082804153E-01  0.657139361440601E+00 
 0.461579957973235E+00  0.112111355063608E+00  0.659144821556028E+00 
 0.473991482801825E+00  0.309368351338232E-01  0.681571173596736E+00 
 0.470862946164078E+00  0.625547717321299E-01  0.683079479934002E+00 
 0.465706949821262E+00  0.934989327476547E-01  0.686482681713914E+00 
 0.459114853585687E+00  0.121813647649862E+00  0.690332955393365E+00 
 0.451010236286789E+00  0.149046235448284E+00  0.678709006841649E+00 
 0.440021948630385E+00  0.178901364612714E+00  0.681329405127694E+00 
 0.428641441480969E+00  0.204674200088561E+00  0.673499076513664E+00 
 0.415508737573191E+00  0.230168422111092E+00  0.679469299675662E+00 
 0.402616667220403E+00  0.252041331557167E+00  0.673225591207029E+00 
 0.386328544397245E+00  0.276360759372016E+00  0.668882630477503E+00 
 0.367839250541060E+00  0.300531694332162E+00  0.665285271253665E+00 
 0.347338457214965E+00  0.324007730889706E+00  0.662429753716296E+00 
 0.383378816611396E+00  0.280438400563148E+00  0.639162577827549E+00 
 0.364779313319745E+00  0.304238502018964E+00  0.635234186106601E+00 
 0.345291861558760E+00  0.326187896584245E+00  0.631094006938961E+00 
 0.447662945820885E+00  0.158817192003064E+00  0.252283881484923E-01 
 0.474442509906133E+00  0.230069191926827E-01  0.569172111007720E+00 
 0.473295707184836E+00  0.402018295252587E-01  0.595344563802610E+00 
 0.467853256782241E+00  0.820874147176373E-01  0.595137783308695E+00 
 0.458646718074811E+00  0.123564564240626E+00  0.592465801716291E+00 
 0.474275138933975E+00  0.262317770257467E-01  0.621835896282784E+00 
 0.471264866192418E+00  0.594511516239752E-01  0.625759825165874E+00 
 0.466489428158583E+00  0.895132780823728E-01  0.632177864080007E+00 
 0.460427745306718E+00  0.116753179350902E+00  0.623984753792713E+00 
 0.451809498272303E+00  0.146605561994420E+00  0.618849622019319E+00 
 0.442383779114949E+00  0.172978627329355E+00  0.614847264678043E+00 
 0.430257722552400E+00  0.201254330936746E+00  0.622372639015048E+00 
 0.414427131872590E+00  0.232110245152245E+00  0.618175044074506E+00 
 0.397969737942782E+00  0.259316604209078E+00  0.612634630092891E+00 
 0.380320358521596E+00  0.284572378193624E+00  0.610260382607673E+00 
 0.362395014899108E+00  0.307074692400795E+00  0.605377144541857E+00 
 0.344192305727872E+00  0.327347934489435E+00  0.599490779195228E+00 
 0.472415798993860E+00  0.494805658593961E-01  0.566383109063215E+00 
 0.469016046134123E+00  0.751595769379349E-01  0.559942657064273E+00 
 0.463643761070758E+00  0.103244740093308E+00  0.563676706115394E+00 
 0.455282724112838E+00  0.135435056987338E+00  0.562259679706168E+00 
 0.443542932856851E+00  0.169984352954954E+00  0.560866372500231E+00 
 0.429540902593679E+00  0.202779748830554E+00  0.571344967607111E+00 
 0.412878401274730E+00  0.234854080862137E+00  0.582344910297061E+00 
 0.400092341029281E+00  0.256029553345867E+00  0.302054467024207E-01 
 0.387701926313833E+00  0.274430737836188E+00  0.565661540308537E-01 
 0.374209684033134E+00  0.292561319918733E+00  0.796679390750241E-01 
 0.359644269811829E+00  0.310291818661536E+00  0.100054781268273E+00 
 0.343069364139753E+00  0.328524618446645E+00  0.120583827509580E+00 
 0.393507606137764E+00  0.266039052487599E+00  0.582307514392126E+00 
 0.376578616091126E+00  0.289505715728829E+00  0.584611815293491E+00 
 0.361859885711661E+00  0.307705113135143E+00  0.574045141495763E+00 
 0.343379466910946E+00  0.328200480256692E+00  0.564782208578750E+00 
 0.383670105009072E+00  0.280039754426221E+00  0.553191348434426E+00 
 0.364661982699173E+00  0.304379125287323E+00  0.542624626910725E+00 
 0.348247656785964E+00  0.323030312942692E+00  0.533300297110561E+00 
 0.474308191478222E+00  0.256271932413134E-01  0.537330716876502E+00 
 0.471741866093204E+00  0.555394032347843E-01  0.536935860970444E+00 
 0.467365383498612E+00  0.848210577862025E-01  0.535397946509786E+00 
 0.461065145678219E+00  0.114210091399554E+00  0.534391918551437E+00 
 0.452410497467567E+00  0.144740303018608E+00  0.532165488810255E+00 
 0.442155036047879E+00  0.173562489133657E+00  0.527387993264632E+00 
 0.430279787294123E+00  0.201207152414867E+00  0.523123790215684E+00 
 0.416316319718258E+00  0.228704471913037E+00  0.522106311229288E+00 
 0.399783012111264E+00  0.256512293592372E+00  0.520693659792788E+00 
 0.381480631021323E+00  0.283015090926868E+00  0.517815869035382E+00 
 0.363215067693470E+00  0.306104276574496E+00  0.511968978703837E+00 
 0.344512223198538E+00  0.327011225500852E+00  0.507592696045302E+00 
 0.474268064269756E+00  0.263593769005999E-01  0.447045702627556E+00 
 0.471364336064371E+00  0.586572776675556E-01  0.476073992828632E+00 
 0.464248403863708E+00  0.100490960025131E+00  0.478183609868076E+00 
 0.456225326920365E+00  0.132225052895346E+00  0.476636078940953E+00 
 0.473674200028363E+00  0.354649935043103E-01  0.505064535679237E+00 
 0.470474856290146E+00  0.654096562866750E-01  0.512039677465584E+00 
 0.465876318408743E+00  0.926513328705508E-01  0.506982499739682E+00 
 0.458792894678736E+00  0.123020702847438E+00  0.505198445902901E+00 
 0.449701490826781E+00  0.152949608319018E+00  0.502349501112334E+00 
 0.438889362243695E+00  0.181662162395188E+00  0.499576383517019E+00 
 0.426434727116709E+00  0.209232973132042E+00  0.497720580856217E+00 
 0.412233768198867E+00  0.235983757689675E+00  0.492700488029610E+00 
 0.395796227850447E+00  0.262622085050231E+00  0.488784895516937E+00 
 0.377866470907093E+00  0.287822764389804E+00  0.487520303937088E+00 
 0.359965480611007E+00  0.309919128653354E+00  0.483233781792875E+00 
 0.342418287138646E+00  0.329203174604688E+00  0.479479512982538E+00 
 0.474416038533955E+00  0.235464629725750E-01  0.415037694865950E+00 
 0.472100689671446E+00  0.524018353544858E-01  0.435265560603378E+00 
 0.467495319538723E+00  0.841019604180685E-01  0.446756150763500E+00 
 0.461318217330902E+00  0.113183549579480E+00  0.453640092432939E+00 
 0.453858379715308E+00  0.140134166779431E+00  0.446378568994916E+00 
 0.441918166239564E+00  0.174164714808232E+00  0.441327847929323E+00 
 0.428822480345875E+00  0.204294625202885E+00  0.451542408583519E+00 
 0.411952489102911E+00  0.236474438911888E+00  0.453479948310137E+00 
 0.390088053215214E+00  0.271028272096356E+00  0.458284156586429E+00 
 0.372890282675571E+00  0.294241143660947E+00  0.461935527607698E+00 
 0.357222092437097E+00  0.313077291114558E+00  0.451666537583473E+00 
 0.339349593070783E+00  0.332365562625647E+00  0.453868409701821E+00 
 0.472640413098507E+00  0.472869267646495E-01  0.407991578821053E+00 
 0.469189944703662E+00  0.740662495725912E-01  0.413441060779195E+00 
 0.462351708606872E+00  0.108884852413359E+00  0.421230464627855E+00 
 0.452845392347442E+00  0.143373861517577E+00  0.414624791261081E+00 
 0.442689202367311E+00  0.172195480905179E+00  0.406700498817194E+00 
 0.428986928972405E+00  0.203949082634859E+00  0.422960540642696E+00 
 0.414369439563021E+00  0.232213223337958E+00  0.419590468218709E+00 
 0.398931574777247E+00  0.257834466630277E+00  0.426098407204081E+00 
 0.381767346021214E+00  0.282628213469018E+00  0.273562317614536E-01 
 0.369325156957806E+00  0.298703769602696E+00  0.515637207242747E-01 
 0.356366248538079E+00  0.314051127110959E+00  0.730483556961600E-01 
 0.341761835299880E+00  0.329884618418662E+00  0.916939314988410E-01 
 0.378284259869088E+00  0.287273445121657E+00  0.431360263180088E+00 
 0.362099357674548E+00  0.307423272880320E+00  0.425289676293835E+00 
 0.344004980058877E+00  0.327544786604000E+00  0.421143280324853E+00 
 0.389982708801211E+00  0.271179830320845E+00  0.397513203525956E+00 
 0.368201557964263E+00  0.300087697597648E+00  0.397999306761060E+00 
 0.349592559859162E+00  0.321574339193733E+00  0.387900677431083E+00 
 0.474427608063193E+00  0.233121908924610E-01  0.324928870326093E+00 
 0.472711877333589E+00  0.465670974458039E-01  0.357048058260511E+00 
 0.468900840383355E+00  0.758749986791355E-01  0.347591532118036E+00 
 0.461278836159135E+00  0.113343940501667E+00  0.350755268304302E+00 
 0.474046868614440E+00  0.300762346980825E-01  0.383516490033226E+00 
 0.471450262167602E+00  0.579626072470314E-01  0.387854527880606E+00 
 0.467118903029598E+00  0.861681145737764E-01  0.380674889057651E+00 
 0.459714901686236E+00  0.119529170934906E+00  0.390119382519299E+00 
 0.451575156644958E+00  0.147325800312952E+00  0.381624775959993E+00 
 0.441378029049587E+00  0.175529054600866E+00  0.376165676736756E+00 
 0.430017859969663E+00  0.201766334267850E+00  0.373313581715442E+00 
 0.417118988205966E+00  0.227237239938368E+00  0.370321829685064E+00 
 0.401770369032676E+00  0.253388208297313E+00  0.367582782457268E+00 
 0.383588303277708E+00  0.280151793007469E+00  0.367391634380733E+00 
 0.364475691936810E+00  0.304602172552908E+00  0.365602215230490E+00 
 0.344838795565763E+00  0.326666831205010E+00  0.360473769044320E+00 
 0.472076596484529E+00  0.526184434239227E-01  0.323831392162950E+00 
 0.467908058987542E+00  0.817744573279805E-01  0.320634327382436E+00 
 0.462649333616190E+00  0.107613231720211E+00  0.315846102483560E+00 
 0.455260867035837E+00  0.135508510738433E+00  0.320149808794873E+00 
 0.443823899293455E+00  0.169249401631805E+00  0.319064004577576E+00 
 0.430484790758692E+00  0.200768170939071E+00  0.328164449456673E+00 
 0.414915578569398E+00  0.231235975136219E+00  0.338055075934964E+00 
 0.396371916711434E+00  0.261752396702070E+00  0.338171354876444E+00 
 0.377531479242103E+00  0.288262026146420E+00  0.337907567470146E+00 
 0.359650624667459E+00  0.310284452902614E+00  0.339545414448546E+00 
 0.343304612942284E+00  0.328278778280469E+00  0.327440777326462E+00 
 0.389806877359002E+00  0.271432518133691E+00  0.309086557132693E+00 
 0.367945441299466E+00  0.300401674036130E+00  0.308921714983791E+00 
 0.350135644800537E+00  0.320982933778231E+00  0.296350448321801E+00 
 0.474104849056820E+00  0.291479954298755E-01  0.295264119057055E+00 
 0.363137188705131E+00  0.306196661830435E+00  0.250702907356009E-01 
 0.350297119517813E+00  0.320806704409822E+00  0.472500575253239E-01 
 0.339849798624389E+00  0.331854076231905E+00  0.670192420005309E-01 
 0.471263659823376E+00  0.594607136406218E-01  0.294327538627344E+00 
 0.466576877772155E+00  0.890563342225668E-01  0.292676026262649E+00 
 0.460183675875929E+00  0.117711503236046E+00  0.292520294984637E+00 
 0.451945809510500E+00  0.146184810437571E+00  0.290861060274377E+00 
 0.442225968215983E+00  0.173381678882771E+00  0.285733690438605E+00 
 0.430610460741465E+00  0.200498490360397E+00  0.281495702924082E+00 
 0.417473061033405E+00  0.226586091471156E+00  0.282536443023487E+00 
 0.402143360141609E+00  0.252795829535993E+00  0.282075803792009E+00 
 0.384916092609775E+00  0.278324657884986E+00  0.279192992281527E+00 
 0.366129105035256E+00  0.302612775643810E+00  0.274502283302984E+00 
 0.346131461486139E+00  0.325296825847160E+00  0.268700348735577E+00 
 0.452608902216633E+00  0.144118684323110E+00  0.228611485281255E+00 
 0.440869294249943E+00  0.176802938110001E+00  0.227194272086087E+00 
 0.428153180556171E+00  0.205693625366491E+00  0.226393794722556E+00 
 0.414412502217547E+00  0.232136364110771E+00  0.228651402478855E+00 
 0.472783061116109E+00  0.458387462574424E-01  0.238509294885258E+00 
 0.468057335566867E+00  0.809156607760200E-01  0.238541859812545E+00 
 0.460413853817958E+00  0.116807948142527E+00  0.240328004508875E+00 
 0.473701805351341E+00  0.350943463203227E-01  0.265993733263828E+00 
 0.470041040076348E+00  0.684575356021527E-01  0.266097827682220E+00 
 0.464393063783401E+00  0.998203178047398E-01  0.266296034064205E+00 
 0.457657371775218E+00  0.127179965389878E+00  0.268990237503926E+00 
 0.449681663862175E+00  0.153007891047866E+00  0.257639427754372E+00 
 0.438523311263730E+00  0.182544019390026E+00  0.260308482534763E+00 
 0.426462816161532E+00  0.209175715532064E+00  0.253498239249012E+00 
 0.412268187243562E+00  0.235923621800963E+00  0.259322209021049E+00 
 0.398635733641376E+00  0.258291628592520E+00  0.252891805752356E+00 
 0.381710374271183E+00  0.282705153314410E+00  0.249086081074250E+00 
 0.343706867001525E+00  0.327857595783237E+00  0.233291838060693E-01 
 0.363267484977933E+00  0.306042068831353E+00  0.244483745025993E+00 
 0.344191965883739E+00  0.327348291820586E+00  0.238255642833832E+00 
 0.378610857979994E+00  0.286842869453682E+00  0.220583184358296E+00 
 0.360554846825679E+00  0.309233271119520E+00  0.215869405018745E+00 
 0.342949698791339E+00  0.328649536186647E+00  0.207916837292651E+00 
 0.472062736330514E+00  0.527426440835219E-01  0.183830803859261E+00 
 0.466574230914805E+00  0.890702003087039E-01  0.172028657406888E+00 
 0.459556671365420E+00  0.120136086752925E+00  0.185309774086813E+00 
 0.474141135208654E+00  0.285516626454361E-01  0.207726797841064E+00 
 0.471168529828993E+00  0.602098832050050E-01  0.214677264620189E+00 
 0.465970281309912E+00  0.921776028801749E-01  0.206488972355554E+00 
 0.458620819698620E+00  0.123660653709000E+00  0.212506090206286E+00 
 0.451385491595077E+00  0.147905887354901E+00  0.201864694237488E+00 
 0.442327008772158E+00  0.173123744320202E+00  0.192668766634206E+00 
 0.428721227349937E+00  0.204507023733510E+00  0.197791309771553E+00 
 0.411055677544653E+00  0.238029921428132E+00  0.195927008347206E+00 
 0.391759362166058E+00  0.268606804999457E+00  0.189659186382694E+00 
 0.373727570124589E+00  0.293176937813225E+00  0.196514411149810E+00 
 0.359158994573071E+00  0.310853390127932E+00  0.187098616393621E+00 
 0.342211385820204E+00  0.329418246233848E+00  0.178366453353612E+00 
 0.487427399388252E+00  0.000000000000000E+00  0.977638070347164E+00 
