 0.500000000000000E+00 -0.462592926927149E-17  0.000000000000000E+00 
 0.327305337509602E+00  0.377983089618737E+00  0.000000000000000E+00 
 0.341065252322192E+00  0.365615226239827E+00  0.000000000000000E+00 
 0.358069705524079E+00  0.348978632563512E+00  0.000000000000000E+00 
 0.376509168026715E+00  0.328999766552851E+00  0.000000000000000E+00 
 0.392245891620821E+00  0.310069605905815E+00  0.000000000000000E+00 
 0.407443327950114E+00  0.289810169781766E+00  0.000000000000000E+00 
 0.425478442158597E+00  0.262617774071546E+00  0.000000000000000E+00 
 0.442941968237428E+00  0.231953471140126E+00  0.000000000000000E+00 
 0.458370446261697E+00  0.199741167498973E+00  0.000000000000000E+00 
 0.471017996447907E+00  0.167755915014046E+00  0.000000000000000E+00 
 0.480812193921695E+00  0.137184671797566E+00  0.000000000000000E+00 
 0.487249911730045E+00  0.112194133175776E+00  0.000000000000000E+00 
 0.492249327384288E+00  0.876960642772310E-01  0.000000000000000E+00 
 0.496354186434026E+00  0.602704040920224E-01  0.000000000000000E+00 
 0.498570386509846E+00  0.377831932930808E-01  0.000000000000000E+00 
 0.499700613991809E+00  0.173001842825351E-01  0.000000000000000E+00 
 0.316200000792742E+00  0.387321003172653E+00  0.000000000000000E+00 
 0.316200000792742E+00  0.355462614454177E+00  0.000000000000000E+00 
 0.316200000792742E+00  0.370096852614744E+00  0.000000000000000E+00 
 0.316200000792742E+00  0.342578458513989E+00  0.000000000000000E+00 
 0.465761986696158E+00  0.202042690536101E-01  0.000000000000000E+00 
 0.463136020407383E+00  0.533616654571873E-01  0.000000000000000E+00 
 0.458004294439245E+00  0.870316437530948E-01  0.000000000000000E+00 
 0.450137074138523E+00  0.121322113504343E+00  0.000000000000000E+00 
 0.439827058997496E+00  0.154578778985868E+00  0.000000000000000E+00 
 0.427279530209842E+00  0.186479606935469E+00  0.000000000000000E+00 
 0.412531145719879E+00  0.217164671505738E+00  0.000000000000000E+00 
 0.396528506621624E+00  0.245168481203384E+00  0.000000000000000E+00 
 0.378753609424451E+00  0.271823737166377E+00  0.000000000000000E+00 
 0.359792653257046E+00  0.296465322426416E+00  0.000000000000000E+00 
 0.343167656900064E+00  0.315560453791132E+00  0.000000000000000E+00 
 0.328194026241246E+00  0.331105907344929E+00  0.000000000000000E+00 
 0.466200000792760E+00  0.578241158658936E-17  0.000000000000000E+00 
 0.488182449025138E+00  0.000000000000000E+00  0.000000000000000E+00 
 0.476085904876452E+00  0.000000000000000E+00  0.000000000000000E+00 
 0.341725671939807E+00  0.330498078713100E+00  0.000000000000000E+00 
 0.336616052257424E+00  0.348769893926686E+00  0.000000000000000E+00 
 0.358525690043187E+00  0.326426891744018E+00  0.000000000000000E+00 
 0.380499525292321E+00  0.297362607236914E+00  0.000000000000000E+00 
 0.402104811262106E+00  0.267417064049852E+00  0.000000000000000E+00 
 0.419596239064237E+00  0.239048432760873E+00  0.000000000000000E+00 
 0.435455123629001E+00  0.208671938847025E+00  0.000000000000000E+00 
 0.449234528596721E+00  0.177009172686061E+00  0.000000000000000E+00 
 0.460559570199596E+00  0.144969667146771E+00  0.000000000000000E+00 
 0.470540660793626E+00  0.108187435110600E+00  0.000000000000000E+00 
 0.477391053679247E+00  0.720549810073874E-01  0.000000000000000E+00 
 0.481386988428192E+00  0.369984684058300E-01  0.000000000000000E+00 
 0.316200000792742E+00  0.387321003172653E+00  0.100000000000000E+01 
 0.499620239051847E+00  0.194837555357082E-01  0.100000000000000E+01 
 0.497770830188515E+00  0.471614314184406E-01  0.100000000000000E+01 
 0.493788447711064E+00  0.785682436299695E-01  0.100000000000000E+01 
 0.487141385650969E+00  0.112664414905749E+00  0.100000000000000E+01 
 0.478139325496188E+00  0.146228538302379E+00  0.100000000000000E+01 
 0.468346902043355E+00  0.175074782154347E+00  0.100000000000000E+01 
 0.456344288269199E+00  0.204327899622343E+00  0.100000000000000E+01 
 0.442063111197026E+00  0.233624069219774E+00  0.100000000000000E+01 
 0.428565346900279E+00  0.257549497060746E+00  0.100000000000000E+01 
 0.415121423760782E+00  0.278700921302426E+00  0.100000000000000E+01 
 0.398452707603728E+00  0.302052048169281E+00  0.100000000000000E+01 
 0.380366538595840E+00  0.324532427218944E+00  0.100000000000000E+01 
 0.363543139382685E+00  0.343273048472759E+00  0.100000000000000E+01 
 0.349510483597551E+00  0.357550586428558E+00  0.100000000000000E+01 
 0.337353275789151E+00  0.369043042630977E+00  0.100000000000000E+01 
 0.326000604681366E+00  0.379108962895081E+00  0.100000000000000E+01 
 0.500000000000000E+00 -0.462592926927149E-17  0.100000000000000E+01 
 0.477026846704140E+00  0.000000000000000E+00  0.100000000000000E+01 
 0.488789923567087E+00  0.000000000000000E+00  0.100000000000000E+01 
 0.466200000792760E+00  0.462592926927149E-17  0.100000000000000E+01 
 0.331328039323579E+00  0.327969771621015E+00  0.100000000000000E+01 
 0.349759885713019E+00  0.308237673046564E+00  0.100000000000000E+01 
 0.369584802078193E+00  0.284164591059419E+00  0.100000000000000E+01 
 0.389954001774559E+00  0.255496217661152E+00  0.100000000000000E+01 
 0.409504968826934E+00  0.222818583707022E+00  0.100000000000000E+01 
 0.424001607935195E+00  0.193817123101959E+00  0.100000000000000E+01 
 0.435656907672567E+00  0.165968369083768E+00  0.100000000000000E+01 
 0.446422350727651E+00  0.134348522544713E+00  0.100000000000000E+01 
 0.454189368905913E+00  0.105140182195021E+00  0.100000000000000E+01 
 0.459981652239591E+00  0.758901860723248E-01  0.100000000000000E+01 
 0.463939655557935E+00  0.458523362538276E-01  0.100000000000000E+01 
 0.465820769530711E+00  0.188003035336996E-01  0.100000000000000E+01 
 0.316200000792742E+00  0.342578458513989E+00  0.100000000000000E+01 
 0.316200000792742E+00  0.370380863483748E+00  0.100000000000000E+01 
 0.316200000792742E+00  0.355355876035742E+00  0.100000000000000E+01 
 0.482213827451704E+00  0.271633262406067E-01  0.100000000000000E+01 
 0.478963667826649E+00  0.616718383167166E-01  0.100000000000000E+01 
 0.473901252764416E+00  0.931019242971436E-01  0.100000000000000E+01 
 0.466636018902775E+00  0.124472269033033E+00  0.100000000000000E+01 
 0.457165299809330E+00  0.155161331664892E+00  0.100000000000000E+01 
 0.446185941482154E+00  0.184698295704833E+00  0.100000000000000E+01 
 0.432975186810960E+00  0.213855411252431E+00  0.100000000000000E+01 
 0.414169555200220E+00  0.247965333719722E+00  0.100000000000000E+01 
 0.393531151201669E+00  0.279596288124750E+00  0.100000000000000E+01 
 0.374791789207842E+00  0.304324569884330E+00  0.100000000000000E+01 
 0.356121032982994E+00  0.326092338014763E+00  0.100000000000000E+01 
 0.335619174700868E+00  0.348477968733186E+00  0.100000000000000E+01 
 0.500000000000000E+00 -0.138777878078145E-16  0.976070511482106E+00 
 0.500000000000000E+00 -0.138777878078145E-16  0.946902418859611E+00 
 0.500000000000000E+00 -0.138777878078145E-16  0.922965766604331E+00 
 0.500000000000000E+00 -0.138777878078145E-16  0.894248049366333E+00 
 0.500000000000000E+00 -0.138777878078145E-16  0.863921978660639E+00 
 0.500000000000000E+00 -0.138777878078145E-16  0.832404764794617E+00 
 0.500000000000000E+00 -0.138777878078145E-16  0.799543240801195E+00 
 0.500000000000000E+00 -0.138777878078145E-16  0.762753060310922E+00 
 0.500000000000000E+00 -0.138777878078145E-16  0.727845055106990E+00 
 0.500000000000000E+00 -0.138777878078145E-16  0.695971987467474E+00 
 0.500000000000000E+00 -0.138777878078145E-16  0.665000916069189E+00 
 0.500000000000000E+00 -0.138777878078145E-16  0.634460591141496E+00 
 0.500000000000000E+00 -0.138777878078145E-16  0.603855999490269E+00 
 0.500000000000000E+00 -0.138777878078145E-16  0.573244985472986E+00 
 0.500000000000000E+00 -0.138777878078145E-16  0.542504850964055E+00 
 0.500000000000000E+00 -0.138777878078145E-16  0.511421406833069E+00 
 0.500000000000000E+00 -0.138777878078145E-16  0.480567857935874E+00 
 0.500000000000000E+00 -0.138777878078145E-16  0.450356379851147E+00 
 0.500000000000000E+00 -0.138777878078145E-16  0.421057717606200E+00 
 0.500000000000000E+00 -0.138777878078145E-16  0.392507176389416E+00 
 0.500000000000000E+00 -0.138777878078145E-16  0.364174378910925E+00 
 0.500000000000000E+00 -0.138777878078145E-16  0.335656941275186E+00 
 0.500000000000000E+00 -0.138777878078145E-16  0.306855761753777E+00 
 0.500000000000000E+00 -0.138777878078145E-16  0.277966242830649E+00 
 0.500000000000000E+00 -0.138777878078145E-16  0.250645598098199E+00 
 0.500000000000000E+00 -0.138777878078145E-16  0.220119762401283E+00 
 0.500000000000000E+00 -0.138777878078145E-16  0.190513437465316E+00 
 0.500000000000000E+00 -0.138777878078145E-16  0.164475773551040E+00 
 0.500000000000000E+00 -0.138777878078145E-16  0.135930204438210E+00 
 0.500000000000000E+00 -0.138777878078145E-16  0.103798238599327E+00 
 0.500000000000000E+00 -0.138777878078145E-16  0.710365162648831E-01 
 0.500000000000000E+00 -0.138777878078145E-16  0.405094317976324E-01 
 0.500000000000000E+00 -0.138777878078145E-16  0.167679572468694E-01 
 0.316200000792742E+00  0.387321003172653E+00  0.218695689545969E-01 
 0.316200000792742E+00  0.387321003172653E+00  0.473911622935488E-01 
 0.316200000792742E+00  0.387321003172653E+00  0.707830495495776E-01 
 0.316200000792742E+00  0.387321003172653E+00  0.106954467186506E+00 
 0.316200000792742E+00  0.387321003172653E+00  0.140162308715385E+00 
 0.316200000792742E+00  0.387321003172653E+00  0.173998297145216E+00 
 0.316200000792742E+00  0.387321003172653E+00  0.206847078608479E+00 
 0.316200000792742E+00  0.387321003172653E+00  0.238745910404921E+00 
 0.316200000792742E+00  0.387321003172653E+00  0.281785279167058E+00 
 0.316200000792742E+00  0.387321003172653E+00  0.311071182498060E+00 
 0.316200000792742E+00  0.387321003172653E+00  0.339707873697491E+00 
 0.316200000792742E+00  0.387321003172653E+00  0.374786521425464E+00 
 0.316200000792742E+00  0.387321003172653E+00  0.410208238098624E+00 
 0.316200000792742E+00  0.387321003172653E+00  0.434323812324345E+00 
 0.316200000792742E+00  0.387321003172653E+00  0.462513059363676E+00 
 0.316200000792742E+00  0.387321003172653E+00  0.493494256708095E+00 
 0.316200000792742E+00  0.387321003172653E+00  0.521534457898403E+00 
 0.316200000792742E+00  0.387321003172653E+00  0.550465670700153E+00 
 0.316200000792742E+00  0.387321003172653E+00  0.579923894985937E+00 
 0.316200000792742E+00  0.387321003172653E+00  0.609639201503972E+00 
 0.316200000792742E+00  0.387321003172653E+00  0.639451318092834E+00 
 0.316200000792742E+00  0.387321003172653E+00  0.669241953284951E+00 
 0.316200000792742E+00  0.387321003172653E+00  0.698851152094976E+00 
 0.316200000792742E+00  0.387321003172653E+00  0.727775635377737E+00 
 0.316200000792742E+00  0.387321003172653E+00  0.753277420987551E+00 
 0.316200000792742E+00  0.387321003172653E+00  0.781369055201598E+00 
 0.316200000792742E+00  0.387321003172653E+00  0.804795608419917E+00 
 0.316200000792742E+00  0.387321003172653E+00  0.833567854760904E+00 
 0.316200000792742E+00  0.387321003172653E+00  0.873371013349266E+00 
 0.316200000792742E+00  0.387321003172653E+00  0.904260366215505E+00 
 0.316200000792742E+00  0.387321003172653E+00  0.935108805199393E+00 
 0.316200000792742E+00  0.387321003172653E+00  0.958739483345819E+00 
 0.316200000792742E+00  0.387321003172653E+00  0.981978702878096E+00 
 0.447195639753919E+00  0.223642705637997E+00  0.874925132724260E+00 
 0.438056043471749E+00  0.241053734212680E+00  0.851181047644420E+00 
 0.448055192177507E+00  0.221915625323629E+00  0.145525920557907E+00 
 0.425498319811689E+00  0.262585566696705E+00  0.903151313129947E+00 
 0.440769963967727E+00  0.236054737007941E+00  0.904138635606543E+00 
 0.432240497652110E+00  0.251332751923533E+00  0.876188880669838E+00 
 0.456432905296870E+00  0.204129867883802E+00  0.906166282114245E+00 
 0.460430744729649E+00  0.194944939169244E+00  0.872265940049727E+00 
 0.434499888571846E+00  0.247406238464298E+00  0.822234782115718E+00 
 0.451049711570238E+00  0.215764125128357E+00  0.838303399461944E+00 
 0.443225017352421E+00  0.231412151783233E+00  0.796510780730226E+00 
 0.453410380909782E+00  0.210758218068114E+00  0.216812074540338E+00 
 0.442498256181834E+00  0.232798825761721E+00  0.199723375065696E+00 
 0.455548265498259E+00  0.206096525447490E+00  0.191049764307067E+00 
 0.333707252360104E+00  0.372343214953986E+00  0.161198988171313E-01 
 0.431094669787021E+00  0.253293082576725E+00  0.175738938392994E+00 
 0.445138798796737E+00  0.227709134216874E+00  0.170573051875409E+00 
 0.457533868483753E+00  0.201650090975164E+00  0.162489006318295E+00 
 0.426565395548618E+00  0.260848544792666E+00  0.119404068251003E+00 
 0.435084345925767E+00  0.246376971185109E+00  0.146829561836988E+00 
 0.442778485068488E+00  0.232265393807290E+00  0.121045685700680E+00 
 0.458106142046799E+00  0.200346606207836E+00  0.129313363025197E+00 
 0.477046110734042E+00  0.149756496465177E+00  0.773317222693305E+00 
 0.440142757534588E+00  0.237222159567458E+00  0.959864254720594E+00 
 0.432526738511040E+00  0.250839830316086E+00  0.931159189812921E+00 
 0.446904359172202E+00  0.224224204208385E+00  0.933624249681108E+00 
 0.457908627178713E+00  0.200797632344873E+00  0.937173735652313E+00 
 0.467005375761653E+00  0.178622448224508E+00  0.926719011556873E+00 
 0.482031089272121E+00  0.132838356565914E+00  0.805852572248042E+00 
 0.483165365369338E+00  0.128651582607886E+00  0.844703435279321E+00 
 0.478657328558403E+00  0.144523914344074E+00  0.874154876561367E+00 
 0.484577058964355E+00  0.123227731965887E+00  0.778806972933508E+00 
 0.489178944414976E+00  0.103459945587897E+00  0.826468909893935E+00 
 0.491309286968863E+00  0.928180183916250E-01  0.795473729202816E+00 
 0.341203705291437E+00  0.365486020930205E+00  0.774799103875740E+00 
 0.348241937686713E+00  0.358786221636511E+00  0.189970364784394E-01 
 0.337071821073833E+00  0.369300131922492E+00  0.357668517433419E-01 
 0.328502216788851E+00  0.376943355910156E+00  0.522519783574987E-01 
 0.352025696134264E+00  0.355074512266350E+00  0.764534020419301E+00 
 0.357001826268975E+00  0.350070987144917E+00  0.792383564591598E+00 
 0.366091048987997E+00  0.340554465322168E+00  0.766855650689735E+00 
 0.368740209982837E+00  0.337684257172012E+00  0.821486224041154E+00 
 0.375965449738150E+00  0.329620965054091E+00  0.794827332086472E+00 
 0.382307231634138E+00  0.322243976887454E+00  0.767176594436908E+00 
 0.376627639644051E+00  0.328864137686296E+00  0.844677102845127E+00 
 0.389156024447379E+00  0.313938829449801E+00  0.860405945002504E+00 
 0.388600908017871E+00  0.314625705065060E+00  0.826808050084832E+00 
 0.393864162979724E+00  0.308011397711646E+00  0.795064167978048E+00 
 0.398945753731874E+00  0.301400540111173E+00  0.766308722192770E+00 
 0.401237914589176E+00  0.298342313284806E+00  0.880946768848394E+00 
 0.404723766529131E+00  0.293596104889819E+00  0.851750008711760E+00 
 0.406417751702187E+00  0.291246649940115E+00  0.821497075383330E+00 
 0.410505824196317E+00  0.285455720385672E+00  0.792472116423180E+00 
 0.415276429342831E+00  0.278469903638201E+00  0.765010795744914E+00 
 0.411526705024563E+00  0.283981990717063E+00  0.900254123076441E+00 
 0.416848011175273E+00  0.276111817166922E+00  0.875690836725909E+00 
 0.422233948716929E+00  0.267803085402148E+00  0.845164317248622E+00 
 0.420418707102390E+00  0.270643881730873E+00  0.814974679778533E+00 
 0.426591708154357E+00  0.260805510934773E+00  0.791993972390998E+00 
 0.430864080677693E+00  0.253685127632203E+00  0.764225362534017E+00 
 0.470784756484709E+00  0.168409361561740E+00  0.896982327154397E+00 
 0.470301058333084E+00  0.169755455084015E+00  0.868165440867650E+00 
 0.364643950368726E+00  0.342103477707389E+00  0.208140388016573E-01 
 0.353381084103441E+00  0.353725613149340E+00  0.401624909650882E-01 
 0.342654891065118E+00  0.364125837629180E+00  0.585537285029691E-01 
 0.331175722860464E+00  0.374596637181715E+00  0.777539241625451E-01 
 0.465545008652925E+00  0.182394750248870E+00  0.843312676939568E+00 
 0.460595717454401E+00  0.194554838188788E+00  0.810012965439320E+00 
 0.453464044795176E+00  0.210642730892853E+00  0.782390898874306E+00 
 0.444682497364041E+00  0.228598942556783E+00  0.761903875284975E+00 
 0.462664471794965E+00  0.189582664130151E+00  0.781640374769223E+00 
 0.456829032775214E+00  0.203241813644885E+00  0.758747900476141E+00 
 0.474934747047498E+00  0.156323338139029E+00  0.850062437391379E+00 
 0.473800359083702E+00  0.159728581450393E+00  0.823359432887751E+00 
 0.471342450373787E+00  0.166842124403983E+00  0.793312872081270E+00 
 0.467892218148015E+00  0.176286335819117E+00  0.762198571867839E+00 
 0.351104414805705E+00  0.355985519233498E+00  0.226385812907435E+00 
 0.366479800822631E+00  0.340136083926720E+00  0.207620883138128E+00 
 0.371952547433715E+00  0.334142637892218E+00  0.180688228906321E+00 
 0.385837116552312E+00  0.318008992782591E+00  0.226887519727616E+00 
 0.389187344913419E+00  0.313900000890798E+00  0.196828718278937E+00 
 0.384069315689959E+00  0.320141782255061E+00  0.163596222989663E+00 
 0.408759299887308E+00  0.287951097854546E+00  0.232941747637650E+00 
 0.408328875649074E+00  0.288561136175963E+00  0.199172362291873E+00 
 0.401863519358935E+00  0.297499095475013E+00  0.171622710995796E+00 
 0.396554805705311E+00  0.304539465541042E+00  0.142385884513912E+00 
 0.429332598933180E+00  0.256268452005472E+00  0.241609667301677E+00 
 0.444006751133120E+00  0.229908688283440E+00  0.234890682240097E+00 
 0.426205806509566E+00  0.261435671815325E+00  0.208487327149758E+00 
 0.417114471894470E+00  0.275709117252582E+00  0.180264191708305E+00 
 0.417028502380905E+00  0.275839134645430E+00  0.149951982503474E+00 
 0.408226478131451E+00  0.288705979419187E+00  0.118282605760176E+00 
 0.497288797800922E+00  0.519985728815119E-01  0.232301994061022E+00 
 0.494270901350894E+00  0.754736780458914E-01  0.242262842167287E+00 
 0.494121277641782E+00  0.764471253982302E-01  0.213705600199190E+00 
 0.489562817394492E+00  0.101627987408821E+00  0.223412140289473E+00 
 0.489751780314945E+00  0.100713423526073E+00  0.193750867325543E+00 
 0.484354614876758E+00  0.124099182300237E+00  0.172136330053363E+00 
 0.483388853012318E+00  0.127809298501462E+00  0.231073880718651E+00 
 0.483583855341284E+00  0.127069488285979E+00  0.201014310989646E+00 
 0.476535280720254E+00  0.151374126682430E+00  0.178373879676382E+00 
 0.381495351439638E+00  0.323204728972129E+00  0.223115801722523E-01 
 0.369929785699380E+00  0.336380667774488E+00  0.430648485754411E-01 
 0.358711170832442E+00  0.348319244257360E+00  0.628295382995152E-01 
 0.347601454423764E+00  0.359406773562330E+00  0.818665401182768E-01 
 0.336965399322863E+00  0.369397238293931E+00  0.997062933676729E-01 
 0.478044830146289E+00  0.146537163785866E+00  0.149602638704851E+00 
 0.475822052114474E+00  0.153601349999180E+00  0.237468563039465E+00 
 0.475656897648398E+00  0.154112023280150E+00  0.208116992748425E+00 
 0.458583555411479E+00  0.199251405782159E+00  0.241963696367465E+00 
 0.468309983951788E+00  0.175173510928667E+00  0.245786367145581E+00 
 0.465474076470926E+00  0.182575694257310E+00  0.217207246765813E+00 
 0.466895082410225E+00  0.178910541950857E+00  0.185252433943004E+00 
 0.468460534195708E+00  0.174770500660358E+00  0.155030985339920E+00 
 0.470851836767064E+00  0.168221722179635E+00  0.126110634289674E+00 
 0.418552725018490E+00  0.273520778698066E+00  0.886609540051261E-01 
 0.436554229073695E+00  0.243763010068945E+00  0.932156259468231E-01 
 0.451075042373199E+00  0.215711163707437E+00  0.982414766530627E-01 
 0.463777815838804E+00  0.186842547445137E+00  0.101530964107158E+00 
 0.458254888102907E+00  0.200006143730117E+00  0.781602847997482E-01 
 0.431205942986155E+00  0.253103604742052E+00  0.668021335536404E-01 
 0.446639329268918E+00  0.224751661952057E+00  0.641756791905649E-01 
 0.328492339253984E+00  0.376951963851424E+00  0.977875332137180E+00 
 0.330217752147051E+00  0.375441388457571E+00  0.953222703926672E+00 
 0.341628467899063E+00  0.365089016434265E+00  0.975607514380345E+00 
 0.328943022376147E+00  0.376558744461001E+00  0.890588228626265E+00 
 0.331733519815644E+00  0.374102755711213E+00  0.923472328145573E+00 
 0.345183414924779E+00  0.361729747271175E+00  0.949979356891137E+00 
 0.356064119007188E+00  0.351024704480518E+00  0.974256074816305E+00 
 0.341143495806953E+00  0.365542220911089E+00  0.904103041057537E+00 
 0.349755358376002E+00  0.357311053967372E+00  0.924819251260472E+00 
 0.361294843055021E+00  0.345638592147705E+00  0.948092267048349E+00 
 0.372014250913001E+00  0.334073939596669E+00  0.973060313290657E+00 
 0.330646830206483E+00  0.375063559512791E+00  0.860351430557052E+00 
 0.343068351422492E+00  0.363736314178627E+00  0.880225185692187E+00 
 0.355030245971748E+00  0.352070340195309E+00  0.899975210261877E+00 
 0.366123593318027E+00  0.340519477292997E+00  0.921753828037162E+00 
 0.378147222995269E+00  0.327115694733478E+00  0.945237122459192E+00 
 0.389535376925113E+00  0.313468004944380E+00  0.971170844788946E+00 
 0.327745963146462E+00  0.377601090625011E+00  0.806078255774364E+00 
 0.335141786039598E+00  0.371052534353544E+00  0.829946326805789E+00 
 0.346332941085176E+00  0.360629302635396E+00  0.852885820227457E+00 
 0.358235635574613E+00  0.348808298932885E+00  0.874158156672459E+00 
 0.370295941022475E+00  0.335977552914298E+00  0.895108363534736E+00 
 0.382535492877304E+00  0.321972975091261E+00  0.917011616723236E+00 
 0.395762272575611E+00  0.305568688850458E+00  0.940446108854569E+00 
 0.408399952951245E+00  0.288460531840009E+00  0.968465959883311E+00 
 0.421734131900486E+00  0.268589504616513E+00  0.980492874270688E+00 
 0.330132994942324E+00  0.375515919303578E+00  0.784203066056443E+00 
 0.341413808937272E+00  0.365289763156516E+00  0.801707622985972E+00 
 0.351757024013111E+00  0.355340676052489E+00  0.824537141372851E+00 
 0.361978043433664E+00  0.344923029199177E+00  0.847819256725829E+00 
 0.373668448022506E+00  0.332222652678067E+00  0.868756477894498E+00 
 0.386011558585911E+00  0.317797225661389E+00  0.888764505268478E+00 
 0.398362168379128E+00  0.302171446043930E+00  0.910111688746737E+00 
 0.414231169171295E+00  0.280022389260184E+00  0.930199381039163E+00 
 0.425113106656620E+00  0.263208750896996E+00  0.956757090722067E+00 
 0.432383426126864E+00  0.251086783425163E+00  0.978677875939857E+00 
 0.397947235269153E+00  0.302717686866224E+00  0.237738744680526E-01 
 0.386578979498945E+00  0.317106752702547E+00  0.454197976091152E-01 
 0.375396531322469E+00  0.330268745525608E+00  0.662808689684152E-01 
 0.364400739017975E+00  0.342362529204283E+00  0.864574836303892E-01 
 0.353104518850720E+00  0.354001693169964E+00  0.105777559366676E+00 
 0.340635286579132E+00  0.366015848751324E+00  0.123915690195442E+00 
 0.331161643241214E+00  0.374609084307600E+00  0.144340509308861E+00 
 0.498973942663819E+00  0.320156921293917E-01  0.977617167195562E+00 
 0.499617552280870E+00  0.195525306002199E-01  0.958025278980019E+00 
 0.496383922114687E+00  0.600250103376950E-01  0.974692590753809E+00 
 0.498170142823632E+00  0.427376742357636E-01  0.952937420164741E+00 
 0.499468725835091E+00  0.230432617628491E-01  0.935190226720412E+00 
 0.492078821054825E+00  0.886478080343453E-01  0.970215660815045E+00 
 0.495206472627246E+00  0.690691643794892E-01  0.946729182761925E+00 
 0.497621385026265E+00  0.487130081655945E-01  0.926040871579912E+00 
 0.499334764496181E+00  0.257835793780439E-01  0.908572816568916E+00 
 0.481358571325262E+00  0.135255039875426E+00  0.977386806160956E+00 
 0.486486881509193E+00  0.115457845638400E+00  0.961200920056479E+00 
 0.490640236120234E+00  0.962920489961712E-01  0.939325577394828E+00 
 0.494156319401632E+00  0.762202859836675E-01  0.917477552814456E+00 
 0.497072617207895E+00  0.540260420731824E-01  0.897096192079167E+00 
 0.499164948082431E+00  0.288851970023333E-01  0.878964257332605E+00 
 0.463511957168806E+00  0.187501108160841E+00  0.978923608011470E+00 
 0.473076389603015E+00  0.161860216236652E+00  0.973207978955007E+00 
 0.479649635353207E+00  0.141195705690844E+00  0.952331388588160E+00 
 0.484457135960069E+00  0.123698356566961E+00  0.931462462832485E+00 
 0.488887211538732E+00  0.104829835418564E+00  0.909319849975248E+00 
 0.492913294497023E+00  0.838837535407866E-01  0.887302918527676E+00 
 0.496329741402714E+00  0.604713800000873E-01  0.866091954818902E+00 
 0.498884074588370E+00  0.333868255769463E-01  0.846613091172642E+00 
 0.481636878313356E+00  0.134260632534505E+00  0.755891333543729E+00 
 0.488309279697227E+00  0.107489754681901E+00  0.758547245815059E+00 
 0.494991043769560E+00  0.705965054936969E-01  0.766290473212925E+00 
 0.498200655429827E+00  0.423805017583601E-01  0.752687210711213E+00 
 0.453440063928825E+00  0.210694348344286E+00  0.965856803131736E+00 
 0.499044142715409E+00  0.309021620836171E-01  0.779843491898158E+00 
 0.464830605780590E+00  0.184207784660826E+00  0.954685070508794E+00 
 0.472557049309881E+00  0.163370239479344E+00  0.946462675279601E+00 
 0.476587913253141E+00  0.151208336215358E+00  0.925275888301373E+00 
 0.481599226173527E+00  0.134395629947777E+00  0.902499047652563E+00 
 0.486664701916513E+00  0.114706006418633E+00  0.878876797935445E+00 
 0.491207351635860E+00  0.933559730220007E-01  0.856170600871224E+00 
 0.495068585943174E+00  0.700506617543761E-01  0.832651063514481E+00 
 0.498200774166903E+00  0.423791059308481E-01  0.809174847392601E+00 
 0.328559987768564E+00  0.376893001311408E+00  0.756254911179305E+00 
 0.341011742539277E+00  0.365665135677885E+00  0.746828487296339E+00 
 0.355289865246411E+00  0.351808345059049E+00  0.741873678778792E+00 
 0.370594886654958E+00  0.335647776672509E+00  0.740441851500607E+00 
 0.386771834324335E+00  0.316871501043230E+00  0.739332403623206E+00 
 0.403130954475091E+00  0.295779366325648E+00  0.738068727148990E+00 
 0.419114130868415E+00  0.272659761069383E+00  0.736761602100317E+00 
 0.434176028093592E+00  0.247974145081442E+00  0.735374755316641E+00 
 0.448000232100284E+00  0.222026557055888E+00  0.733802734510824E+00 
 0.460833143441307E+00  0.193991788243739E+00  0.733662958508859E+00 
 0.473421640254680E+00  0.160847600350669E+00  0.738402722046777E+00 
 0.482568645111643E+00  0.130872085469412E+00  0.731100474218549E+00 
 0.489818523338389E+00  0.100388317022451E+00  0.730699658445956E+00 
 0.495292539404411E+00  0.684492542715416E-01  0.730005413980624E+00 
 0.498724147320165E+00  0.356962866384482E-01  0.726844622572608E+00 
 0.329300694943282E+00  0.376245999726072E+00  0.723500072021398E+00 
 0.414817482578024E+00  0.279153105208648E+00  0.266933809674604E-01 
 0.402732158662357E+00  0.296322136161236E+00  0.480283398129511E-01 
 0.391814114863597E+00  0.310615034075390E+00  0.690466668486835E-01 
 0.381775737025986E+00  0.322873483919422E+00  0.903516965215174E-01 
 0.370754918708411E+00  0.335470997633953E+00  0.110946842727837E+00 
 0.359129283126509E+00  0.347888140069534E+00  0.130553093689778E+00 
 0.348121210759999E+00  0.358903361114092E+00  0.149930730589340E+00 
 0.337722282333115E+00  0.368705383762851E+00  0.168592080187468E+00 
 0.343041342777622E+00  0.363761786263106E+00  0.718824907972914E+00 
 0.357967082615513E+00  0.349083897886652E+00  0.715269126411638E+00 
 0.373765827370041E+00  0.332113092621156E+00  0.712925360584344E+00 
 0.390098860437120E+00  0.312766492907504E+00  0.711157090805925E+00 
 0.406393411032376E+00  0.291280612931019E+00  0.709595445944125E+00 
 0.422184802719571E+00  0.267880556130222E+00  0.708150166353337E+00 
 0.437081608563023E+00  0.242816118608219E+00  0.706816853954167E+00 
 0.450883598208856E+00  0.216111038279480E+00  0.705816979621264E+00 
 0.463502326797553E+00  0.187524913153571E+00  0.705620318796801E+00 
 0.474543308066617E+00  0.157507614956202E+00  0.705333176744622E+00 
 0.483512625959320E+00  0.127340254978237E+00  0.702648332205294E+00 
 0.490573148750257E+00  0.966332537238523E-01  0.701185351949445E+00 
 0.495730819476563E+00  0.651993452505121E-01  0.699582574690932E+00 
 0.498913472332185E+00  0.329446069249870E-01  0.697539820631230E+00 
 0.330135920257437E+00  0.375513347506816E+00  0.694422894037051E+00 
 0.344603710915112E+00  0.362282048166251E+00  0.690475753383128E+00 
 0.360004291901981E+00  0.346982578542717E+00  0.687229212107112E+00 
 0.376126835735404E+00  0.329436797337020E+00  0.684640612059405E+00 
 0.392600228066915E+00  0.309620834121036E+00  0.682581234861523E+00 
 0.408889972702773E+00  0.287765512567308E+00  0.680835614435223E+00 
 0.424583752049555E+00  0.264061806203627E+00  0.679322775684858E+00 
 0.439343437262581E+00  0.238699275521106E+00  0.678029538300066E+00 
 0.452919907138315E+00  0.211810192667445E+00  0.677007071697565E+00 
 0.465084968495557E+00  0.183564626438448E+00  0.676166691104965E+00 
 0.475579235248843E+00  0.154351517647627E+00  0.674990782048826E+00 
 0.484252767663177E+00  0.124496012026702E+00  0.673137096086841E+00 
 0.491072966847804E+00  0.940603063534039E-01  0.671382424346164E+00 
 0.496005064100545E+00  0.630791279791874E-01  0.669478678945210E+00 
 0.498998438826530E+00  0.316315988955024E-01  0.667339310447399E+00 
 0.330765385422400E+00  0.374959010835012E+00  0.665232409663079E+00 
 0.345738955401832E+00  0.361198802209601E+00  0.661634400551134E+00 
 0.361500114401304E+00  0.345423895073639E+00  0.658511209295638E+00 
 0.377860721710036E+00  0.327446598682550E+00  0.655851760405432E+00 
 0.394445010735589E+00  0.307267202131632E+00  0.653653602024610E+00 
 0.410739562528188E+00  0.285119293935280E+00  0.651799754558385E+00 
 0.426357218344367E+00  0.261188671970385E+00  0.650219950290459E+00 
 0.440965401067820E+00  0.235689446223408E+00  0.648865977866945E+00 
 0.454303827997204E+00  0.208825362126075E+00  0.647667632725407E+00 
 0.466153783703095E+00  0.180833210277560E+00  0.646477406890445E+00 
 0.476347186378261E+00  0.151964989486113E+00  0.645054557574446E+00 
 0.484783348352366E+00  0.122413664107683E+00  0.643317046535561E+00 
 0.491406054261982E+00  0.923043326971718E-01  0.641422248939440E+00 
 0.496171304188232E+00  0.617578893757649E-01  0.639321216291806E+00 
 0.499043151319493E+00  0.309181681396133E-01  0.636989837606740E+00 
 0.331212930887933E+00  0.374563738785037E+00  0.635818679703695E+00 
 0.346544254920555E+00  0.360426246798922E+00  0.632447190611206E+00 
 0.362564611930232E+00  0.344306407398817E+00  0.629404478659488E+00 
 0.379098560991721E+00  0.326012700755671E+00  0.626717135613478E+00 
 0.395760777647269E+00  0.305570625021498E+00  0.624444208608940E+00 
 0.412057038003760E+00  0.283211930242298E+00  0.622508897628002E+00 
 0.427604656423777E+00  0.259141385742811E+00  0.620858409290207E+00 
 0.442083661972042E+00  0.233585178933488E+00  0.619409394167613E+00 
 0.455238809862481E+00  0.206779172053165E+00  0.618066936366069E+00 
 0.466882564701226E+00  0.178943205453588E+00  0.616691421448974E+00 
 0.476879256237449E+00  0.150286975385152E+00  0.615150445496183E+00 
 0.485145657265451E+00  0.120969794727747E+00  0.613372326286237E+00 
 0.491623765975881E+00  0.911376581205203E-01  0.611368077760359E+00 
 0.496274194152278E+00  0.609255629313925E-01  0.609104887874733E+00 
 0.499069522400383E+00  0.304895360911506E-01  0.606591981273559E+00 
 0.331522795791064E+00  0.374289508096175E+00  0.606283859772510E+00 
 0.347100396649506E+00  0.359890698192876E+00  0.603062579836938E+00 
 0.363302091291479E+00  0.343528150903587E+00  0.600059614882891E+00 
 0.379953885745561E+00  0.325015453027774E+00  0.597350132001055E+00 
 0.396670470985000E+00  0.304388793237429E+00  0.595016206798515E+00 
 0.412960741778147E+00  0.281892578387659E+00  0.593017705905272E+00 
 0.428454803482595E+00  0.257733353240692E+00  0.591293982549327E+00 
 0.442834751410950E+00  0.232158099024786E+00  0.589765477295939E+00 
 0.455864937703880E+00  0.205395127917479E+00  0.588317660725760E+00 
 0.467370574731758E+00  0.177664700700241E+00  0.586839261648509E+00 
 0.477237286189908E+00  0.149146145341045E+00  0.585213569564329E+00 
 0.485385910451064E+00  0.120002158045561E+00  0.583371069652456E+00 
 0.451735297790590E+00  0.214325035238646E+00  0.292986233499165E-01 
 0.460751431592109E+00  0.194185782913739E+00  0.526603047404914E-01 
 0.468166581304803E+00  0.175556407315065E+00  0.754456994338675E-01 
 0.474214232120662E+00  0.158495621561640E+00  0.990173219258670E-01 
 0.480179669721663E+00  0.139382512482717E+00  0.122194030233738E+00 
 0.485674395643118E+00  0.118829211125431E+00  0.144594086894112E+00 
 0.490397076816779E+00  0.975228539859170E-01  0.166071175950858E+00 
 0.494339996983941E+00  0.750197799378094E-01  0.186099736958559E+00 
 0.497316619342400E+00  0.517318096131037E-01  0.204585984728242E+00 
 0.499099254388202E+00  0.299989044656761E-01  0.222072843474732E+00 
 0.499800208405390E+00  0.141333533858287E-01  0.236070785252438E+00 
 0.491765457617391E+00  0.903699877966015E-01  0.581262622558961E+00 
 0.496339068191227E+00  0.603947794686266E-01  0.578856951690624E+00 
 0.499085856883743E+00  0.302209771288008E-01  0.576165564106485E+00 
 0.331735705290202E+00  0.374100817742507E+00  0.576751745676795E+00 
 0.347481235562505E+00  0.359523004732597E+00  0.573594691996624E+00 
 0.363802897209185E+00  0.342997743406867E+00  0.570584071927056E+00 
 0.380535900678080E+00  0.324333822311399E+00  0.567828095819424E+00 
 0.397285876434858E+00  0.303585132022941E+00  0.565440360350414E+00 
 0.413573562368313E+00  0.280992719674341E+00  0.563378827431492E+00 
 0.429025712390131E+00  0.256781888201136E+00  0.561598811025639E+00 
 0.443339896255051E+00  0.231191990320946E+00  0.560001746300389E+00 
 0.456283386572575E+00  0.204463862669818E+00  0.558488968009899E+00 
 0.467699446105333E+00  0.176797138304795E+00  0.556939902631461E+00 
 0.477477212449823E+00  0.148376250091269E+00  0.555257635011160E+00 
 0.485547225286991E+00  0.119347777591810E+00  0.553347934846419E+00 
 0.491859423041751E+00  0.898571531100127E-01  0.551147531382851E+00 
 0.496382366865794E+00  0.600378702546340E-01  0.548596628113086E+00 
 0.499096977639490E+00  0.300367593312920E-01  0.545697754551001E+00 
 0.331889184833024E+00  0.373964662756885E+00  0.547344217676888E+00 
 0.347745632341876E+00  0.359267275419219E+00  0.544133717446365E+00 
 0.364149699093928E+00  0.342629532658528E+00  0.541042558054266E+00 
 0.380937771670015E+00  0.323861720669614E+00  0.538219714001604E+00 
 0.397717297569946E+00  0.303019720832917E+00  0.535767299151489E+00 
 0.414001863779530E+00  0.280361296877932E+00  0.533656463252396E+00 
 0.429429718025821E+00  0.256105675993844E+00  0.531822172739792E+00 
 0.443695476053479E+00  0.230508838289721E+00  0.530181783014334E+00 
 0.456582430551460E+00  0.203795201395227E+00  0.528618462898319E+00 
 0.467933962722784E+00  0.176175499234575E+00  0.527030782416945E+00 
 0.477651041002692E+00  0.147815706300260E+00  0.525303523981602E+00 
 0.485663731394014E+00  0.118872789184251E+00  0.523345758333283E+00 
 0.491928463876158E+00  0.894784131980658E-01  0.521061132051340E+00 
 0.433591877714958E+00  0.248994143665302E+00  0.341644269650650E-01 
 0.418178365565134E+00  0.274092784606369E+00  0.553068749519921E-01 
 0.406414152364717E+00  0.291251672540552E+00  0.710347211010940E-01 
 0.399385300612918E+00  0.300817854613601E+00  0.929942103559460E-01 
 0.389134830734213E+00  0.313965099190109E+00  0.115398470687781E+00 
 0.377569347178221E+00  0.327782531675213E+00  0.136479824933567E+00 
 0.365785398619931E+00  0.340882739598910E+00  0.156097735426204E+00 
 0.354855734594497E+00  0.352246231527606E+00  0.176509226259664E+00 
 0.343302827450898E+00  0.363515018485095E+00  0.195834558177694E+00 
 0.332243809426617E+00  0.373649636822639E+00  0.214605812163753E+00 
 0.496414563712784E+00  0.597710710448316E-01  0.518367442166453E+00 
 0.499105904301678E+00  0.298880626873616E-01  0.515193812024387E+00 
 0.332003312984589E+00  0.373863344241257E+00  0.518153836873420E+00 
 0.347934883017094E+00  0.359083997387632E+00  0.514704693262147E+00 
 0.364409115812704E+00  0.342353612968526E+00  0.511476057155439E+00 
 0.381252155434800E+00  0.323491567086870E+00  0.508563759484651E+00 
 0.398059016226531E+00  0.302570685296455E+00  0.506054857487997E+00 
 0.414351104678992E+00  0.279844889271358E+00  0.503892364244884E+00 
 0.429759430677840E+00  0.255552013773047E+00  0.502022945460085E+00 
 0.443993151660220E+00  0.229934950102905E+00  0.500342661804350E+00 
 0.456833105677673E+00  0.203232658686766E+00  0.498754704301989E+00 
 0.468136207985654E+00  0.175637384325809E+00  0.497138702048806E+00 
 0.477801551491063E+00  0.147328467692882E+00  0.495393097998672E+00 
 0.485767368551631E+00  0.118448569642796E+00  0.493402534690550E+00 
 0.491989951510422E+00  0.891397083951517E-01  0.491064880576269E+00 
 0.496443491254308E+00  0.595303283313114E-01  0.488255857272284E+00 
 0.499113398521170E+00  0.297626513712662E-01  0.484842735965856E+00 
 0.332035947847371E+00  0.373834360829898E+00  0.488960470296357E+00 
 0.348091156638412E+00  0.358932509909778E+00  0.485255181394834E+00 
 0.364658972612248E+00  0.342087464975523E+00  0.481893675609012E+00 
 0.381564004861493E+00  0.323123676313046E+00  0.478903482454213E+00 
 0.398410620921606E+00  0.302107558887328E+00  0.476338844526158E+00 
 0.414712228708067E+00  0.279309447316033E+00  0.474143033622594E+00 
 0.430110222442314E+00  0.254961166750200E+00  0.472236899195828E+00 
 0.444310025687290E+00  0.229322046636951E+00  0.470536783861597E+00 
 0.457108249430143E+00  0.202613050672729E+00  0.468928625865283E+00 
 0.468359537262479E+00  0.175040977646026E+00  0.467310617816861E+00 
 0.477973272337718E+00  0.146770402093794E+00  0.465560843772154E+00 
 0.485886454570242E+00  0.117959116922604E+00  0.463572952733628E+00 
 0.492062293250950E+00  0.887395039461913E-01  0.461221567041802E+00 
 0.496477140533933E+00  0.592490415724105E-01  0.458371640685671E+00 
 0.499121863060984E+00  0.296203614855152E-01  0.454849981368113E+00 
 0.332215560580604E+00  0.373674753372656E+00  0.459358197918446E+00 
 0.348351786689875E+00  0.358679568291772E+00  0.455766909841440E+00 
 0.364987333840460E+00  0.341737100906578E+00  0.452318966911028E+00 
 0.381966149711949E+00  0.322648199242192E+00  0.449265016821165E+00 
 0.398863997255296E+00  0.301508725733646E+00  0.446673452448677E+00 
 0.415186188059355E+00  0.278604431487982E+00  0.444446748455349E+00 
 0.430567038388680E+00  0.254188956198338E+00  0.442518836955786E+00 
 0.444730254163309E+00  0.228506019684030E+00  0.440797457051794E+00 
 0.457473006019769E+00  0.201788128400153E+00  0.439192913349455E+00 
 0.468663126801896E+00  0.174226500786391E+00  0.437583622656956E+00 
 0.478207936547746E+00  0.146004004817495E+00  0.435860797996587E+00 
 0.486053168850244E+00  0.117270273516508E+00  0.433904013625521E+00 
 0.492164299358162E+00  0.881720048387824E-01  0.431598775580032E+00 
 0.496525697843967E+00  0.588407289261558E-01  0.428798281896191E+00 
 0.499134151613822E+00  0.294125601189313E-01  0.425352686472785E+00 
 0.332420162434751E+00  0.373492751746073E+00  0.430680117808381E+00 
 0.348651365050963E+00  0.358388372646352E+00  0.426427367723172E+00 
 0.365434226885500E+00  0.341259176903123E+00  0.422763607825632E+00 
 0.382547056738742E+00  0.321959235588181E+00  0.419696583712019E+00 
 0.399529150390339E+00  0.300626775235298E+00  0.417108620888777E+00 
 0.415869784318520E+00  0.277583001084123E+00  0.414864835617396E+00 
 0.431225489413298E+00  0.253070301063286E+00  0.412904045464249E+00 
 0.445330674669461E+00  0.227333653906417E+00  0.411178658216332E+00 
 0.458001099356617E+00  0.200586622156439E+00  0.409589966027132E+00 
 0.469103192348087E+00  0.173038131430138E+00  0.408020351220275E+00 
 0.478553445749783E+00  0.144867524176435E+00  0.406340329336984E+00 
 0.486299548150408E+00  0.116244352416403E+00  0.404453237342696E+00 
 0.492318041558409E+00  0.873094837694800E-01  0.402246680296449E+00 
 0.496600532528352E+00  0.582057651144380E-01  0.399578263249704E+00 
 0.499154212757635E+00  0.290701201632542E-01  0.396335626576559E+00 
 0.332428322191097E+00  0.373485489149461E+00  0.401751706608615E+00 
 0.349019114893090E+00  0.358030246542445E+00  0.396775267386730E+00 
 0.366127184466097E+00  0.340515616080862E+00  0.393173428052994E+00 
 0.383456794936337E+00  0.320875188223009E+00  0.390268830555965E+00 
 0.400530057709212E+00  0.299291952567147E+00  0.387733138295286E+00 
 0.416871281612404E+00  0.276076682403334E+00  0.385441772519935E+00 
 0.432170982742449E+00  0.251452265202416E+00  0.383437340806107E+00 
 0.446195205916855E+00  0.225632085964775E+00  0.381718539583866E+00 
 0.458761258531744E+00  0.198841916281175E+00  0.380192651601679E+00 
 0.469742668258798E+00  0.171294558048715E+00  0.378685037357227E+00 
 0.479055484747600E+00  0.143198612190350E+00  0.377064830979988E+00 
 0.471847777491634E+00  0.165407602232198E+00  0.496329838323342E-01 
 0.477535033724520E+00  0.148190052182058E+00  0.730811451632580E-01 
 0.482700024041250E+00  0.130386681799086E+00  0.960832278530685E-01 
 0.487427627653166E+00  0.111419512655580E+00  0.118408117590236E+00 
 0.491504220986719E+00  0.917801762486791E-01  0.139868188108101E+00 
 0.494774826848822E+00  0.720962600744215E-01  0.160174672422199E+00 
 0.497519836498270E+00  0.497394440131252E-01  0.178081374953885E+00 
 0.499319413558108E+00  0.260791726093336E-01  0.196090376649822E+00 
 0.486660613078690E+00  0.114723352800875E+00  0.375265784500882E+00 
 0.492545043169145E+00  0.860196515309483E-01  0.373221471274153E+00 
 0.496714023850963E+00  0.572291753372732E-01  0.370722663714204E+00 
 0.499185810247249E+00  0.285223920419965E-01  0.367662507974850E+00 
 0.332880624728281E+00  0.373082416739934E+00  0.369958603555742E+00 
 0.349893368743096E+00  0.357175909755414E+00  0.366430053909117E+00 
 0.367348769988858E+00  0.339197407401166E+00  0.363689176003522E+00 
 0.384884543141826E+00  0.319161226420924E+00  0.361183694503489E+00 
 0.401994586496405E+00  0.297321967616899E+00  0.358644569071858E+00 
 0.418272848207145E+00  0.273948579942812E+00  0.356205681557212E+00 
 0.433483520283657E+00  0.249182739455382E+00  0.354123287192125E+00 
 0.447398413079782E+00  0.223236780064784E+00  0.352474158341018E+00 
 0.459827384023578E+00  0.196363888997017E+00  0.351091751500629E+00 
 0.470638399291291E+00  0.168817940730632E+00  0.349681355489561E+00 
 0.479759468979723E+00  0.140822057662476E+00  0.348085216042421E+00 
 0.487167366056237E+00  0.112552021082825E+00  0.346378282595293E+00 
 0.492866983152826E+00  0.841554330856428E-01  0.344608274419409E+00 
 0.496877450954868E+00  0.557924612523324E-01  0.342287603189086E+00 
 0.499231454985759E+00  0.277119893331802E-01  0.339208632730401E+00 
 0.333778040613407E+00  0.372279759863835E+00  0.338203975912036E+00 
 0.351470850427854E+00  0.355623735568256E+00  0.336381537593357E+00 
 0.369339564582304E+00  0.337028613079296E+00  0.334928223990923E+00 
 0.386991428083009E+00  0.316603276341659E+00  0.332781639664672E+00 
 0.403969149176371E+00  0.294633546144561E+00  0.329877998787736E+00 
 0.420102146273052E+00  0.271134997181801E+00  0.327072601960674E+00 
 0.435222916479265E+00  0.246132104714690E+00  0.324936386631557E+00 
 0.449023831773322E+00  0.219949081606639E+00  0.323515657275378E+00 
 0.461267868872008E+00  0.192955832112626E+00  0.322466203117478E+00 
 0.471839252901318E+00  0.165431917783497E+00  0.321144114187225E+00 
 0.480693988269214E+00  0.137598290839081E+00  0.319412795999934E+00 
 0.487849641587609E+00  0.109556958714825E+00  0.317741646201692E+00 
 0.493306828664041E+00  0.815375544974635E-01  0.316637000247567E+00 
 0.465445883517505E+00  0.182647555462997E+00  0.256995825529039E-01 
 0.497101907069405E+00  0.537558739856401E-01  0.314452821520266E+00 
 0.499289447777181E+00  0.266467134625957E-01  0.310910012850769E+00 
 0.335153180359167E+00  0.371042242467264E+00  0.307744537625070E+00 
 0.354229551070828E+00  0.352875934498457E+00  0.307316287092371E+00 
 0.372474372462118E+00  0.333560851808109E+00  0.307847823852704E+00 
 0.389789001464109E+00  0.313152573576544E+00  0.305324111580358E+00 
 0.406265675579985E+00  0.291458746387097E+00  0.301055113385594E+00 
 0.422319503917759E+00  0.267668146425117E+00  0.297830577883945E+00 
 0.437481224096440E+00  0.242095391453618E+00  0.295826095687814E+00 
 0.451185288159386E+00  0.215480476490406E+00  0.294996873518173E+00 
 0.463151460337202E+00  0.188389821347962E+00  0.294675854712242E+00 
 0.473349799255191E+00  0.161058894647487E+00  0.293248309881410E+00 
 0.481842820830705E+00  0.133519646546526E+00  0.290852510672723E+00 
 0.488753999337585E+00  0.105449173214000E+00  0.288996232762236E+00 
 0.493917858910022E+00  0.777505540156442E-01  0.290068489823565E+00 
 0.497388182965643E+00  0.510391560092420E-01  0.287512877873397E+00 
 0.499337492956764E+00  0.257306845547093E-01  0.282435538452731E+00 
 0.336754127621165E+00  0.369589850415441E+00  0.241538324354975E+00 
 0.351919553537918E+00  0.355179712029942E+00  0.254829128057066E+00 
 0.372706098344308E+00  0.333301911571120E+00  0.251481216220507E+00 
 0.393958012406416E+00  0.307891351714832E+00  0.251467197747211E+00 
 0.337774426888749E+00  0.368657614243863E+00  0.274364314989785E+00 
 0.360248007994161E+00  0.346729538309384E+00  0.280296068930293E+00 
 0.377190872003355E+00  0.328217985609181E+00  0.284267385467567E+00 
 0.392078150001243E+00  0.310281685395066E+00  0.277580781791968E+00 
 0.408458339450687E+00  0.288377850975396E+00  0.271127165039585E+00 
 0.425001212347299E+00  0.263389387605738E+00  0.268474667735728E+00 
 0.440473367130384E+00  0.236607719334814E+00  0.266707260966728E+00 
 0.454103020120751E+00  0.209261671400218E+00  0.267240244098455E+00 
 0.465534626540626E+00  0.182421247369050E+00  0.268558591315094E+00 
 0.475012847566065E+00  0.156085856653246E+00  0.265973872842494E+00 
 0.483017844034327E+00  0.129204343365194E+00  0.261630493091700E+00 
 0.490112749315560E+00  0.989418665598328E-01  0.258359700333540E+00 
 0.494936197200090E+00  0.709800021211143E-01  0.267642245653258E+00 
 0.497516953025840E+00  0.497682775659757E-01  0.260150195936036E+00 
 0.499305051061805E+00  0.263527225190984E-01  0.252453620157114E+00 
 0.499511348993404E+00  0.221000503797998E-01  0.213951522276475E-01 
 0.499253025004219E+00  0.273206336701151E-01  0.445974829999062E-01 
 0.497865772949586E+00  0.461483707763419E-01  0.225642051787194E-01 
 0.499528550363086E+00  0.217077721600941E-01  0.881699933557545E-01 
 0.476094027380374E+00  0.152756266950773E+00  0.243622385355508E-01 
 0.480827317905115E+00  0.137131653370670E+00  0.480321643188809E-01 
 0.485305486109633E+00  0.120326992615509E+00  0.710456266269139E-01 
 0.489389193901070E+00  0.102460806618244E+00  0.934226310232397E-01 
 0.492930483906349E+00  0.837826833889512E-01  0.115083425170756E+00 
 0.495734509523767E+00  0.651712825347934E-01  0.135738033218004E+00 
 0.497556413005373E+00  0.493722176656673E-01  0.154544112504219E+00 
 0.499401652315083E+00  0.244538272048473E-01  0.164609263530054E+00 
 0.498663650753152E+00  0.365316769056402E-01  0.670247356815671E-01 
 0.496965071881576E+00  0.550065207929016E-01  0.451884790866752E-01 
 0.494822777461280E+00  0.717664190656382E-01  0.227839572840168E-01 
 0.499259087011113E+00  0.272096313247712E-01  0.111286267627855E+00 
 0.497776885220158E+00  0.470974791312406E-01  0.897308097310707E-01 
 0.495779605589642E+00  0.648273297412404E-01  0.680036082508096E-01 
 0.493200233433075E+00  0.821798621412832E-01  0.458901645549434E-01 
 0.490259392819826E+00  0.982126659445496E-01  0.232917185766034E-01 
 0.498678201638499E+00  0.363325090049118E-01  0.135254192780187E+00 
 0.496875413404543E+00  0.558106043155243E-01  0.112883787921937E+00 
 0.494398472338309E+00  0.746334412280878E-01  0.912977056115358E-01 
 0.491359002138237E+00  0.925544759464197E-01  0.693438196412265E-01 
 0.487871639034022E+00  0.109458959552233E+00  0.468683586924584E-01 
 0.484189710817374E+00  0.124741027487301E+00  0.237960164058580E-01 
 0.316200000792742E+00  0.342578458513990E+00  0.206634311292308E-01 
 0.316200000792742E+00  0.342578458513990E+00  0.510001452935606E-01 
 0.316200000792742E+00  0.342578458513990E+00  0.823897086343631E-01 
 0.316200000792742E+00  0.342578458513990E+00  0.114157650283183E+00 
 0.316200000792742E+00  0.342578458513990E+00  0.146685085868655E+00 
 0.316200000792742E+00  0.342578458513990E+00  0.178427657798449E+00 
 0.316200000792742E+00  0.342578458513990E+00  0.206994578799700E+00 
 0.316200000792742E+00  0.342578458513990E+00  0.237399461548973E+00 
 0.316200000792742E+00  0.342578458513990E+00  0.266891925436633E+00 
 0.316200000792742E+00  0.342578458513990E+00  0.291872663461822E+00 
 0.316200000792742E+00  0.342578458513990E+00  0.316818755713656E+00 
 0.316200000792742E+00  0.342578458513990E+00  0.358720823418898E+00 
 0.316200000792742E+00  0.342578458513990E+00  0.399647591146731E+00 
 0.316200000792742E+00  0.342578458513990E+00  0.427334419994646E+00 
 0.316200000792742E+00  0.342578458513990E+00  0.452327445662020E+00 
 0.316200000792742E+00  0.342578458513990E+00  0.482002126152792E+00 
 0.316200000792742E+00  0.342578458513990E+00  0.511342931122106E+00 
 0.316200000792742E+00  0.342578458513990E+00  0.540869027690741E+00 
 0.316200000792742E+00  0.342578458513990E+00  0.570691609048958E+00 
 0.316200000792742E+00  0.342578458513990E+00  0.600708147974986E+00 
 0.316200000792742E+00  0.342578458513990E+00  0.630804410701174E+00 
 0.316200000792742E+00  0.342578458513990E+00  0.660909921871467E+00 
 0.316200000792742E+00  0.342578458513990E+00  0.691002833614044E+00 
 0.316200000792742E+00  0.342578458513990E+00  0.721166750005794E+00 
 0.316200000792742E+00  0.342578458513990E+00  0.751814781392722E+00 
 0.316200000792742E+00  0.342578458513990E+00  0.784072483639836E+00 
 0.316200000792742E+00  0.342578458513990E+00  0.810842442049920E+00 
 0.316200000792742E+00  0.342578458513990E+00  0.841108495648219E+00 
 0.316200000792742E+00  0.342578458513990E+00  0.879741920613744E+00 
 0.316200000792742E+00  0.342578458513990E+00  0.912212173928924E+00 
 0.316200000792742E+00  0.342578458513990E+00  0.940818941861052E+00 
 0.316200000792742E+00  0.342578458513990E+00  0.962843024931133E+00 
 0.316200000792742E+00  0.342578458513990E+00  0.982652887614059E+00 
 0.316200000792742E+00  0.357613019201072E+00  0.898774666291261E+00 
 0.316200000792742E+00  0.372369775710209E+00  0.886071521831075E+00 
 0.316200000792742E+00  0.365179641691779E+00  0.835047312859347E+00 
 0.316200000792742E+00  0.357550841700007E+00  0.712914708345124E+00 
 0.316200000792742E+00  0.372368397590539E+00  0.705489574882736E+00 
 0.316200000792742E+00  0.357609158090967E+00  0.653093546302928E+00 
 0.316200000792742E+00  0.372415914169797E+00  0.646001207552827E+00 
 0.316200000792742E+00  0.357613245304490E+00  0.593141804408761E+00 
 0.316200000792742E+00  0.372425163070560E+00  0.586291442018239E+00 
 0.316200000792742E+00  0.357694595474716E+00  0.505168365318781E+00 
 0.316200000792742E+00  0.372694265413101E+00  0.499937599929789E+00 
 0.316200000792742E+00  0.365178508554392E+00  0.453477889059546E+00 
 0.316200000792742E+00  0.364077904298797E+00  0.366810506376307E+00 
 0.316200000792742E+00  0.357758367536555E+00  0.196841107441515E+00 
 0.316200000792742E+00  0.372461260635739E+00  0.185648001512743E+00 
 0.316200000792742E+00  0.357669720351408E+00  0.133522775661707E+00 
 0.316200000792742E+00  0.372393928361335E+00  0.120351381745070E+00 
 0.316200000792742E+00  0.357545906102824E+00  0.695938506094385E-01 
 0.316200000792742E+00  0.372114663781147E+00  0.571791426998361E-01 
 0.316200000792742E+00  0.369134630969980E+00  0.979500594293911E+00 
 0.316200000792742E+00  0.356915572475075E+00  0.963828673965651E+00 
 0.316200000792742E+00  0.372054024017934E+00  0.953715033095262E+00 
 0.316200000792742E+00  0.357759009113552E+00  0.930547549021974E+00 
 0.316200000792742E+00  0.372404296721945E+00  0.917314403760865E+00 
 0.316200000792742E+00  0.357808556210283E+00  0.866371483811325E+00 
 0.316200000792742E+00  0.371562086170417E+00  0.287652764735769E-01 
 0.316200000792742E+00  0.357346766642991E+00  0.392636311913640E-01 
 0.316200000792742E+00  0.373757702760943E+00  0.858823128886859E+00 
 0.316200000792742E+00  0.357003407595580E+00  0.807756461658830E+00 
 0.316200000792742E+00  0.372073832423929E+00  0.800299011834225E+00 
 0.316200000792742E+00  0.357655138104717E+00  0.774500166340338E+00 
 0.316200000792742E+00  0.372319330444343E+00  0.763592400956242E+00 
 0.316200000792742E+00  0.357523113829778E+00  0.742887951191710E+00 
 0.316200000792742E+00  0.372244510940588E+00  0.734483117908130E+00 
 0.316200000792742E+00  0.357596543609814E+00  0.683056951746264E+00 
 0.316200000792742E+00  0.372405995946161E+00  0.675857605480947E+00 
 0.316200000792742E+00  0.357612508154405E+00  0.623094590223655E+00 
 0.316200000792742E+00  0.372420634615318E+00  0.616106666415469E+00 
 0.316200000792742E+00  0.357613365967898E+00  0.563350218664939E+00 
 0.316200000792742E+00  0.372433296859921E+00  0.556707332139307E+00 
 0.316200000792742E+00  0.357616876225033E+00  0.533905748869401E+00 
 0.316200000792742E+00  0.372462591162620E+00  0.527653936472298E+00 
 0.316200000792742E+00  0.358723797996633E+00  0.477786477336846E+00 
 0.316200000792742E+00  0.374535248213425E+00  0.476581228187837E+00 
 0.316200000792742E+00  0.356589895546819E+00  0.426639601354059E+00 
 0.316200000792742E+00  0.371807220961182E+00  0.425116183627538E+00 
 0.316200000792742E+00  0.358510672260575E+00  0.395199488281673E+00 
 0.316200000792742E+00  0.374158572953402E+00  0.392912865411070E+00 
 0.316200000792742E+00  0.357487482924749E+00  0.331815193721947E+00 
 0.316200000792742E+00  0.372820243634970E+00  0.345089636180278E+00 
 0.316200000792742E+00  0.356186861131390E+00  0.295579433332514E+00 
 0.316200000792742E+00  0.371932112887833E+00  0.304655950193284E+00 
 0.316200000792742E+00  0.372478511562953E+00  0.871977291108327E-01 
 0.316200000792742E+00  0.357720810911092E+00  0.100995711967298E+00 
 0.316200000792742E+00  0.358220609473874E+00  0.261123960817655E+00 
 0.316200000792742E+00  0.372859490745046E+00  0.251505395705436E+00 
 0.316200000792742E+00  0.357805293434129E+00  0.228077220832432E+00 
 0.316200000792742E+00  0.372453229799250E+00  0.217595898213912E+00 
 0.316200000792742E+00  0.357690245781513E+00  0.165777405633536E+00 
 0.316200000792742E+00  0.372416360004691E+00  0.153220958199955E+00 
 0.466200000792760E+00  0.138777878078145E-16  0.194529483329888E-01 
 0.466200000792760E+00  0.138777878078145E-16  0.477163512299550E-01 
 0.466200000792760E+00  0.138777878078145E-16  0.785583626449364E-01 
 0.466200000792760E+00  0.138777878078145E-16  0.110063668592559E+00 
 0.466200000792760E+00  0.138777878078145E-16  0.137801116109813E+00 
 0.466200000792760E+00  0.138777878078145E-16  0.168935449725529E+00 
 0.466200000792760E+00  0.138777878078145E-16  0.197374535637864E+00 
 0.466200000792760E+00  0.138777878078145E-16  0.229768087228252E+00 
 0.466200000792760E+00  0.138777878078145E-16  0.258468759324635E+00 
 0.466200000792760E+00  0.138777878078145E-16  0.290820791449578E+00 
 0.466200000792760E+00  0.138777878078145E-16  0.320258671083473E+00 
 0.466200000792760E+00  0.138777878078145E-16  0.348769630697776E+00 
 0.466200000792760E+00  0.138777878078145E-16  0.376206007861179E+00 
 0.466200000792760E+00  0.138777878078145E-16  0.402452301108553E+00 
 0.466200000792760E+00  0.138777878078145E-16  0.429204096725758E+00 
 0.466200000792760E+00  0.138777878078145E-16  0.460203273008252E+00 
 0.466200000792760E+00  0.138777878078145E-16  0.490607918537992E+00 
 0.466200000792760E+00  0.138777878078145E-16  0.525172711236427E+00 
 0.466200000792760E+00  0.138777878078145E-16  0.556327410044232E+00 
 0.466200000792760E+00  0.138777878078145E-16  0.585844381569949E+00 
 0.466200000792760E+00  0.138777878078145E-16  0.618346554884253E+00 
 0.466200000792760E+00  0.138777878078145E-16  0.646795906999611E+00 
 0.466200000792760E+00  0.138777878078145E-16  0.678493914459530E+00 
 0.466200000792760E+00  0.138777878078145E-16  0.707269569008641E+00 
 0.466200000792760E+00  0.138777878078145E-16  0.741137634700681E+00 
 0.466200000792760E+00  0.138777878078145E-16  0.772577997199735E+00 
 0.466200000792760E+00  0.138777878078145E-16  0.806917829826993E+00 
 0.466200000792760E+00  0.138777878078145E-16  0.838512423437174E+00 
 0.466200000792760E+00  0.138777878078145E-16  0.865286836986586E+00 
 0.466200000792760E+00  0.138777878078145E-16  0.896551023584204E+00 
 0.466200000792760E+00  0.138777878078145E-16  0.928974720232487E+00 
 0.466200000792760E+00  0.138777878078145E-16  0.956268629258643E+00 
 0.466200000792760E+00  0.138777878078145E-16  0.982184761370408E+00 
 0.435031285600407E+00  0.167601376151888E+00  0.929345706393292E+00 
 0.408659150354278E+00  0.224366083824787E+00  0.899522467635800E+00 
 0.411090112207565E+00  0.219880331963374E+00  0.929927609587481E+00 
 0.429953455342555E+00  0.180228929359712E+00  0.108128095883117E+00 
 0.423723490926800E+00  0.194424391412078E+00  0.818421033824039E-01 
 0.436341449615984E+00  0.164160226870489E+00  0.799444348380360E-01 
 0.462597189884797E+00  0.578470452991615E-01  0.827381632694417E+00 
 0.375279489449111E+00  0.276600335390178E+00  0.880591879036135E+00 
 0.445852216002853E+00  0.136228639516421E+00  0.155589189073534E+00 
 0.458721433090382E+00  0.831690300692651E-01  0.819598744256211E+00 
 0.458017745387403E+00  0.869608282469529E-01  0.848793940582051E+00 
 0.452638570455091E+00  0.111627797951604E+00  0.825404264324363E+00 
 0.454849887550737E+00  0.102244904685936E+00  0.876106992196091E+00 
 0.447970973020737E+00  0.129090851999683E+00  0.859440925964445E+00 
 0.442883980810486E+00  0.145589217597342E+00  0.827685838928645E+00 
 0.449286956982723E+00  0.124433399954978E+00  0.894492924144450E+00 
 0.444154507208718E+00  0.141665854973348E+00  0.917557086819217E+00 
 0.437333454776584E+00  0.161498885668993E+00  0.892282953284136E+00 
 0.435284362604039E+00  0.166942997491794E+00  0.857309531938347E+00 
 0.431439413085806E+00  0.176642219119113E+00  0.828000181948475E+00 
 0.434572400772696E+00  0.168787645358909E+00  0.961686382193501E+00 
 0.424496285129735E+00  0.192731275744767E+00  0.849159961256931E+00 
 0.464682315064186E+00  0.375870563589983E-01  0.203445507154070E-01 
 0.465574964536674E+00  0.241328227900855E-01  0.387781290398737E-01 
 0.421180912193848E+00  0.199872659317651E+00  0.876874891926015E+00 
 0.423391125203478E+00  0.195147113322447E+00  0.911636612962260E+00 
 0.423552244626127E+00  0.194797168386301E+00  0.944613822778524E+00 
 0.420407786216842E+00  0.201493756795107E+00  0.829178991148158E+00 
 0.398838656061570E+00  0.241392143969414E+00  0.918223440754824E+00 
 0.411967098026856E+00  0.218232790575757E+00  0.847444501681546E+00 
 0.402703541172550E+00  0.234887842738272E+00  0.870958680455827E+00 
 0.390267630045851E+00  0.255016896847136E+00  0.895009218488709E+00 
 0.394092859832874E+00  0.249064767817319E+00  0.839740617095291E+00 
 0.387130962511277E+00  0.259753842328153E+00  0.866722539561153E+00 
 0.370011717200783E+00  0.283608479903673E+00  0.851749764836310E+00 
 0.427696629636022E+00  0.185520979237222E+00  0.784646591814564E+00 
 0.416604618912922E+00  0.209243953890120E+00  0.788375478280166E+00 
 0.402976504803234E+00  0.234419234099337E+00  0.788047935465606E+00 
 0.393717249935302E+00  0.249658101896437E+00  0.736489386127057E+00 
 0.392088321087152E+00  0.252208622386719E+00  0.680156235640677E+00 
 0.392673911512950E+00  0.251295921089596E+00  0.618254453920914E+00 
 0.389202926013615E+00  0.256638896353589E+00  0.524062172336054E+00 
 0.438685004804617E+00  0.157790707263521E+00  0.474361952914151E+00 
 0.426165717382586E+00  0.189011169159224E+00  0.474846621702042E+00 
 0.413995212017285E+00  0.214360456161847E+00  0.476638870337756E+00 
 0.426674722293841E+00  0.187859314633649E+00  0.365352633260793E+00 
 0.415018966644938E+00  0.212371603714148E+00  0.368009541326362E+00 
 0.400173943716268E+00  0.239172020750169E+00  0.369063537436503E+00 
 0.387844992851368E+00  0.258686494157057E+00  0.288792698915336E+00 
 0.460949541740237E+00  0.697707725958507E-01  0.227122048028719E-01 
 0.463282341433307E+00  0.520760295647160E-01  0.436783244836274E-01 
 0.465205838379878E+00  0.304297334266731E-01  0.618571445323768E-01 
 0.385662428121529E+00  0.261929250513480E+00  0.231818769281126E+00 
 0.353065871757746E+00  0.304445283982339E+00  0.163147280010952E+00 
 0.369051022386412E+00  0.284857479478227E+00  0.176300227352140E+00 
 0.370197231091674E+00  0.283366283864546E+00  0.145255386152212E+00 
 0.399017995116242E+00  0.241095583353500E+00  0.181714094219128E+00 
 0.388822327323279E+00  0.257215159961571E+00  0.158451274899809E+00 
 0.385854845983668E+00  0.261645711927535E+00  0.124317796391180E+00 
 0.411906233036579E+00  0.218347649231145E+00  0.184250633842781E+00 
 0.408683895937057E+00  0.224321006463639E+00  0.158285533879017E+00 
 0.403560306548088E+00  0.233412766827275E+00  0.130372361327741E+00 
 0.398892844387250E+00  0.241302588953784E+00  0.101254438364446E+00 
 0.424818353040981E+00  0.192020331368059E+00  0.167995045324877E+00 
 0.420538088627949E+00  0.201221660743328E+00  0.135129305197258E+00 
 0.414970807820080E+00  0.212465689927343E+00  0.106339522847433E+00 
 0.409680656378283E+00  0.222495394398650E+00  0.791578863958567E-01 
 0.464027376128549E+00  0.449559222172494E-01  0.150109583748825E+00 
 0.460940885548661E+00  0.698279368789591E-01  0.135530595467454E+00 
 0.451549760542711E+00  0.115953673908901E+00  0.129010710174932E+00 
 0.451911409354368E+00  0.114536102755860E+00  0.979413810530627E-01 
 0.437643799391267E+00  0.160655985240281E+00  0.167162371443005E+00 
 0.436816080268401E+00  0.162893071547255E+00  0.136834772340230E+00 
 0.442945801067240E+00  0.145401024948417E+00  0.105468309548774E+00 
 0.447037743780982E+00  0.132286417951197E+00  0.763062922998506E-01 
 0.418049779240244E+00  0.206341519855638E+00  0.590700741087037E-01 
 0.429578689483560E+00  0.181120375112070E+00  0.546969399258896E-01 
 0.441273376140334E+00  0.150400293380234E+00  0.521651465910741E-01 
 0.465712916132947E+00  0.213054097845783E-01  0.150877120297139E+00 
 0.465728870514811E+00  0.209537564207724E-01  0.213826416402248E+00 
 0.465765764006588E+00  0.201170032187255E-01  0.275871679899564E+00 
 0.465736727301268E+00  0.207783921862752E-01  0.370328542353255E+00 
 0.465681484818375E+00  0.219817068603976E-01  0.394194704729431E+00 
 0.465732049165236E+00  0.208829863643291E-01  0.441955564274568E+00 
 0.465682252713850E+00  0.219654329913315E-01  0.418832971246236E+00 
 0.465651515786004E+00  0.226076665168924E-01  0.509984909314949E+00 
 0.454685720747271E+00  0.102972501609352E+00  0.243070363484943E-01 
 0.458455714066274E+00  0.846215042358569E-01  0.474243395986804E-01 
 0.461643830288617E+00  0.650185719284079E-01  0.691898816625022E-01 
 0.464233478750243E+00  0.427752024728806E-01  0.862752608661837E-01 
 0.465547879093931E+00  0.246498075101077E-01  0.102912039761870E+00 
 0.465834682192233E+00  0.184523604453352E-01  0.604279367591104E+00 
 0.465943892910102E+00  0.154508704907997E-01  0.663422865169076E+00 
 0.465807069152745E+00  0.191367464965358E-01  0.724745817176558E+00 
 0.465874617091927E+00  0.174149903414824E-01  0.789814604772856E+00 
 0.465603446724954E+00  0.235769195821967E-01  0.933295680958692E+00 
 0.461884052875849E+00  0.632895128606246E-01  0.979413103466584E+00 
 0.464937608664631E+00  0.342849936321891E-01  0.967178974509505E+00 
 0.464715221153006E+00  0.371780038175609E-01  0.910777271891155E+00 
 0.463188551719120E+00  0.529037455715238E-01  0.933669450292226E+00 
 0.460648447683212E+00  0.717317808659663E-01  0.954944659818707E+00 
 0.457406568622447E+00  0.901203180209353E-01  0.976565374626050E+00 
 0.465602455236968E+00  0.235964916131587E-01  0.862641069827541E+00 
 0.464208573495805E+00  0.430446399931321E-01  0.884415298061005E+00 
 0.461714049477475E+00  0.645180382084501E-01  0.906282988306312E+00 
 0.458636357475560E+00  0.836369077662890E-01  0.928597074885192E+00 
 0.454675981878618E+00  0.103015495154215E+00  0.950991022886207E+00 
 0.450676933454831E+00  0.119301057794559E+00  0.975102781714341E+00 
 0.465319838522096E+00  0.286336972274508E-01  0.833335034938086E+00 
 0.463228052409191E+00  0.525567521859931E-01  0.855967663462925E+00 
 0.460301699621834E+00  0.739241913341435E-01  0.878720047600025E+00 
 0.456615850753255E+00  0.940446999040158E-01  0.901699929756803E+00 
 0.451996368756279E+00  0.114200365018198E+00  0.923692205586006E+00 
 0.445458266989201E+00  0.137511356295132E+00  0.947825058811662E+00 
 0.442818300549390E+00  0.145788865959299E+00  0.976584725623356E+00 
 0.333804054129112E+00  0.325449372692768E+00  0.977520530513871E+00 
 0.351478413626545E+00  0.306276615976003E+00  0.971962893149383E+00 
 0.334589944401120E+00  0.324641355721668E+00  0.953099853204672E+00 
 0.381345539744158E+00  0.268175353185901E+00  0.977889338685267E+00 
 0.367598540668344E+00  0.286729408393433E+00  0.962897456217454E+00 
 0.352241389147676E+00  0.305398828600339E+00  0.943483285668134E+00 
 0.335287998647423E+00  0.323920358579316E+00  0.925989522678381E+00 
 0.396041192273323E+00  0.245954903919141E+00  0.972418620992684E+00 
 0.383075844262734E+00  0.265697832662481E+00  0.952247994938800E+00 
 0.369162546916853E+00  0.284712933835129E+00  0.933903121516856E+00 
 0.354054710559330E+00  0.303294745536241E+00  0.914383821856076E+00 
 0.445853452795700E+00  0.136224591646669E+00  0.255469988539493E-01 
 0.451069490016892E+00  0.117808131786615E+00  0.499392963421272E-01 
 0.455590069191703E+00  0.988945377311299E-01  0.736604776490031E-01 
 0.459432815092291E+00  0.791449881895818E-01  0.100622812452186E+00 
 0.463535136550631E+00  0.497756760088628E-01  0.111098207793848E+00 
 0.465283383093195E+00  0.292200985024754E-01  0.128028788199848E+00 
 0.336948324199058E+00  0.322192904264809E+00  0.895176291206312E+00 
 0.464872762943882E+00  0.351533072706754E-01  0.806180952455533E+00 
 0.461870531614257E+00  0.633881121782181E-01  0.797666576115730E+00 
 0.456528124861840E+00  0.944696350648571E-01  0.796638023216955E+00 
 0.448713313835949E+00  0.126486373675235E+00  0.797617784542272E+00 
 0.437245565405335E+00  0.161736688084424E+00  0.796727615218277E+00 
 0.424331822676304E+00  0.193093099315736E+00  0.807308696187643E+00 
 0.409635210862628E+00  0.222579052834453E+00  0.815562620937929E+00 
 0.394304084146020E+00  0.248730235325175E+00  0.810224025755415E+00 
 0.377397757937881E+00  0.273703074594725E+00  0.817593446466445E+00 
 0.355061458607729E+00  0.302115543046854E+00  0.824759612107342E+00 
 0.339254862206231E+00  0.319763317484319E+00  0.802292473449584E+00 
 0.423620916156960E+00  0.194647784815263E+00  0.975117326564661E+00 
 0.410738842059451E+00  0.220535811973504E+00  0.961121635112040E+00 
 0.397806210091592E+00  0.243089818692009E+00  0.943683436983541E+00 
 0.385152226404952E+00  0.262678897581163E+00  0.924696387247818E+00 
 0.372044579867690E+00  0.280936418661267E+00  0.905826710830477E+00 
 0.357843769244874E+00  0.298814788040628E+00  0.883673829711131E+00 
 0.341116450831077E+00  0.317776663258262E+00  0.858114383019135E+00 
 0.334018004479483E+00  0.325229785571203E+00  0.827820424931747E+00 
 0.386256913483136E+00  0.261051790887609E+00  0.787530102908883E+00 
 0.364156506328907E+00  0.291088439546246E+00  0.789796727489063E+00 
 0.345308077020299E+00  0.313216814177797E+00  0.776241396068164E+00 
 0.444930192714563E+00  0.139210503734924E+00  0.731270306232266E+00 
 0.432941991190980E+00  0.172926785093399E+00  0.729849310258626E+00 
 0.422276037427470E+00  0.197548447105273E+00  0.743598483422651E+00 
 0.408920296905758E+00  0.223889775375425E+00  0.739630705491582E+00 
 0.464587884695699E+00  0.387367801078284E-01  0.743066766354514E+00 
 0.461492831590096E+00  0.660818214799696E-01  0.733790887328093E+00 
 0.455165569511574E+00  0.100830278539525E+00  0.741927356987309E+00 
 0.464922378189745E+00  0.344909118107526E-01  0.772887788040283E+00 
 0.460564610410284E+00  0.722681145234831E-01  0.766103869405296E+00 
 0.453891535330348E+00  0.106418583408224E+00  0.773119347146495E+00 
 0.446080281259356E+00  0.135479974205502E+00  0.765932704398807E+00 
 0.434093533318232E+00  0.170015425977887E+00  0.760311090015603E+00 
 0.422624030307871E+00  0.196802870267391E+00  0.767491542438236E+00 
 0.411764047203971E+00  0.218615667712443E+00  0.764589473982020E+00 
 0.397538482321408E+00  0.243527402591045E+00  0.762618248183115E+00 
 0.380421703229939E+00  0.269484263827738E+00  0.760356233469265E+00 
 0.361353939343786E+00  0.294560301568068E+00  0.756156733412304E+00 
 0.340323958367956E+00  0.318625240839315E+00  0.751482550072907E+00 
 0.377145315087318E+00  0.274050820190038E+00  0.731703657807428E+00 
 0.358576779494338E+00  0.297934781364332E+00  0.726954552167088E+00 
 0.338169119120566E+00  0.320911339176986E+00  0.723156192705204E+00 
 0.445510894652597E+00  0.137340756824010E+00  0.670917828676856E+00 
 0.433391297079665E+00  0.171797626161582E+00  0.681096841632106E+00 
 0.422092721973777E+00  0.197939826199577E+00  0.671401291010627E+00 
 0.407387636431743E+00  0.226666615145921E+00  0.690024594322426E+00 
 0.465211074904861E+00  0.303495720728947E-01  0.677870020168254E+00 
 0.462596690700937E+00  0.578510370840066E-01  0.679101248804500E+00 
 0.455959152961351E+00  0.971786579960943E-01  0.680871845945539E+00 
 0.464708042764591E+00  0.372676230668039E-01  0.706604407904096E+00 
 0.459584721720355E+00  0.782580622069086E-01  0.708612010247522E+00 
 0.419305326360447E+00  0.203778026354439E+00  0.302143490450720E-01 
 0.405984609723899E+00  0.229170105830765E+00  0.514906556761346E-01 
 0.394530390081165E+00  0.248371117567146E+00  0.725634487522835E-01 
 0.382122681517089E+00  0.267066839965832E+00  0.939290655943544E-01 
 0.368272371381304E+00  0.285863431058145E+00  0.114977628850731E+00 
 0.352889691779761E+00  0.304649480837780E+00  0.133884452649561E+00 
 0.337807579891125E+00  0.321291891754596E+00  0.150705038712266E+00 
 0.326408003960906E+00  0.332866723613831E+00  0.163993068291151E+00 
 0.453413721211779E+00  0.108436332269401E+00  0.713360146855843E+00 
 0.447948784151908E+00  0.129167826938357E+00  0.699288200864603E+00 
 0.438619950806383E+00  0.157971451514998E+00  0.703922073810701E+00 
 0.421917077999781E+00  0.198313943108593E+00  0.709340814731845E+00 
 0.404989951238053E+00  0.230923320899710E+00  0.716589037390926E+00 
 0.391802385692803E+00  0.252652590140249E+00  0.708903563132076E+00 
 0.375489603140885E+00  0.276315035190352E+00  0.702683528707120E+00 
 0.357118840239249E+00  0.299680787981675E+00  0.697537496949411E+00 
 0.337247044985329E+00  0.321880212793222E+00  0.693601744732465E+00 
 0.375055671908025E+00  0.276903744483104E+00  0.673097203285819E+00 
 0.356527974652050E+00  0.300383494935476E+00  0.667686049166869E+00 
 0.336861906602728E+00  0.322283255257113E+00  0.663626715375285E+00 
 0.448875217403226E+00  0.125910602970349E+00  0.608390820696850E+00 
 0.438545859684248E+00  0.158177020116553E+00  0.615478568416140E+00 
 0.424858551193406E+00  0.191931373717250E+00  0.605924672073977E+00 
 0.409352038409373E+00  0.223099415932096E+00  0.626529171036512E+00 
 0.464679436007595E+00  0.376226326937685E-01  0.622940491024140E+00 
 0.461107774905389E+00  0.687172515526960E-01  0.618862559044406E+00 
 0.455369593145060E+00  0.999048266004039E-01  0.615323534811275E+00 
 0.465107559883678E+00  0.318966844389012E-01  0.649680588876151E+00 
 0.461620586175097E+00  0.651833963407507E-01  0.649434161300326E+00 
 0.455483050302179E+00  0.993862748400247E-01  0.646161960326670E+00 
 0.447388023846291E+00  0.131096898735478E+00  0.635955108198635E+00 
 0.435769511869109E+00  0.165672487952912E+00  0.651424059869688E+00 
 0.423679741161475E+00  0.194519710231371E+00  0.638497232531085E+00 
 0.408333677254774E+00  0.224957882188523E+00  0.659136366730375E+00 
 0.392474276568375E+00  0.251607597205012E+00  0.649750711443268E+00 
 0.374941185586405E+00  0.277058744836191E+00  0.642816803911531E+00 
 0.356233572395997E+00  0.300732576614389E+00  0.637488806276576E+00 
 0.336650908122496E+00  0.322503653931929E+00  0.633476728646471E+00 
 0.374632950744329E+00  0.277475391621926E+00  0.612109725928108E+00 
 0.434504435891600E+00  0.168962528182056E+00  0.269115876865035E-01 
 0.355865047790838E+00  0.301168571567434E+00  0.607090709612527E+00 
 0.336416073283677E+00  0.322748611732937E+00  0.603260630532269E+00 
 0.464809869811248E+00  0.359753480204998E-01  0.588886084040164E+00 
 0.460579724267763E+00  0.721717280698417E-01  0.587717469493862E+00 
 0.454310971029689E+00  0.104613490244877E+00  0.587478457084725E+00 
 0.446239922323491E+00  0.134953223243738E+00  0.585648416266581E+00 
 0.436378952805362E+00  0.164060508007394E+00  0.583690434150443E+00 
 0.425696747861210E+00  0.190065040445475E+00  0.576978170085879E+00 
 0.410757779691777E+00  0.220500537781278E+00  0.590361312613995E+00 
 0.391681762325959E+00  0.252839549517830E+00  0.586889546064782E+00 
 0.373812805818775E+00  0.278579300998906E+00  0.581275620156084E+00 
 0.355253308735046E+00  0.301889925919938E+00  0.576606786576660E+00 
 0.336064307847188E+00  0.323114873892146E+00  0.573062927644024E+00 
 0.443215316417438E+00  0.144577398068092E+00  0.531524118832485E+00 
 0.432723843895095E+00  0.173471944889666E+00  0.527585005284443E+00 
 0.421997694974013E+00  0.198142338170748E+00  0.522459901564487E+00 
 0.407227534260475E+00  0.226954127698274E+00  0.530154135899150E+00 
 0.464114462934530E+00  0.440477699111060E-01  0.529948876227181E+00 
 0.460158352783539E+00  0.748113033083692E-01  0.523924477164122E+00 
 0.453060639616951E+00  0.109902218217066E+00  0.535165659004815E+00 
 0.464491898250834E+00  0.398712577991199E-01  0.558597214943817E+00 
 0.459223591988986E+00  0.803500672052591E-01  0.556328393535410E+00 
 0.402880022387146E+00  0.234585012949428E+00  0.245687964772099E-01 
 0.390687236136417E+00  0.254373591906148E+00  0.448937786006356E-01 
 0.377659711200734E+00  0.273341513998374E+00  0.642023977669482E-01 
 0.365124830052704E+00  0.289872901834801E+00  0.861693575698423E-01 
 0.350923094030413E+00  0.306912728337008E+00  0.105899495637979E+00 
 0.334812284897990E+00  0.324412044505955E+00  0.123874933931834E+00 
 0.451991167400434E+00  0.114220949615843E+00  0.564438353838314E+00 
 0.444512683128957E+00  0.140537949595987E+00  0.558961304075159E+00 
 0.434347386033449E+00  0.169365843619839E+00  0.555044009251500E+00 
 0.420283470836563E+00  0.201752930290302E+00  0.551782946206887E+00 
 0.404598267605497E+00  0.231608900065998E+00  0.563156292669454E+00 
 0.389961061537713E+00  0.255485442292761E+00  0.555705067109723E+00 
 0.372693754682395E+00  0.280074643550399E+00  0.550290145974860E+00 
 0.354385781226738E+00  0.302907838795001E+00  0.546117438938480E+00 
 0.335539617996842E+00  0.323659706317731E+00  0.542993831708358E+00 
 0.371388319517906E+00  0.281803401088082E+00  0.519127164568448E+00 
 0.353115015741134E+00  0.304388282292999E+00  0.515820047160273E+00 
 0.334688525353339E+00  0.324539722893753E+00  0.513201519502870E+00 
 0.464179015668577E+00  0.433622203317508E-01  0.460477344235532E+00 
 0.460265825322933E+00  0.741472236766509E-01  0.473007322022453E+00 
 0.451743680502086E+00  0.115195867398015E+00  0.474245430558623E+00 
 0.463977507283930E+00  0.454677190294392E-01  0.493047496223278E+00 
 0.457133775373935E+00  0.914940006313426E-01  0.501329528874944E+00 
 0.449885651823519E+00  0.122251139145933E+00  0.509117912642478E+00 
 0.441328088397897E+00  0.150239672291331E+00  0.502869080567992E+00 
 0.430219233365748E+00  0.179593574443347E+00  0.500353236651364E+00 
 0.417551077276280E+00  0.207348833140121E+00  0.500067322198880E+00 
 0.403238431028873E+00  0.233968392054404E+00  0.497942368179823E+00 
 0.387082252375294E+00  0.259826424051166E+00  0.491909481397463E+00 
 0.369174409897550E+00  0.284697551475140E+00  0.487533238685564E+00 
 0.350893431338962E+00  0.306946641262473E+00  0.486390991078834E+00 
 0.333168268747635E+00  0.326100207664532E+00  0.483694537967423E+00 
 0.464283818684912E+00  0.422253057597429E-01  0.434438236263044E+00 
 0.460202688301870E+00  0.745380870353431E-01  0.438071153226147E+00 
 0.453285139471183E+00  0.108972579458059E+00  0.441734298259027E+00 
 0.445106545478998E+00  0.138645605451099E+00  0.441769461386724E+00 
 0.433450415422157E+00  0.171648414235347E+00  0.450024253604778E+00 
 0.419873415041201E+00  0.202604926101985E+00  0.448175378972358E+00 
 0.402232420647030E+00  0.235693700636189E+00  0.464873460970283E+00 
 0.385082642904345E+00  0.262780895182568E+00  0.459041784382367E+00 
 0.365130220551681E+00  0.289866111815480E+00  0.454321468151783E+00 
 0.346425581865650E+00  0.311980379139763E+00  0.460977852646499E+00 
 0.331765357197189E+00  0.327527385882416E+00  0.449794017760463E+00 
 0.463895407101671E+00  0.462978618202262E-01  0.410361228891361E+00 
 0.460745001547201E+00  0.711089606760323E-01  0.398779296082871E+00 
 0.453880734059798E+00  0.106464641963856E+00  0.412048518156995E+00 
 0.445925072218192E+00  0.135989965461976E+00  0.412736308762738E+00 
 0.434509320926320E+00  0.168949965277586E+00  0.415277029564460E+00 
 0.420797446385606E+00  0.200678722974072E+00  0.420505852085562E+00 
 0.404818844000857E+00  0.231223148237715E+00  0.424888857581971E+00 
 0.382651542762621E+00  0.266308538279440E+00  0.427568993593397E+00 
 0.366186479387850E+00  0.288530592923308E+00  0.422788423874233E+00 
 0.349963840496943E+00  0.308006089361517E+00  0.433463961096839E+00 
 0.335112426772058E+00  0.324101993455901E+00  0.417831559641724E+00 
 0.464196603269936E+00  0.431735364755068E-01  0.383338178194001E+00 
 0.462032270355456E+00  0.621982466741446E-01  0.371235404917548E+00 
 0.457333643029682E+00  0.904896662186086E-01  0.375652923145827E+00 
 0.447903182798797E+00  0.129325865850018E+00  0.381341040232522E+00 
 0.436448073680057E+00  0.163876538040431E+00  0.375802736788627E+00 
 0.388490861355043E+00  0.257715524140018E+00  0.202156317048560E-01 
 0.372553593691313E+00  0.280261057885024E+00  0.311748510565222E-01 
 0.359217639560854E+00  0.297161787865587E+00  0.576959621682483E-01 
 0.349166131759209E+00  0.308910105324275E+00  0.803466221055806E-01 
 0.333729143873895E+00  0.325526188298797E+00  0.944402866462998E-01 
 0.421845850163014E+00  0.198465411191459E+00  0.393327655640950E+00 
 0.407353550124463E+00  0.226727867586118E+00  0.391317053912141E+00 
 0.392486897799640E+00  0.251587908681565E+00  0.398006671086073E+00 
 0.376121858731129E+00  0.275453785822206E+00  0.402286149959152E+00 
 0.356587510322679E+00  0.300312817277280E+00  0.396014709310887E+00 
 0.337644714292772E+00  0.321463042431473E+00  0.393489903288565E+00 
 0.380905309973492E+00  0.268800270783241E+00  0.371868432328068E+00 
 0.363051610952173E+00  0.292465328755693E+00  0.361612697019155E+00 
 0.340478968034764E+00  0.318459594085542E+00  0.364315553407500E+00 
 0.464870113526018E+00  0.351883260393695E-01  0.351336484142443E+00 
 0.461312581190942E+00  0.673286207649199E-01  0.346495091407030E+00 
 0.455190760896931E+00  0.100716492856072E+00  0.346539370430776E+00 
 0.445852130170615E+00  0.136228920429819E+00  0.345394732530504E+00 
 0.434484003730687E+00  0.169015062172876E+00  0.343089853359893E+00 
 0.422426947562768E+00  0.197225542747267E+00  0.343774163475533E+00 
 0.409417762936111E+00  0.222978779554337E+00  0.344702347240991E+00 
 0.394432854070615E+00  0.248525983287176E+00  0.343121007604236E+00 
 0.377296812957855E+00  0.273842209440018E+00  0.339657751318564E+00 
 0.358279858252479E+00  0.298291776470165E+00  0.334435152049587E+00 
 0.337486777573595E+00  0.321628847745560E+00  0.329377482018744E+00 
 0.444639303192888E+00  0.140136828832723E+00  0.276939318609839E+00 
 0.432854195637318E+00  0.173146429528074E+00  0.283221424890635E+00 
 0.417830194361468E+00  0.206785805651667E+00  0.298247685050802E+00 
 0.403450206379271E+00  0.233603021623595E+00  0.293205708624771E+00 
 0.464335659229451E+00  0.416513662092729E-01  0.293694476686791E+00 
 0.459952331169627E+00  0.760676921615347E-01  0.287081219133361E+00 
 0.452776717457572E+00  0.111066128353782E+00  0.284606952319089E+00 
 0.464722711109105E+00  0.370842624107501E-01  0.321208527038515E+00 
 0.460590183852812E+00  0.721049462768624E-01  0.317949039019737E+00 
 0.453665954716722E+00  0.107376171798582E+00  0.315461278616338E+00 
 0.442762260579246E+00  0.145958971447133E+00  0.310062597217750E+00 
 0.428643462310597E+00  0.183322728971435E+00  0.316721406323952E+00 
 0.417143926808773E+00  0.208166724203722E+00  0.324095322035905E+00 
 0.405556293009854E+00  0.229927236184095E+00  0.319381335211954E+00 
 0.390725888144845E+00  0.254314217204956E+00  0.315711049953997E+00 
 0.373895599469221E+00  0.278468169521575E+00  0.310992515273615E+00 
 0.355589944829057E+00  0.301493336370162E+00  0.305342892792416E+00 
 0.351559120765952E+00  0.306183973038131E+00  0.292437974689803E-01 
 0.337006400417809E+00  0.322132157377337E+00  0.598291714237543E-01 
 0.336262096952364E+00  0.322909031915097E+00  0.298866854975302E+00 
 0.371525732888437E+00  0.281622212442225E+00  0.282732028627126E+00 
 0.353880051756258E+00  0.303498516813727E+00  0.276725733209419E+00 
 0.335387423663552E+00  0.323817412730496E+00  0.270925657723833E+00 
 0.443359041923092E+00  0.144136049218045E+00  0.213718582903845E+00 
 0.429611027803162E+00  0.181043656417620E+00  0.227628079089925E+00 
 0.414854746662392E+00  0.212692218735981E+00  0.229844434993807E+00 
 0.401252753355508E+00  0.237357680861130E+00  0.243163539565331E+00 
 0.464256963436638E+00  0.425195559682893E-01  0.231301322649068E+00 
 0.460569130147253E+00  0.722393043609833E-01  0.221222426965248E+00 
 0.453235931794732E+00  0.109177062010817E+00  0.226629005166125E+00 
 0.464600531860522E+00  0.385847966700242E-01  0.259662628196545E+00 
 0.459039860495725E+00  0.813931644256547E-01  0.253472583891456E+00 
 0.450934599075883E+00  0.118323404681508E+00  0.257399255524725E+00 
 0.441625109096646E+00  0.149364332270204E+00  0.247797669146438E+00 
 0.430747311082980E+00  0.178323287133040E+00  0.255482773298668E+00 
 0.416553978458982E+00  0.209344748606563E+00  0.263077479943209E+00 
 0.399428485460329E+00  0.240414903327596E+00  0.269575860225018E+00 
 0.386060148599262E+00  0.261342691504205E+00  0.261083941333824E+00 
 0.369947102449280E+00  0.283692760091840E+00  0.254528705628540E+00 
 0.352512835408678E+00  0.305085466076767E+00  0.248570493956140E+00 
 0.334579578412282E+00  0.324652039033496E+00  0.242574203442622E+00 
 0.368393691436030E+00  0.285707068252221E+00  0.226927038794971E+00 
 0.351089541521144E+00  0.306722308568543E+00  0.220845086772032E+00 
 0.334149529119838E+00  0.325094652260134E+00  0.213218974213375E+00 
 0.464900573822421E+00  0.347835765660863E-01  0.169566820951991E+00 
 0.461757554548723E+00  0.642059308501821E-01  0.169497227159949E+00 
 0.454356689193685E+00  0.104414748594761E+00  0.166124411059931E+00 
 0.332999168920278E+00  0.326272883086461E+00  0.271539816365868E-01 
 0.464432146301635E+00  0.405613389917527E-01  0.196267153930888E+00 
 0.458381854147359E+00  0.850206829400098E-01  0.195682802725530E+00 
 0.451512476806057E+00  0.116098768415569E+00  0.197474183391247E+00 
 0.444966024526020E+00  0.139095930050660E+00  0.183052168952162E+00 
 0.434139247043226E+00  0.169898660724239E+00  0.194394976934237E+00 
 0.420775740148015E+00  0.200724231825761E+00  0.202757289506865E+00 
 0.403024117008028E+00  0.234337367590083E+00  0.210456609902019E+00 
 0.383110451758593E+00  0.265647929584390E+00  0.198798220291091E+00 
 0.364902629685086E+00  0.290152566054572E+00  0.202718302349569E+00 
 0.350970507814134E+00  0.306858507106831E+00  0.192214712104588E+00 
 0.334888720411607E+00  0.324333139966029E+00  0.181724137773260E+00 
 0.481807829366313E+00  0.000000000000000E+00  0.976810256771526E+00 
 0.483192806048227E+00  0.000000000000000E+00  0.945024504184381E+00 
 0.483010869169167E+00  0.000000000000000E+00  0.910846863543598E+00 
 0.483076350966687E+00  0.000000000000000E+00  0.880074103422523E+00 
 0.483226289321350E+00  0.000000000000000E+00  0.850076838686151E+00 
 0.483129796430438E+00  0.000000000000000E+00  0.819194833289743E+00 
 0.483146840691693E+00  0.000000000000000E+00  0.785621825439119E+00 
 0.483171170602788E+00  0.000000000000000E+00  0.751517383270932E+00 
 0.483056848949225E+00  0.000000000000000E+00  0.718233447794451E+00 
 0.483152982796397E+00  0.000000000000000E+00  0.687062506933559E+00 
 0.483072494322727E+00  0.000000000000000E+00  0.656313640996802E+00 
 0.483153707864437E+00  0.000000000000000E+00  0.626150805786329E+00 
 0.483053645023788E+00  0.000000000000000E+00  0.595345246514950E+00 
 0.483128162916254E+00  0.000000000000000E+00  0.564737918256558E+00 
 0.483099726095156E+00  0.000000000000000E+00  0.533903849528736E+00 
 0.483013002621387E+00  0.000000000000000E+00  0.501944094442959E+00 
 0.483093174156959E+00  0.000000000000000E+00  0.470766708174972E+00 
 0.483055330779800E+00  0.000000000000000E+00  0.440553609621791E+00 
 0.483155576105046E+00  0.000000000000000E+00  0.411841371090118E+00 
 0.483168343004623E+00  0.000000000000000E+00  0.384196391008087E+00 
 0.483134263758868E+00  0.000000000000000E+00  0.356371302029400E+00 
 0.483108206749660E+00  0.000000000000000E+00  0.327939502909041E+00 
 0.483083550307593E+00  0.000000000000000E+00  0.298916224286853E+00 
 0.482961516032227E+00  0.000000000000000E+00  0.269216435421978E+00 
 0.483092257162953E+00  0.000000000000000E+00  0.258281788396766E-01 
 0.483146469206444E+00  0.000000000000000E+00  0.239802536586835E+00 
 0.483024786403306E+00  0.000000000000000E+00  0.209477046900133E+00 
 0.483025807109290E+00  0.000000000000000E+00  0.180300290536922E+00 
 0.483024455609343E+00  0.000000000000000E+00  0.151583481076630E+00 
 0.483215140307266E+00  0.000000000000000E+00  0.121876566266500E+00 
 0.483129463188399E+00  0.000000000000000E+00  0.908650987185284E-01 
 0.483095646492322E+00  0.000000000000000E+00  0.592909815078812E-01 
