 0.500000000000000E+00 -0.462592926927149E-17  0.000000000000000E+00 
 0.342288790627581E+00  0.364470003993069E+00  0.000000000000000E+00 
 0.352850670653960E+00  0.354254716579823E+00  0.000000000000000E+00 
 0.367678731897748E+00  0.338839711530488E+00  0.000000000000000E+00 
 0.385452980116362E+00  0.318474488961700E+00  0.000000000000000E+00 
 0.399375700850901E+00  0.300830599457322E+00  0.000000000000000E+00 
 0.412625175091524E+00  0.282383542156212E+00  0.000000000000000E+00 
 0.429575501336100E+00  0.255861072951395E+00  0.000000000000000E+00 
 0.445751483875370E+00  0.226507427301856E+00  0.000000000000000E+00 
 0.460276706409079E+00  0.195308355011275E+00  0.000000000000000E+00 
 0.472480536182593E+00  0.163591390142052E+00  0.000000000000000E+00 
 0.482098279774054E+00  0.132594300929179E+00  0.000000000000000E+00 
 0.487869084232143E+00  0.109470345986897E+00  0.000000000000000E+00 
 0.492441515426985E+00  0.866103566784869E-01  0.000000000000000E+00 
 0.496664979302202E+00  0.576532595326882E-01  0.000000000000000E+00 
 0.498676110631188E+00  0.363611975291150E-01  0.000000000000000E+00 
 0.499710376592687E+00  0.170158610006945E-01  0.000000000000000E+00 
 0.334400000842288E+00  0.371721185079190E+00  0.000000000000000E+00 
 0.334400000842288E+00  0.356355184522969E+00  0.000000000000000E+00 
 0.334400000842288E+00  0.362940755392397E+00  0.000000000000000E+00 
 0.334400000842288E+00  0.350456845064671E+00  0.000000000000000E+00 
 0.484128525262350E+00  0.162151732430331E-01  0.000000000000000E+00 
 0.481414280626203E+00  0.536996389667960E-01  0.000000000000000E+00 
 0.476405630159930E+00  0.876415219398485E-01  0.000000000000000E+00 
 0.468218598137549E+00  0.124155971157715E+00  0.000000000000000E+00 
 0.457964637519682E+00  0.157834570349691E+00  0.000000000000000E+00 
 0.445667931116860E+00  0.189798461505949E+00  0.000000000000000E+00 
 0.431245135890108E+00  0.220615034816602E+00  0.000000000000000E+00 
 0.415580625277651E+00  0.248869654055777E+00  0.000000000000000E+00 
 0.397939299214743E+00  0.276202235610938E+00  0.000000000000000E+00 
 0.377320881249725E+00  0.303763581406541E+00  0.000000000000000E+00 
 0.361564111185021E+00  0.322358115019591E+00  0.000000000000000E+00 
 0.347418657700044E+00  0.337555383748950E+00  0.000000000000000E+00 
 0.484400000842308E+00  0.809537622122510E-17  0.000000000000000E+00 
 0.494639006707626E+00  0.000000000000000E+00  0.000000000000000E+00 
 0.489333486238628E+00  0.000000000000000E+00  0.000000000000000E+00 
 0.357789790678708E+00  0.333106023755992E+00  0.000000000000000E+00 
 0.351502601489989E+00  0.346516964552045E+00  0.000000000000000E+00 
 0.370893294625922E+00  0.325591834829201E+00  0.000000000000000E+00 
 0.392938148840648E+00  0.295365757230572E+00  0.000000000000000E+00 
 0.414039012670627E+00  0.266248181620631E+00  0.000000000000000E+00 
 0.430530780616362E+00  0.238446599392628E+00  0.000000000000000E+00 
 0.445772264882855E+00  0.208556567594864E+00  0.000000000000000E+00 
 0.459169925623392E+00  0.177075265346452E+00  0.000000000000000E+00 
 0.470386530017284E+00  0.145003764090994E+00  0.000000000000000E+00 
 0.479727557219802E+00  0.107717938088884E+00  0.000000000000000E+00 
 0.487136961335762E+00  0.713445698695618E-01  0.000000000000000E+00 
 0.490056677807676E+00  0.357218844375070E-01  0.000000000000000E+00 
 0.334400000842288E+00  0.371721185079190E+00  0.100000000000000E+01 
 0.499711071635189E+00  0.169954371880112E-01  0.100000000000000E+01 
 0.498024338332751E+00  0.444044865776549E-01  0.100000000000000E+01 
 0.494015285189505E+00  0.771290995612667E-01  0.100000000000000E+01 
 0.487494455869517E+00  0.111126754188555E+00  0.100000000000000E+01 
 0.478716203482978E+00  0.144328779260561E+00  0.100000000000000E+01 
 0.468872948304065E+00  0.173661044418871E+00  0.100000000000000E+01 
 0.457067099656862E+00  0.202705861807854E+00  0.100000000000000E+01 
 0.443186853294663E+00  0.231485232934577E+00  0.100000000000000E+01 
 0.431255066091375E+00  0.253019896392604E+00  0.100000000000000E+01 
 0.419335207500558E+00  0.272319635264268E+00  0.100000000000000E+01 
 0.403708385676711E+00  0.294990744489219E+00  0.100000000000000E+01 
 0.387117834532137E+00  0.316448703879711E+00  0.100000000000000E+01 
 0.371871824143380E+00  0.334232473599252E+00  0.100000000000000E+01 
 0.359790984157322E+00  0.347203755335546E+00  0.100000000000000E+01 
 0.350475618284553E+00  0.356604600346182E+00  0.100000000000000E+01 
 0.341555100032778E+00  0.365157655871541E+00  0.100000000000000E+01 
 0.500000000000000E+00 -0.462592926927149E-17  0.100000000000000E+01 
 0.489555556535183E+00  0.000000000000000E+00  0.100000000000000E+01 
 0.494819848467179E+00  0.000000000000000E+00  0.100000000000000E+01 
 0.484400000842308E+00  0.809537622122510E-17  0.100000000000000E+01 
 0.352264771669930E+00  0.332494949520037E+00  0.100000000000000E+01 
 0.371441105676780E+00  0.310925820461423E+00  0.100000000000000E+01 
 0.389869195326605E+00  0.287481079988553E+00  0.100000000000000E+01 
 0.408638784865813E+00  0.260110946173735E+00  0.100000000000000E+01 
 0.428089710671134E+00  0.226677216397046E+00  0.100000000000000E+01 
 0.442369430852454E+00  0.197364250722576E+00  0.100000000000000E+01 
 0.453868720890343E+00  0.169252902525685E+00  0.100000000000000E+01 
 0.464544007081120E+00  0.137266989116180E+00  0.100000000000000E+01 
 0.472462142997118E+00  0.106877894115578E+00  0.100000000000000E+01 
 0.478406995434657E+00  0.759612238921727E-01  0.100000000000000E+01 
 0.482444893284469E+00  0.434774166636094E-01  0.100000000000000E+01 
 0.484119007580277E+00  0.164968880546316E-01  0.100000000000000E+01 
 0.334400000842288E+00  0.350456845064671E+00  0.100000000000000E+01 
 0.334400000842288E+00  0.362958259589158E+00  0.100000000000000E+01 
 0.334400000842288E+00  0.356266260821512E+00  0.100000000000000E+01 
 0.491627208261452E+00  0.242669116983926E-01  0.100000000000000E+01 
 0.488443389865902E+00  0.604511894442785E-01  0.100000000000000E+01 
 0.483309981587836E+00  0.929562480877698E-01  0.100000000000000E+01 
 0.476006645082185E+00  0.125130151495743E+00  0.100000000000000E+01 
 0.466583172338047E+00  0.156414989868151E+00  0.100000000000000E+01 
 0.455661590026698E+00  0.186008142073470E+00  0.100000000000000E+01 
 0.442946496180270E+00  0.214756688920945E+00  0.100000000000000E+01 
 0.424314713220518E+00  0.248347537272273E+00  0.100000000000000E+01 
 0.405393450244025E+00  0.279116579316292E+00  0.100000000000000E+01 
 0.388066060561671E+00  0.302604633472752E+00  0.100000000000000E+01 
 0.370897963593724E+00  0.323420017548888E+00  0.100000000000000E+01 
 0.350024564205320E+00  0.345707796301124E+00  0.100000000000000E+01 
 0.500000000000000E+00 -0.138777878078145E-16  0.977814213375139E+00 
 0.500000000000000E+00 -0.138777878078145E-16  0.948783748104746E+00 
 0.500000000000000E+00 -0.138777878078145E-16  0.926245022815186E+00 
 0.500000000000000E+00 -0.138777878078145E-16  0.895847317878889E+00 
 0.500000000000000E+00 -0.138777878078145E-16  0.864701322325248E+00 
 0.500000000000000E+00 -0.138777878078145E-16  0.833068809772694E+00 
 0.500000000000000E+00 -0.138777878078145E-16  0.800085720467316E+00 
 0.500000000000000E+00 -0.138777878078145E-16  0.763611206152556E+00 
 0.500000000000000E+00 -0.138777878078145E-16  0.728620397207775E+00 
 0.500000000000000E+00 -0.138777878078145E-16  0.696250198559832E+00 
 0.500000000000000E+00 -0.138777878078145E-16  0.664907335486436E+00 
 0.500000000000000E+00 -0.138777878078145E-16  0.634123151660402E+00 
 0.500000000000000E+00 -0.138777878078145E-16  0.603300541154136E+00 
 0.500000000000000E+00 -0.138777878078145E-16  0.572411227209777E+00 
 0.500000000000000E+00 -0.138777878078145E-16  0.541460285141591E+00 
 0.500000000000000E+00 -0.138777878078145E-16  0.509985630007828E+00 
 0.500000000000000E+00 -0.138777878078145E-16  0.478518916353016E+00 
 0.500000000000000E+00 -0.138777878078145E-16  0.447900903389250E+00 
 0.500000000000000E+00 -0.138777878078145E-16  0.418596294519070E+00 
 0.500000000000000E+00 -0.138777878078145E-16  0.390522788896169E+00 
 0.500000000000000E+00 -0.138777878078145E-16  0.363003608316809E+00 
 0.500000000000000E+00 -0.138777878078145E-16  0.335346615594853E+00 
 0.500000000000000E+00 -0.138777878078145E-16  0.307296999580836E+00 
 0.500000000000000E+00 -0.138777878078145E-16  0.278796219156247E+00 
 0.500000000000000E+00 -0.138777878078145E-16  0.251556890582360E+00 
 0.500000000000000E+00 -0.138777878078145E-16  0.221617595614560E+00 
 0.500000000000000E+00 -0.138777878078145E-16  0.191834464785659E+00 
 0.500000000000000E+00 -0.138777878078145E-16  0.165381356548980E+00 
 0.500000000000000E+00 -0.138777878078145E-16  0.136597699259872E+00 
 0.500000000000000E+00 -0.138777878078145E-16  0.104750893935237E+00 
 0.500000000000000E+00 -0.138777878078145E-16  0.719148711314468E-01 
 0.500000000000000E+00 -0.138777878078145E-16  0.393527557086354E-01 
 0.500000000000000E+00 -0.138777878078145E-16  0.153421115327637E-01 
 0.334400000842288E+00  0.371721185079190E+00  0.192333405687533E-01 
 0.334400000842288E+00  0.371721185079190E+00  0.448099721386595E-01 
 0.334400000842288E+00  0.371721185079190E+00  0.696857727191375E-01 
 0.334400000842288E+00  0.371721185079190E+00  0.105777601810891E+00 
 0.334400000842288E+00  0.371721185079190E+00  0.139326306935954E+00 
 0.334400000842288E+00  0.371721185079190E+00  0.173400778329983E+00 
 0.334400000842288E+00  0.371721185079190E+00  0.206513154641644E+00 
 0.334400000842288E+00  0.371721185079190E+00  0.238857317781566E+00 
 0.334400000842288E+00  0.371721185079190E+00  0.283513630670337E+00 
 0.334400000842288E+00  0.371721185079190E+00  0.311153701355185E+00 
 0.334400000842288E+00  0.371721185079190E+00  0.338043611597363E+00 
 0.334400000842288E+00  0.371721185079190E+00  0.377516507920303E+00 
 0.334400000842288E+00  0.371721185079190E+00  0.414987707209478E+00 
 0.334400000842288E+00  0.371721185079190E+00  0.436800685273296E+00 
 0.334400000842288E+00  0.371721185079190E+00  0.466153695659478E+00 
 0.334400000842288E+00  0.371721185079190E+00  0.497207761558835E+00 
 0.334400000842288E+00  0.371721185079190E+00  0.523831713099353E+00 
 0.334400000842288E+00  0.371721185079190E+00  0.552227045959486E+00 
 0.334400000842288E+00  0.371721185079190E+00  0.581348499648362E+00 
 0.334400000842288E+00  0.371721185079190E+00  0.610784179364564E+00 
 0.334400000842288E+00  0.371721185079190E+00  0.640300816437946E+00 
 0.334400000842288E+00  0.371721185079190E+00  0.669726927912196E+00 
 0.334400000842288E+00  0.371721185079190E+00  0.698912737147976E+00 
 0.334400000842288E+00  0.371721185079190E+00  0.727535613173820E+00 
 0.334400000842288E+00  0.371721185079190E+00  0.753385628765615E+00 
 0.334400000842288E+00  0.371721185079190E+00  0.782286492431650E+00 
 0.334400000842288E+00  0.371721185079190E+00  0.804379514125126E+00 
 0.334400000842288E+00  0.371721185079190E+00  0.835058928752348E+00 
 0.334400000842288E+00  0.371721185079190E+00  0.875429254418614E+00 
 0.334400000842288E+00  0.371721185079190E+00  0.904816399809327E+00 
 0.334400000842288E+00  0.371721185079190E+00  0.936459047653111E+00 
 0.334400000842288E+00  0.371721185079190E+00  0.958678520165106E+00 
 0.334400000842288E+00  0.371721185079190E+00  0.982429994250574E+00 
 0.447925955088810E+00  0.222176368585359E+00  0.874314642472432E+00 
 0.439417465169138E+00  0.238562971360455E+00  0.850313739044481E+00 
 0.452599978864267E+00  0.212492962547151E+00  0.151374749400974E+00 
 0.428764453693743E+00  0.257217890607761E+00  0.902509292313657E+00 
 0.442380931442406E+00  0.233021697479333E+00  0.903801463216718E+00 
 0.434487852541522E+00  0.247427375190897E+00  0.875496230140063E+00 
 0.456791631857013E+00  0.203325859313091E+00  0.906235354888492E+00 
 0.460144393024565E+00  0.195619880298642E+00  0.871939636604187E+00 
 0.436064413609243E+00  0.244638155616877E+00  0.821444641184544E+00 
 0.451218038560623E+00  0.215411888431220E+00  0.837554686708335E+00 
 0.443438020725495E+00  0.231003726755772E+00  0.794987963550749E+00 
 0.457750686624545E+00  0.201157423165932E+00  0.223264293671876E+00 
 0.447832252697171E+00  0.222365180377183E+00  0.205828471977490E+00 
 0.459575013170602E+00  0.196953820143812E+00  0.197518193756929E+00 
 0.348588376416194E+00  0.358449639178953E+00  0.152887887548731E-01 
 0.437736801896585E+00  0.241632970153807E+00  0.181300480909706E+00 
 0.450123550506440E+00  0.217689662775881E+00  0.176554637442101E+00 
 0.461252831210957E+00  0.192991776249343E+00  0.168717144253820E+00 
 0.433293167921710E+00  0.249513588071610E+00  0.123563827297517E+00 
 0.440919389854764E+00  0.235775511133160E+00  0.152290603515946E+00 
 0.447681904759184E+00  0.222667716903887E+00  0.126380843166756E+00 
 0.461567430580350E+00  0.192238151851952E+00  0.134887224251903E+00 
 0.475723756382500E+00  0.153905515214120E+00  0.772351046382924E+00 
 0.441775427177284E+00  0.234167615058805E+00  0.960094076188093E+00 
 0.434785822064201E+00  0.246903400000804E+00  0.931057587009863E+00 
 0.447924763731446E+00  0.222178770444272E+00  0.933663581004071E+00 
 0.458295908948843E+00  0.199912130299174E+00  0.937344125772366E+00 
 0.466994467667091E+00  0.178650964644275E+00  0.926985800305425E+00 
 0.480936177232206E+00  0.136749381824094E+00  0.805124619690463E+00 
 0.482355966133070E+00  0.131653795751709E+00  0.844375875582819E+00 
 0.477948573264147E+00  0.146850813122590E+00  0.873802835557836E+00 
 0.483445201656794E+00  0.127595991296836E+00  0.778020503061989E+00 
 0.488491868915819E+00  0.106656898525745E+00  0.826269327383643E+00 
 0.490590070278929E+00  0.965473093551313E-01  0.795060759559734E+00 
 0.357379624606480E+00  0.349685292679190E+00  0.774903027951143E+00 
 0.361617661014626E+00  0.345300835855217E+00  0.181909743843996E-01 
 0.353092180932894E+00  0.354013999389929E+00  0.345459966718096E-01 
 0.345981823299007E+00  0.360966172856536E+00  0.508884472501467E-01 
 0.366634479961800E+00  0.339969348770062E+00  0.764553676325242E+00 
 0.370921364604937E+00  0.335286953637644E+00  0.792267577814283E+00 
 0.378484088855073E+00  0.326725870545240E+00  0.766780150792400E+00 
 0.380531545802235E+00  0.324338931750972E+00  0.822334626785491E+00 
 0.386347221022480E+00  0.317389074809148E+00  0.794682807933860E+00 
 0.391622618897729E+00  0.310856436908879E+00  0.766982380616002E+00 
 0.386957627968839E+00  0.316644586495221E+00  0.845133808006307E+00 
 0.397564173358363E+00  0.303220593070262E+00  0.860498878184267E+00 
 0.396902051877857E+00  0.304086765932270E+00  0.827196516985610E+00 
 0.400954340464308E+00  0.298723311549052E+00  0.794553573128481E+00 
 0.405229682317404E+00  0.292897430116646E+00  0.765936443247151E+00 
 0.407669794753908E+00  0.289491517052411E+00  0.880589550420015E+00 
 0.410559482556400E+00  0.285378540333748E+00  0.851491730891261E+00 
 0.411424916440173E+00  0.284129439045299E+00  0.820966474621266E+00 
 0.414851548817971E+00  0.279102476598346E+00  0.791886396716714E+00 
 0.418911911716267E+00  0.272970346781885E+00  0.764484748648428E+00 
 0.416496043018403E+00  0.276642451821864E+00  0.899483010492526E+00 
 0.421013010480714E+00  0.269718455071147E+00  0.875332009139244E+00 
 0.425304857731632E+00  0.262898798000060E+00  0.844251814182224E+00 
 0.423454269036353E+00  0.265869295020858E+00  0.814096413710639E+00 
 0.428810079448549E+00  0.257141820331367E+00  0.791260664441006E+00 
 0.432330779360025E+00  0.251177421791755E+00  0.763302604525680E+00 
 0.470349760000345E+00  0.169620468303850E+00  0.896868018964736E+00 
 0.469590288753190E+00  0.171711853722144E+00  0.867766551393730E+00 
 0.376306284699891E+00  0.329231802982890E+00  0.201414772327289E-01 
 0.367775126866956E+00  0.338735082413963E+00  0.392365379542194E-01 
 0.359086407574811E+00  0.347932395581407E+00  0.575258355952941E-01 
 0.348701206500732E+00  0.358339878585867E+00  0.767650326942223E-01 
 0.464769187224368E+00  0.184362693099229E+00  0.842813881111132E+00 
 0.459620300872768E+00  0.196848111562256E+00  0.808499327724369E+00 
 0.452647526500075E+00  0.212391658860144E+00  0.780921314648514E+00 
 0.444592562704455E+00  0.228773803543774E+00  0.760569158060595E+00 
 0.461463982402001E+00  0.192486344829148E+00  0.780292781588550E+00 
 0.455924738083646E+00  0.205262352133456E+00  0.757658539965492E+00 
 0.474045179724327E+00  0.159000526980669E+00  0.849602216568832E+00 
 0.472716706368826E+00  0.162907690180082E+00  0.822651948057379E+00 
 0.470025006505653E+00  0.170518307695570E+00  0.792180736469139E+00 
 0.466616072098842E+00  0.179636970746694E+00  0.761182601080593E+00 
 0.367884919668630E+00  0.338615838200764E+00  0.228301579781628E+00 
 0.381432794962216E+00  0.323278553150858E+00  0.209364171043121E+00 
 0.386252127384380E+00  0.317504793807969E+00  0.182243515132372E+00 
 0.398661687441605E+00  0.301776173622458E+00  0.231519874551205E+00 
 0.401058336620898E+00  0.298583674414523E+00  0.200094957126047E+00 
 0.396869949122972E+00  0.304128662712231E+00  0.165587238353097E+00 
 0.418483625450710E+00  0.273626488537988E+00  0.238325472791208E+00 
 0.417736221534344E+00  0.274766171895685E+00  0.203540882203430E+00 
 0.412161691230131E+00  0.283059605529151E+00  0.175402866456794E+00 
 0.407653326594252E+00  0.289514706563656E+00  0.144867426129125E+00 
 0.436372815379293E+00  0.244087619509777E+00  0.247767307393562E+00 
 0.449339181941174E+00  0.219304125753340E+00  0.241176194666321E+00 
 0.433476554396085E+00  0.249194857067513E+00  0.214075920684875E+00 
 0.425432320038626E+00  0.262692483840997E+00  0.185188081333727E+00 
 0.425257934622519E+00  0.262974692775920E+00  0.154485388716686E+00 
 0.417389759140998E+00  0.275292188345801E+00  0.120581061619247E+00 
 0.497526270693303E+00  0.496750437343928E-01  0.235226700848335E+00 
 0.494786697325895E+00  0.720147495262831E-01  0.245737892084879E+00 
 0.494631417891108E+00  0.730736644423404E-01  0.217466414309270E+00 
 0.490489872983254E+00  0.970550591204378E-01  0.227719759055654E+00 
 0.490618302277021E+00  0.964037419959095E-01  0.198267557294166E+00 
 0.485628340052327E+00  0.119017290080146E+00  0.177262917519761E+00 
 0.484912985405143E+00  0.121899124629637E+00  0.236159285297723E+00 
 0.485005802365320E+00  0.121529303758280E+00  0.206244106852903E+00 
 0.478512031188491E+00  0.145004262033447E+00  0.184130264955269E+00 
 0.391216880062045E+00  0.311366910179164E+00  0.221317423480027E-01 
 0.382374317518996E+00  0.322164370006806E+00  0.425847782241902E-01 
 0.373405855479062E+00  0.332517769591266E+00  0.622238284052166E-01 
 0.363927718656742E+00  0.342865302405040E+00  0.811916578608389E-01 
 0.354232710148380E+00  0.352872763274433E+00  0.989243299860925E-01 
 0.479769944855106E+00  0.140786363024722E+00  0.154969591443417E+00 
 0.478076538027468E+00  0.146433683924399E+00  0.243201111546870E+00 
 0.477821457722536E+00  0.147263894216845E+00  0.214027179286815E+00 
 0.462427567995870E+00  0.190159786383518E+00  0.248148163631377E+00 
 0.471280133497917E+00  0.167018070190580E+00  0.251785997027201E+00 
 0.468659840589033E+00  0.174235340327565E+00  0.223618465446339E+00 
 0.469802995393203E+00  0.171129031784716E+00  0.191456650566784E+00 
 0.471070722219348E+00  0.167607800139915E+00  0.160915222487663E+00 
 0.473053954831847E+00  0.161925772556282E+00  0.131276448671308E+00 
 0.425965001222030E+00  0.261827839875587E+00  0.907226686760918E-01 
 0.441797714846893E+00  0.234125562799246E+00  0.970646154525329E-01 
 0.454847815961553E+00  0.207637820049733E+00  0.102899878994396E+00 
 0.466454685837103E+00  0.180055619353046E+00  0.106051211709400E+00 
 0.461202179797575E+00  0.193112789193169E+00  0.822390380173781E-01 
 0.436864904387085E+00  0.243205787996221E+00  0.695815303003560E-01 
 0.450559141621064E+00  0.216786669105114E+00  0.677384158309490E-01 
 0.344676266045549E+00  0.362213019678887E+00  0.978058454863876E+00 
 0.346807907030005E+00  0.360172563671176E+00  0.953521075141057E+00 
 0.355806227435998E+00  0.351286106354582E+00  0.975674241182522E+00 
 0.346003744520150E+00  0.360945160347157E+00  0.891521494686216E+00 
 0.348407272609421E+00  0.358625671686878E+00  0.923949189318829E+00 
 0.359928021570593E+00  0.347061693778323E+00  0.950079940654772E+00 
 0.368051418800694E+00  0.338434858013763E+00  0.974344535072198E+00 
 0.357046240689831E+00  0.350025687642006E+00  0.904557180705168E+00 
 0.364295725854491E+00  0.342474267827745E+00  0.924869971784087E+00 
 0.373757111534466E+00  0.332122901314276E+00  0.948043973764825E+00 
 0.381786436299281E+00  0.322860832337859E+00  0.973178695614889E+00 
 0.347381783796355E+00  0.359619098890010E+00  0.861534435989868E+00 
 0.358606217344822E+00  0.348427296407211E+00  0.881071925959605E+00 
 0.369052398368488E+00  0.337343040921948E+00  0.900210843394628E+00 
 0.378302809535531E+00  0.326935749494490E+00  0.921614989383664E+00 
 0.388110515733454E+00  0.315230435677001E+00  0.945017349574018E+00 
 0.396894880991359E+00  0.304096125333511E+00  0.971301521014759E+00 
 0.345244813746936E+00  0.361671147011817E+00  0.805964426826385E+00 
 0.351504890055081E+00  0.355590090226606E+00  0.830594359414185E+00 
 0.361231439834253E+00  0.345704855151432E+00  0.853762797029837E+00 
 0.371565909039299E+00  0.334572526128191E+00  0.874561467799161E+00 
 0.381893607980385E+00  0.322734057985401E+00  0.894982960021216E+00 
 0.392037886683158E+00  0.310332556147439E+00  0.916572932274877E+00 
 0.403069340194037E+00  0.295863324857177E+00  0.939902147646016E+00 
 0.413109913596198E+00  0.281673923692879E+00  0.968864071930454E+00 
 0.424862717369540E+00  0.263612729945597E+00  0.980672194593898E+00 
 0.347390786725784E+00  0.359610402099328E+00  0.784460284662792E+00 
 0.357630296535113E+00  0.349428921241799E+00  0.801725791073012E+00 
 0.366150798243066E+00  0.340490224449933E+00  0.825290788779233E+00 
 0.374557792435709E+00  0.331219655403614E+00  0.848441130501159E+00 
 0.384562735907503E+00  0.319548904162314E+00  0.868764562340516E+00 
 0.394903182519230E+00  0.306678131656275E+00  0.888421584212468E+00 
 0.405267516307989E+00  0.292845078882254E+00  0.909396479540781E+00 
 0.418804192585228E+00  0.273135585878214E+00  0.929375518674774E+00 
 0.428017080781327E+00  0.258459626555931E+00  0.957221766345300E+00 
 0.434505942865627E+00  0.247395605487351E+00  0.978915186521245E+00 
 0.405759941087333E+00  0.292162403825002E+00  0.239697413417385E-01 
 0.396910088885040E+00  0.304076275531764E+00  0.455405248590950E-01 
 0.387962611747291E+00  0.315412447259491E+00  0.662208772940460E-01 
 0.378901866522457E+00  0.326241284244956E+00  0.862940054208882E-01 
 0.369141683094614E+00  0.337245337702503E+00  0.105489711595911E+00 
 0.357842765834580E+00  0.349211332776956E+00  0.123422810972110E+00 
 0.348924165688550E+00  0.358122781457072E+00  0.143905093259830E+00 
 0.499044730775493E+00  0.308926639384779E-01  0.978390153871791E+00 
 0.499629629668265E+00  0.192414437491676E-01  0.959424128771198E+00 
 0.496501729905994E+00  0.590426303644724E-01  0.975331781581647E+00 
 0.498206510027721E+00  0.423116221149481E-01  0.954124560581986E+00 
 0.499473019225411E+00  0.229500123279358E-01  0.937008158827483E+00 
 0.492153363258403E+00  0.882330268858715E-01  0.970618520186151E+00 
 0.495220137469794E+00  0.689711203649632E-01  0.947566533914028E+00 
 0.497608870311469E+00  0.488406816838544E-01  0.927310448856354E+00 
 0.499329064090812E+00  0.258937396718465E-01  0.910256825200803E+00 
 0.481479428844904E+00  0.134824180320836E+00  0.977308042289077E+00 
 0.486497331399741E+00  0.115413805677359E+00  0.961269528264741E+00 
 0.490563207713494E+00  0.966837071995477E-01  0.939775712913017E+00 
 0.494055871302384E+00  0.768686934430570E-01  0.918252547680210E+00 
 0.496995540659287E+00  0.547305450802610E-01  0.898143899342810E+00 
 0.499135034838424E+00  0.293975678729508E-01  0.880103528349833E+00 
 0.463855523229484E+00  0.186649547466640E+00  0.979004656504992E+00 
 0.473236759874803E+00  0.161390734254473E+00  0.973241918319888E+00 
 0.479584846881862E+00  0.141415609609764E+00  0.952414319043975E+00 
 0.484265651787581E+00  0.124445885824921E+00  0.931652187879078E+00 
 0.488631642127431E+00  0.106014707997761E+00  0.909672671788150E+00 
 0.492665815993365E+00  0.853252234195241E-01  0.887841495419547E+00 
 0.496155930099603E+00  0.618812817174734E-01  0.866770681849583E+00 
 0.498817823342302E+00  0.343624666758302E-01  0.847341468579393E+00 
 0.480437872916190E+00  0.138489892294587E+00  0.755075575576081E+00 
 0.487363252976646E+00  0.111700759388745E+00  0.757968982116172E+00 
 0.494556053794871E+00  0.735819927349424E-01  0.766396582936488E+00 
 0.498022957556951E+00  0.444199701286155E-01  0.752991674244740E+00 
 0.454135360643828E+00  0.209191477390691E+00  0.965910570817131E+00 
 0.498957481654204E+00  0.322712178464676E-01  0.780466349673308E+00 
 0.465008304924441E+00  0.183758744965505E+00  0.954863966205511E+00 
 0.472509263566477E+00  0.163508396860424E+00  0.946611625798501E+00 
 0.476369574760461E+00  0.151894793335840E+00  0.925463964579058E+00 
 0.481180404444303E+00  0.135887521056264E+00  0.902535845939733E+00 
 0.486172829428279E+00  0.116773198661774E+00  0.878985535117213E+00 
 0.490760127335617E+00  0.956791378385562E-01  0.856348521885262E+00 
 0.494739697176249E+00  0.723369341204983E-01  0.832913183352944E+00 
 0.498069137996623E+00  0.438991318285572E-01  0.809790113842866E+00 
 0.345844416656747E+00  0.361097825342876E+00  0.756623409599187E+00 
 0.357006915145124E+00  0.350065797441799E+00  0.747290405854875E+00 
 0.369269241707858E+00  0.337105661667827E+00  0.742416128072482E+00 
 0.382012764387939E+00  0.322593006503062E+00  0.740812404679788E+00 
 0.395233865040579E+00  0.306251843953772E+00  0.739459816646523E+00 
 0.408738971082808E+00  0.287979953326907E+00  0.737953294070229E+00 
 0.422235057493969E+00  0.267801337231660E+00  0.736352932423085E+00 
 0.435354153833620E+00  0.245899899836931E+00  0.734625396552305E+00 
 0.447879893514449E+00  0.222269208361135E+00  0.732906521872790E+00 
 0.459979791203481E+00  0.196006611328298E+00  0.732834351500336E+00 
 0.472225832455587E+00  0.164325175069517E+00  0.737504083910553E+00 
 0.481521140458052E+00  0.134675132418636E+00  0.730362528736401E+00 
 0.489070178165482E+00  0.103972885067137E+00  0.730238075783079E+00 
 0.494912989560549E+00  0.711416387514356E-01  0.729973370785220E+00 
 0.498602778959140E+00  0.373532972336196E-01  0.727041887813388E+00 
 0.346418641796431E+00  0.360546979762577E+00  0.723665079496792E+00 
 0.421083551365158E+00  0.269608313613854E+00  0.271621539980427E-01 
 0.411240103608486E+00  0.284396865636880E+00  0.487807997082321E-01 
 0.402199339183711E+00  0.297044931887731E+00  0.696196655295696E-01 
 0.394056248501111E+00  0.307765613766760E+00  0.908230927129960E-01 
 0.384849517989027E+00  0.319203459416739E+00  0.111351667804015E+00 
 0.374760516250066E+00  0.330990264902133E+00  0.130830023767907E+00 
 0.364887793984467E+00  0.341843381976526E+00  0.150037219189502E+00 
 0.355106937662972E+00  0.351992986895515E+00  0.168497522902559E+00 
 0.358705267530796E+00  0.348325323577917E+00  0.719431811383955E+00 
 0.371434342990448E+00  0.334718581568539E+00  0.716044204651475E+00 
 0.384565716501588E+00  0.319545317117339E+00  0.713652912757607E+00 
 0.398000860382502E+00  0.302647179294286E+00  0.711655417331300E+00 
 0.411580426298614E+00  0.283904125873245E+00  0.709802509109427E+00 
 0.425063414885534E+00  0.263288992033181E+00  0.708031166007303E+00 
 0.438207460079519E+00  0.240778366824466E+00  0.706403342856868E+00 
 0.450842354743771E+00  0.216197065588532E+00  0.705224749549300E+00 
 0.462808134295704E+00  0.189231685586029E+00  0.704916767834608E+00 
 0.473614242769062E+00  0.160279596475310E+00  0.704483351733588E+00 
 0.482679128287656E+00  0.130464014638017E+00  0.701940270467059E+00 
 0.489991111418743E+00  0.995425071546112E-01  0.700700888013830E+00 
 0.495433173784165E+00  0.674238111808354E-01  0.699387182390563E+00 
 0.498829441083582E+00  0.341934015307190E-01  0.697592074130029E+00 
 0.347144775752163E+00  0.359847891015051E+00  0.694844143052163E+00 
 0.360016768052551E+00  0.346969633715972E+00  0.691309593939424E+00 
 0.373152747309733E+00  0.332801783611805E+00  0.688276505040417E+00 
 0.386580937620670E+00  0.317104365577523E+00  0.685717351888123E+00 
 0.400218762044092E+00  0.299708095499428E+00  0.683465701702731E+00 
 0.413908987695484E+00  0.280498395547817E+00  0.681424552442167E+00 
 0.427434768627012E+00  0.259421507529296E+00  0.679568007043530E+00 
 0.440565115622770E+00  0.236436839126849E+00  0.677948199348543E+00 
 0.453059556394073E+00  0.211511319697093E+00  0.676650694889604E+00 
 0.464624224572785E+00  0.184727718386111E+00  0.675582656265758E+00 
 0.474905883091282E+00  0.156411004105496E+00  0.674257912032394E+00 
 0.483632610848226E+00  0.126883796144851E+00  0.672441568424839E+00 
 0.490640092320579E+00  0.962927817006763E-01  0.670823632894972E+00 
 0.495785681957573E+00  0.647808425837773E-01  0.669126558685137E+00 
 0.498939498618325E+00  0.325480678150629E-01  0.667176759985572E+00 
 0.347706561071063E+00  0.359305089566145E+00  0.665988680265203E+00 
 0.361028128698117E+00  0.345917172584328E+00  0.662772189433429E+00 
 0.374508249908293E+00  0.331275671836354E+00  0.659891316607218E+00 
 0.388191554161701E+00  0.315130635257067E+00  0.657304390743012E+00 
 0.402005820895308E+00  0.297306777531710E+00  0.654947397008377E+00 
 0.415794668373427E+00  0.277695505459184E+00  0.652796382200739E+00 
 0.429340919316756E+00  0.256254512155870E+00  0.650845463933140E+00 
 0.442399401828908E+00  0.232986628932702E+00  0.649102648103762E+00 
 0.454704193440481E+00  0.207952149466269E+00  0.647543456786204E+00 
 0.465972583541509E+00  0.181299617726159E+00  0.646047915100739E+00 
 0.475933888457140E+00  0.153254474055625E+00  0.644424747345247E+00 
 0.484369919107217E+00  0.124039435116692E+00  0.642625268989634E+00 
 0.491110489321885E+00  0.938641959323094E-01  0.640779631319846E+00 
 0.496021676684762E+00  0.629483618439504E-01  0.638808831527100E+00 
 0.499003671123618E+00  0.315489493509927E-01  0.636609037280883E+00 
 0.348144350378149E+00  0.358880915206949E+00  0.636905596166820E+00 
 0.361821784900573E+00  0.345086939728763E+00  0.633924639481653E+00 
 0.375583561927241E+00  0.330056037681552E+00  0.631157463429661E+00 
 0.389478174774053E+00  0.313539074717446E+00  0.628577350029895E+00 
 0.403435837677098E+00  0.295363377685484E+00  0.626163725428044E+00 
 0.417297205761504E+00  0.275432463706879E+00  0.623925510147277E+00 
 0.430840361273746E+00  0.253725408852777E+00  0.621864807801195E+00 
 0.443814346699063E+00  0.230279885496071E+00  0.619968120386941E+00 
 0.455955617929719E+00  0.205193748633647E+00  0.618188953688623E+00 
 0.467005354587238E+00  0.178622503584648E+00  0.616439159765440E+00 
 0.476728889273260E+00  0.150763278460915E+00  0.614621735676538E+00 
 0.484931103609860E+00  0.121827028001686E+00  0.612691488410932E+00 
 0.491456155804859E+00  0.920372040074560E-01  0.610645645729585E+00 
 0.496187224139210E+00  0.616298515414831E-01  0.608436724061534E+00 
 0.499046782922021E+00  0.308594953811802E-01  0.605997091791230E+00 
 0.348491314009574E+00  0.358544005750871E+00  0.607698942649500E+00 
 0.362453212112923E+00  0.344423676638272E+00  0.604906858055005E+00 
 0.376441991733151E+00  0.329076627641615E+00  0.602222270475466E+00 
 0.390506549883556E+00  0.312257320967886E+00  0.599642745221729E+00 
 0.404576803193590E+00  0.293798588011677E+00  0.597177989287949E+00 
 0.418489570179425E+00  0.273617396470035E+00  0.594857259014594E+00 
 0.432020414569539E+00  0.251710868647271E+00  0.592688215093404E+00 
 0.444918373818966E+00  0.228139520114966E+00  0.590653954873370E+00 
 0.456928680241039E+00  0.203017686848172E+00  0.588708114171741E+00 
 0.467809645991945E+00  0.176505340193693E+00  0.586782992542047E+00 
 0.477347237382224E+00  0.148793867358702E+00  0.584805529819388E+00 
 0.485363174700964E+00  0.120094082469543E+00  0.582719577706915E+00 
 0.454442942074400E+00  0.208522450586894E+00  0.311033932761779E-01 
 0.463214715919264E+00  0.188234234282279E+00  0.559328416996933E-01 
 0.470342882474535E+00  0.169639538155306E+00  0.792361658850888E-01 
 0.476040524661658E+00  0.152922918098804E+00  0.103376509321040E+00 
 0.481628841396485E+00  0.134289460253138E+00  0.126944284704740E+00 
 0.486765985791307E+00  0.114275435140790E+00  0.149372329034418E+00 
 0.491160383142220E+00  0.936027672218523E-01  0.170516896935983E+00 
 0.494811075842640E+00  0.718470543825485E-01  0.189937283046619E+00 
 0.497542715990129E+00  0.495100572123050E-01  0.207709853468728E+00 
 0.499170189649098E+00  0.287944745686269E-01  0.224432895955161E+00 
 0.499816472159145E+00  0.135460015645524E-01  0.237706182746931E+00 
 0.491717738846628E+00  0.906292739878237E-01  0.580480900296658E+00 
 0.496310029476865E+00  0.606329501234533E-01  0.578042452395546E+00 
 0.499078370481503E+00  0.303443589078364E-01  0.575352313555783E+00 
 0.348773865208329E+00  0.358269159917013E+00  0.578524790505695E+00 
 0.362965985922142E+00  0.343883254991527E+00  0.575853623089766E+00 
 0.377136806754519E+00  0.328280107516439E+00  0.573193604035852E+00 
 0.391337750640449E+00  0.311214981843217E+00  0.570580093430248E+00 
 0.405497716121928E+00  0.292526241933779E+00  0.568051631742771E+00 
 0.419450336861883E+00  0.272142269606272E+00  0.565649028782274E+00 
 0.432968772215332E+00  0.250076072998494E+00  0.563384266582261E+00 
 0.445804371714088E+00  0.226403317468201E+00  0.561238835838579E+00 
 0.457709678139234E+00  0.201250715620290E+00  0.559169319778153E+00 
 0.468455976445904E+00  0.174782716914787E+00  0.557113531415138E+00 
 0.477843469119478E+00  0.147192455716529E+00  0.555002160438260E+00 
 0.485708624896837E+00  0.118689223187382E+00  0.552765944745329E+00 
 0.491925801528322E+00  0.894930488402192E-01  0.550339245575051E+00 
 0.496407562816399E+00  0.598291866790999E-01  0.547660521089460E+00 
 0.499103667084902E+00  0.299253989514467E-01  0.544675860138104E+00 
 0.349015613252915E+00  0.358033660017730E+00  0.549566143396999E+00 
 0.363394423748206E+00  0.343430477373092E+00  0.546877915622356E+00 
 0.377713109683458E+00  0.327616859720698E+00  0.544141754929144E+00 
 0.392028944755768E+00  0.310343851999164E+00  0.541443897310994E+00 
 0.406267641723746E+00  0.291456005750827E+00  0.538834803135213E+00 
 0.420256984129847E+00  0.270894937734328E+00  0.536355154437414E+00 
 0.433768116871554E+00  0.248686993599798E+00  0.534012066754727E+00 
 0.446553494593738E+00  0.224922156458896E+00  0.531784499367033E+00 
 0.458372444794376E+00  0.199736581159354E+00  0.529626347781726E+00 
 0.469005879016603E+00  0.173301717959932E+00  0.527475499568547E+00 
 0.478266500930040E+00  0.145812050558711E+00  0.525256705472848E+00 
 0.486003381539163E+00  0.117476436498981E+00  0.522888304880506E+00 
 0.492103901753146E+00  0.885084734888695E-01  0.520280974192498E+00 
 0.438285175621988E+00  0.240636873379795E+00  0.356927654531707E-01 
 0.425242002770815E+00  0.263000454523308E+00  0.565505481564920E-01 
 0.415061429701860E+00  0.278790260902077E+00  0.721175144620665E-01 
 0.409380635186249E+00  0.287067057557120E+00  0.940460103580866E-01 
 0.400893325215797E+00  0.298805190378985E+00  0.116620431074653E+00 
 0.391108283247418E+00  0.311503307807891E+00  0.137663486150827E+00 
 0.380838349937565E+00  0.323978627716139E+00  0.157112708191376E+00 
 0.370947543669554E+00  0.335257989980141E+00  0.177104572671296E+00 
 0.360483113734102E+00  0.346485100274986E+00  0.196336191303679E+00 
 0.350068336924131E+00  0.357004425019037E+00  0.215210129822521E+00 
 0.496491998626625E+00  0.591244052802189E-01  0.517339126089855E+00 
 0.499126470526491E+00  0.295426203944084E-01  0.513939403714765E+00 
 0.349227439478548E+00  0.357827046930856E+00  0.520994931502679E+00 
 0.363750966053139E+00  0.343052816189298E+00  0.518004191454816E+00 
 0.378207331256509E+00  0.327046196406302E+00  0.515077456414792E+00 
 0.392637174723194E+00  0.309573979890733E+00  0.512257517244355E+00 
 0.406956096044269E+00  0.290493951559078E+00  0.509564469683578E+00 
 0.420986484033567E+00  0.269759856652274E+00  0.507021089328107E+00 
 0.434496576979204E+00  0.247412054260407E+00  0.504623908034360E+00 
 0.447240696832225E+00  0.223552586871694E+00  0.502343550020881E+00 
 0.458983428533338E+00  0.198328546436922E+00  0.500130725898464E+00 
 0.469515231351491E+00  0.171916978594191E+00  0.497917924317912E+00 
 0.478659622698216E+00  0.144516316028334E+00  0.495623494842584E+00 
 0.486278160867094E+00  0.116333788143069E+00  0.493151155348154E+00 
 0.492270168749231E+00  0.875789983934718E-01  0.490388594034560E+00 
 0.496570778186717E+00  0.584590647465240E-01  0.487194324065893E+00 
 0.499147446223608E+00  0.291860742212831E-01  0.483349713925465E+00 
 0.349315837740798E+00  0.357740751807009E+00  0.492534116198087E+00 
 0.364048256872928E+00  0.342737314379078E+00  0.489071477777719E+00 
 0.378672967434716E+00  0.326506942857555E+00  0.485952321648119E+00 
 0.393230120606213E+00  0.308820453092121E+00  0.483021912781396E+00 
 0.407637968275700E+00  0.289536330742895E+00  0.480267121611739E+00 
 0.421716465508120E+00  0.268617242036580E+00  0.477688569085341E+00 
 0.435230910296420E+00  0.246117969117556E+00  0.475267051054998E+00 
 0.447936698011565E+00  0.222154708648042E+00  0.472966337014275E+00 
 0.459605061802289E+00  0.196883689435450E+00  0.470732129903827E+00 
 0.470035393739747E+00  0.170489673094651E+00  0.468493103210320E+00 
 0.479062668546849E+00  0.143174577368931E+00  0.466159242075283E+00 
 0.486560384320366E+00  0.115147698240210E+00  0.463624704134668E+00 
 0.492440659124241E+00  0.866152252279198E-01  0.460759517338042E+00 
 0.496650464546801E+00  0.577781625308969E-01  0.457391590677080E+00 
 0.499167744757344E+00  0.288368270422972E-01  0.453250601864189E+00 
 0.349551987863303E+00  0.357510010742095E+00  0.463093411424184E+00 
 0.364441025782407E+00  0.342319644085271E+00  0.459894815124936E+00 
 0.379202508405444E+00  0.325891788204335E+00  0.456716496083709E+00 
 0.393884905661634E+00  0.307984871530934E+00  0.453736032622755E+00 
 0.408392787693892E+00  0.288470676082703E+00  0.450971738740538E+00 
 0.422527335905443E+00  0.267339952892659E+00  0.448400537358788E+00 
 0.436046779330761E+00  0.244669585840314E+00  0.445989584574977E+00 
 0.448709922846894E+00  0.220588769294211E+00  0.443700730813562E+00 
 0.460296008300012E+00  0.195262860634262E+00  0.441480787804755E+00 
 0.470615002005698E+00  0.168883154539393E+00  0.439252556805740E+00 
 0.479512961450633E+00  0.141659167726074E+00  0.436920151400798E+00 
 0.486876508519554E+00  0.113803626707629E+00  0.434373564071056E+00 
 0.492631643011487E+00  0.855223029612931E-01  0.431481805393790E+00 
 0.496739309922387E+00  0.570092797519056E-01  0.428069667591167E+00 
 0.499190003781260E+00  0.284489037550720E-01  0.423889293790355E+00 
 0.349846576138308E+00  0.357221742289440E+00  0.434427881043060E+00 
 0.364866637467604E+00  0.341865963300069E+00  0.430730913749836E+00 
 0.379807955244890E+00  0.325185973148744E+00  0.427382111482686E+00 
 0.394668555158534E+00  0.306980018191860E+00  0.424422316172769E+00 
 0.409306175824380E+00  0.287173213291249E+00  0.421727254426511E+00 
 0.423502649133429E+00  0.265792223695442E+00  0.419210901683362E+00 
 0.437019011831682E+00  0.242928761775259E+00  0.416838968543453E+00 
 0.449624842869690E+00  0.218717856322721E+00  0.414593246893873E+00 
 0.461111631528526E+00  0.193328899208319E+00  0.412425745629090E+00 
 0.471299604585405E+00  0.166963117836367E+00  0.410248527559273E+00 
 0.480046232595139E+00  0.139841390765443E+00  0.407956031954773E+00 
 0.487252150330903E+00  0.112184410672390E+00  0.405447702798220E+00 
 0.492860040508842E+00  0.841960834577422E-01  0.402610444595204E+00 
 0.496846918076010E+00  0.560637137404460E-01  0.399284161884887E+00 
 0.499217654651167E+00  0.279594936396877E-01  0.395290239461501E+00 
 0.349857422646776E+00  0.357211119394337E+00  0.405917014887249E+00 
 0.365284461481255E+00  0.341419481284167E+00  0.401109192300966E+00 
 0.380586002692237E+00  0.324275029187794E+00  0.397842599204499E+00 
 0.395705400411832E+00  0.305642333594205E+00  0.395142763291151E+00 
 0.410487017355175E+00  0.285482764073161E+00  0.392622995528947E+00 
 0.424729205488148E+00  0.263827788539052E+00  0.390180028832035E+00 
 0.438216233066012E+00  0.240762399633820E+00  0.387854493964216E+00 
 0.450739872048883E+00  0.216410646099855E+00  0.385683576460451E+00 
 0.462102443178659E+00  0.190948506169371E+00  0.383619992683353E+00 
 0.472131765040543E+00  0.164595250355839E+00  0.381535857538557E+00 
 0.480695517607070E+00  0.137592948047749E+00  0.379308436535842E+00 
 0.473539982878608E+00  0.160498861725956E+00  0.523294834169305E-01 
 0.479007163450412E+00  0.143360166584690E+00  0.765162732579209E-01 
 0.483891988616324E+00  0.125890997902709E+00  0.100051674924061E+00 
 0.488331442336457E+00  0.107389023766843E+00  0.122620158268907E+00 
 0.492141720347550E+00  0.882979450120698E-01  0.143998072988466E+00 
 0.495184882939637E+00  0.692237799318850E-01  0.163924125974754E+00 
 0.497727249094305E+00  0.476191716540201E-01  0.181186136844035E+00 
 0.499378729714336E+00  0.249175502186036E-01  0.198562898641298E+00 
 0.487711305823271E+00  0.110171149454658E+00  0.376873672389478E+00 
 0.493142037998108E+00  0.825283609377578E-01  0.374167888344984E+00 
 0.496983089714393E+00  0.548434912996513E-01  0.371008765797864E+00 
 0.499254226830683E+00  0.272986628188406E-01  0.367252620711234E+00 
 0.350324426321774E+00  0.356753130781385E+00  0.373048223258656E+00 
 0.366188500905548E+00  0.340449675876696E+00  0.370299986531084E+00 
 0.381838412252493E+00  0.322799360173615E+00  0.368209644858943E+00 
 0.397181459420468E+00  0.303721728384104E+00  0.366126894336209E+00 
 0.412049481726596E+00  0.283222923875952E+00  0.363791562908639E+00 
 0.426273948766342E+00  0.261324550326123E+00  0.361344855600131E+00 
 0.439690416453770E+00  0.238059525494592E+00  0.359042249500144E+00 
 0.452104876419200E+00  0.213544329631999E+00  0.357004641403802E+00 
 0.463314949859276E+00  0.187987385845159E+00  0.355134444163733E+00 
 0.473149871115651E+00  0.161645289022734E+00  0.353183728492129E+00 
 0.481489340834976E+00  0.134788777953879E+00  0.351000808351936E+00 
 0.488274537197601E+00  0.107647463158540E+00  0.348642979797620E+00 
 0.493492100748965E+00  0.804086220400128E-01  0.346180002554825E+00 
 0.497156629270068E+00  0.532474034373873E-01  0.343213919059577E+00 
 0.499301847351390E+00  0.264133532799161E-01  0.339514559586406E+00 
 0.351325409217038E+00  0.355767419585438E+00  0.339678110576819E+00 
 0.367773264933104E+00  0.338737103961826E+00  0.339770780857471E+00 
 0.383763501876678E+00  0.320508306643290E+00  0.339337891467858E+00 
 0.399229911341547E+00  0.301024048690832E+00  0.337824004068299E+00 
 0.414031895409241E+00  0.280316944874603E+00  0.335315637888480E+00 
 0.428143347545065E+00  0.258250409395428E+00  0.332627993946972E+00 
 0.441472802034542E+00  0.234737651568235E+00  0.330350247862321E+00 
 0.453770544935240E+00  0.209981648124724E+00  0.328599334177304E+00 
 0.464795420457193E+00  0.184296546690439E+00  0.327104911891742E+00 
 0.474384787681097E+00  0.157984408144477E+00  0.325292325010471E+00 
 0.482445143861764E+00  0.131326627780514E+00  0.322999546719843E+00 
 0.488959944343352E+00  0.104490060904119E+00  0.320656705974307E+00 
 0.493926577122842E+00  0.776951505031900E-01  0.318791138866902E+00 
 0.467244731689538E+00  0.177995395188671E+00  0.273241181441036E-01 
 0.497376088061586E+00  0.511568863844697E-01  0.315989673551147E+00 
 0.499358736997671E+00  0.253150505448905E-01  0.311884579539884E+00 
 0.352630075239709E+00  0.354474300953450E+00  0.309653261008752E+00 
 0.370334570112011E+00  0.335934973142053E+00  0.310854945755827E+00 
 0.386625084136692E+00  0.317050539056939E+00  0.312398011855902E+00 
 0.401872812436269E+00  0.297486541921754E+00  0.310583414242487E+00 
 0.416258436628755E+00  0.276999844648666E+00  0.306825895497204E+00 
 0.430272720227679E+00  0.254686839526258E+00  0.303768066093983E+00 
 0.443615730622717E+00  0.230662271609539E+00  0.301683112621040E+00 
 0.455821916968376E+00  0.205490583753307E+00  0.300575851621581E+00 
 0.466596002422742E+00  0.179689094057254E+00  0.299849207108029E+00 
 0.475839023136118E+00  0.153548767695690E+00  0.297994450157376E+00 
 0.483544482758897E+00  0.127219232796898E+00  0.295065071594953E+00 
 0.489802809265328E+00  0.100464959243473E+00  0.292489690472629E+00 
 0.494490226305475E+00  0.740230780794764E-01  0.292678388914645E+00 
 0.497643480758548E+00  0.484867616831276E-01  0.289578214671294E+00 
 0.499403786153637E+00  0.244102104745565E-01  0.283912926930807E+00 
 0.354398808131957E+00  0.352705946639191E+00  0.242986943833432E+00 
 0.368556562532124E+00  0.337884684788323E+00  0.257760159059734E+00 
 0.387138591193816E+00  0.316423310153451E+00  0.255945910597977E+00 
 0.405614803381116E+00  0.292363867942156E+00  0.256674894640959E+00 
 0.355130757422227E+00  0.351968954785383E+00  0.276724856191813E+00 
 0.375794057429765E+00  0.329816352536490E+00  0.284093371134528E+00 
 0.390961135466103E+00  0.311687969859370E+00  0.289265507956420E+00 
 0.404047647731699E+00  0.294525887423297E+00  0.283003023999622E+00 
 0.418315579577850E+00  0.273883325309241E+00  0.277165584131706E+00 
 0.432673226003821E+00  0.250587069697235E+00  0.274640238445632E+00 
 0.446293892886058E+00  0.225436823018353E+00  0.272891128273501E+00 
 0.458453606940561E+00  0.199550219952747E+00  0.273213631617078E+00 
 0.468776356059832E+00  0.173921614525813E+00  0.274170870618469E+00 
 0.477381644546516E+00  0.148683440402970E+00  0.271253533610205E+00 
 0.484621243914611E+00  0.123053849783968E+00  0.266343828546662E+00 
 0.491014262286732E+00  0.943662769797396E-01  0.262170623927072E+00 
 0.495406344820712E+00  0.676206589096962E-01  0.270557839309454E+00 
 0.497751936532044E+00  0.473604231252136E-01  0.262655480020902E+00 
 0.499367990625372E+00  0.251318510814170E-01  0.254162538579878E+00 
 0.499545198729685E+00  0.213212200898561E-01  0.211011688196088E-01 
 0.499312183436071E+00  0.262172361682738E-01  0.449299162334389E-01 
 0.498008756587074E+00  0.445789004193295E-01  0.228873893189106E-01 
 0.499560995563109E+00  0.209478331097935E-01  0.896688453896567E-01 
 0.477388312095089E+00  0.148662031046942E+00  0.256461239837699E-01 
 0.481963108946217E+00  0.133084791072822E+00  0.503562965894359E-01 
 0.486248887516465E+00  0.116456083520787E+00  0.740740779281640E-01 
 0.490113797760104E+00  0.989366729032700E-01  0.968783798075866E-01 
 0.493439251440235E+00  0.807323054179710E-01  0.118673162492357E+00 
 0.496057447736957E+00  0.626658483122685E-01  0.139187990449094E+00 
 0.497751739855706E+00  0.473624901226377E-01  0.157651475736404E+00 
 0.499445313425316E+00  0.235452521219816E-01  0.166759262502080E+00 
 0.498766964370865E+00  0.350929516038720E-01  0.684329128766119E-01 
 0.497166486487505E+00  0.531552886707365E-01  0.462743628924808E-01 
 0.495111791354919E+00  0.697446346418377E-01  0.233931783969532E-01 
 0.499317476333579E+00  0.261162368626430E-01  0.113146375985000E+00 
 0.497931208475958E+00  0.454368971835826E-01  0.918850594773170E-01 
 0.496063909809512E+00  0.626146738752195E-01  0.699895509196810E-01 
 0.493609136202884E+00  0.796870168662528E-01  0.474587512794350E-01 
 0.490748041825982E+00  0.957411063439575E-01  0.242358691913872E-01 
 0.498787009793784E+00  0.348068795064286E-01  0.137786528016577E+00 
 0.497106168921922E+00  0.537164483167782E-01  0.115732985223700E+00 
 0.494784147347144E+00  0.720322673109735E-01  0.941457420830024E-01 
 0.491916845231439E+00  0.895422658723169E-01  0.718914183630713E-01 
 0.488582792919409E+00  0.106239608729842E+00  0.488591701119876E-01 
 0.485052384637653E+00  0.121343249327378E+00  0.249444008661815E-01 
 0.334400000842288E+00  0.350456845064671E+00  0.207778899117174E-01 
 0.334400000842288E+00  0.350456845064671E+00  0.531561324807929E-01 
 0.334400000842288E+00  0.350456845064671E+00  0.850407157617997E-01 
 0.334400000842288E+00  0.350456845064671E+00  0.117733327698610E+00 
 0.334400000842288E+00  0.350456845064671E+00  0.151408996954622E+00 
 0.334400000842288E+00  0.350456845064671E+00  0.184128536281251E+00 
 0.334400000842288E+00  0.350456845064671E+00  0.214572463635595E+00 
 0.334400000842288E+00  0.350456845064671E+00  0.247224493378128E+00 
 0.334400000842288E+00  0.350456845064671E+00  0.278070680846817E+00 
 0.334400000842288E+00  0.350456845064671E+00  0.300695444077679E+00 
 0.334400000842288E+00  0.350456845064671E+00  0.322380799362207E+00 
 0.334400000842288E+00  0.350456845064671E+00  0.369124045244355E+00 
 0.334400000842288E+00  0.350456845064671E+00  0.413693926129222E+00 
 0.334400000842288E+00  0.350456845064671E+00  0.437555084843363E+00 
 0.334400000842288E+00  0.350456845064671E+00  0.462871809651537E+00 
 0.334400000842288E+00  0.350456845064671E+00  0.496503181641787E+00 
 0.334400000842288E+00  0.350456845064671E+00  0.525580621586965E+00 
 0.334400000842288E+00  0.350456845064671E+00  0.554631585316081E+00 
 0.334400000842288E+00  0.350456845064671E+00  0.584070349722227E+00 
 0.334400000842288E+00  0.350456845064671E+00  0.613698994402175E+00 
 0.334400000842288E+00  0.350456845064671E+00  0.643333674413715E+00 
 0.334400000842288E+00  0.350456845064671E+00  0.672825451793853E+00 
 0.334400000842288E+00  0.350456845064671E+00  0.702043247858896E+00 
 0.334400000842288E+00  0.350456845064671E+00  0.731025302078383E+00 
 0.334400000842288E+00  0.350456845064671E+00  0.760326377318231E+00 
 0.334400000842288E+00  0.350456845064671E+00  0.790156029284215E+00 
 0.334400000842288E+00  0.350456845064671E+00  0.812986980081216E+00 
 0.334400000842288E+00  0.350456845064671E+00  0.842024454735269E+00 
 0.334400000842288E+00  0.350456845064671E+00  0.884476649230134E+00 
 0.334400000842288E+00  0.350456845064671E+00  0.916570716813065E+00 
 0.334400000842288E+00  0.350456845064671E+00  0.945063479416593E+00 
 0.334400000842288E+00  0.350456845064671E+00  0.965154979791552E+00 
 0.334400000842288E+00  0.350456845064671E+00  0.983207337749558E+00 
 0.334400000842288E+00  0.357457537698079E+00  0.902075673390052E+00 
 0.334400000842288E+00  0.364520752595554E+00  0.887881258478367E+00 
 0.334400000842288E+00  0.361329662704199E+00  0.837262252947057E+00 
 0.334400000842288E+00  0.357423525264370E+00  0.719839554011149E+00 
 0.334400000842288E+00  0.364722199996983E+00  0.709273924308881E+00 
 0.334400000842288E+00  0.357447283219202E+00  0.661675612210701E+00 
 0.334400000842288E+00  0.364726605983820E+00  0.650867113854129E+00 
 0.334400000842288E+00  0.357449441060784E+00  0.602563753069634E+00 
 0.334400000842288E+00  0.364724249106491E+00  0.591811725485300E+00 
 0.334400000842288E+00  0.357425571983167E+00  0.515380721826151E+00 
 0.334400000842288E+00  0.364560458936571E+00  0.506082017897955E+00 
 0.334400000842288E+00  0.361170594150528E+00  0.462255733456562E+00 
 0.334400000842288E+00  0.360194549548480E+00  0.373285122958968E+00 
 0.334400000842288E+00  0.357444707694642E+00  0.201410675894333E+00 
 0.334400000842288E+00  0.364784803544987E+00  0.187526848656610E+00 
 0.334400000842288E+00  0.357403804686732E+00  0.136107881656768E+00 
 0.334400000842288E+00  0.364768655762796E+00  0.120869357755542E+00 
 0.334400000842288E+00  0.357413628627320E+00  0.702929820742864E-01 
 0.334400000842288E+00  0.364657867483507E+00  0.561761358156727E-01 
 0.334400000842288E+00  0.363595839438326E+00  0.981143601086705E+00 
 0.334400000842288E+00  0.357664281832298E+00  0.965982403356973E+00 
 0.334400000842288E+00  0.364398157954664E+00  0.955284818866190E+00 
 0.334400000842288E+00  0.357489495291516E+00  0.933578606021078E+00 
 0.334400000842288E+00  0.364781131580506E+00  0.919067612448413E+00 
 0.334400000842288E+00  0.357183858678592E+00  0.869264360733627E+00 
 0.334400000842288E+00  0.364355512989585E+00  0.273391717220174E-01 
 0.334400000842288E+00  0.357463505949592E+00  0.398171604734582E-01 
 0.334400000842288E+00  0.365049775010061E+00  0.861575671298557E+00 
 0.334400000842288E+00  0.357560720000548E+00  0.809860641909040E+00 
 0.334400000842288E+00  0.364555800340402E+00  0.801287473475832E+00 
 0.334400000842288E+00  0.357518166781924E+00  0.778898232571781E+00 
 0.334400000842288E+00  0.364724899287970E+00  0.765661327838476E+00 
 0.334400000842288E+00  0.357416437077561E+00  0.748548694748265E+00 
 0.334400000842288E+00  0.364656699084488E+00  0.737428180852211E+00 
 0.334400000842288E+00  0.357448353067423E+00  0.690964151964831E+00 
 0.334400000842288E+00  0.364727363735022E+00  0.680245382852213E+00 
 0.334400000842288E+00  0.357447947006972E+00  0.632156277758629E+00 
 0.334400000842288E+00  0.364726447609466E+00  0.621335253756448E+00 
 0.334400000842288E+00  0.357453283221516E+00  0.573074577039525E+00 
 0.334400000842288E+00  0.364719803936283E+00  0.562501934995581E+00 
 0.334400000842288E+00  0.357468687508386E+00  0.543924650113876E+00 
 0.334400000842288E+00  0.364705108873997E+00  0.533707953715418E+00 
 0.334400000842288E+00  0.357431833261791E+00  0.487384818439358E+00 
 0.334400000842288E+00  0.365258839822152E+00  0.483251997862337E+00 
 0.334400000842288E+00  0.357429259005635E+00  0.435859747303898E+00 
 0.334400000842288E+00  0.364358325448623E+00  0.430875986766454E+00 
 0.334400000842288E+00  0.357591480548671E+00  0.404357094919521E+00 
 0.334400000842288E+00  0.365213075099597E+00  0.398747354846131E+00 
 0.334400000842288E+00  0.357324494948960E+00  0.337206001399759E+00 
 0.334400000842288E+00  0.364837832337632E+00  0.349219432600870E+00 
 0.334400000842288E+00  0.357358729231360E+00  0.302727818075565E+00 
 0.334400000842288E+00  0.364601198849404E+00  0.308034792283986E+00 
 0.334400000842288E+00  0.364804867362132E+00  0.868540831606804E-01 
 0.334400000842288E+00  0.357450717977338E+00  0.102546545660744E+00 
 0.334400000842288E+00  0.357826983691660E+00  0.268950952319794E+00 
 0.334400000842288E+00  0.364943420132842E+00  0.254561020684173E+00 
 0.334400000842288E+00  0.357476114920071E+00  0.233868983441215E+00 
 0.334400000842288E+00  0.364721857939412E+00  0.219917028107841E+00 
 0.334400000842288E+00  0.357423844512076E+00  0.169367550973324E+00 
 0.334400000842288E+00  0.364777021384029E+00  0.154439043073574E+00 
 0.484400000842308E+00  0.242861286636753E-16  0.167863954588980E-01 
 0.484400000842308E+00 -0.312250225675825E-16  0.438729993098851E-01 
 0.484400000842308E+00  0.242861286636753E-16  0.756674931646042E-01 
 0.484400000842308E+00 -0.312250225675825E-16  0.107645793014195E+00 
 0.484400000842308E+00  0.242861286636753E-16  0.135984050261810E+00 
 0.484400000842308E+00 -0.312250225675825E-16  0.166533728227818E+00 
 0.484400000842308E+00  0.242861286636753E-16  0.194428034880763E+00 
 0.484400000842308E+00 -0.312250225675825E-16  0.225778939028489E+00 
 0.484400000842308E+00  0.242861286636753E-16  0.253801233516548E+00 
 0.484400000842308E+00 -0.312250225675825E-16  0.284839362609788E+00 
 0.484400000842308E+00  0.242861286636753E-16  0.313291765882282E+00 
 0.484400000842308E+00 -0.312250225675825E-16  0.341124084834484E+00 
 0.484400000842308E+00  0.242861286636753E-16  0.368223671020033E+00 
 0.484400000842308E+00 -0.312250225675825E-16  0.394521667659455E+00 
 0.484400000842308E+00  0.242861286636753E-16  0.421440929874061E+00 
 0.484400000842308E+00 -0.312250225675825E-16  0.452126690268455E+00 
 0.484400000842308E+00  0.242861286636753E-16  0.482611830606068E+00 
 0.484400000842308E+00 -0.312250225675825E-16  0.516690652458943E+00 
 0.484400000842308E+00  0.242861286636753E-16  0.547968080524556E+00 
 0.484400000842308E+00 -0.312250225675825E-16  0.577836060041448E+00 
 0.484400000842308E+00  0.242861286636753E-16  0.610259871417920E+00 
 0.484400000842308E+00 -0.312250225675825E-16  0.639313859384403E+00 
 0.484400000842308E+00  0.242861286636753E-16  0.671137675537543E+00 
 0.484400000842308E+00 -0.312250225675825E-16  0.700935269927687E+00 
 0.484400000842308E+00  0.242861286636753E-16  0.735173587264413E+00 
 0.484400000842308E+00 -0.312250225675825E-16  0.768063695982857E+00 
 0.484400000842308E+00  0.242861286636753E-16  0.803233213824772E+00 
 0.484400000842308E+00 -0.312250225675825E-16  0.836232390341275E+00 
 0.484400000842308E+00  0.242861286636753E-16  0.864364791959280E+00 
 0.484400000842308E+00 -0.312250225675825E-16  0.896581456738256E+00 
 0.484400000842308E+00  0.242861286636753E-16  0.930587632264236E+00 
 0.484400000842308E+00 -0.312250225675825E-16  0.960196439576726E+00 
 0.484400000842308E+00  0.242861286636753E-16  0.984734901882269E+00 
 0.454120216445803E+00  0.168576955219931E+00  0.928986031216328E+00 
 0.428434483597972E+00  0.226024897036028E+00  0.900116916976294E+00 
 0.430609877690011E+00  0.221852415023597E+00  0.930342085460351E+00 
 0.447732224786801E+00  0.184876217246752E+00  0.109225750321624E+00 
 0.441634287182487E+00  0.199003812025860E+00  0.830464406522668E-01 
 0.454292345853868E+00  0.168112537648431E+00  0.805581735457415E-01 
 0.480981548736165E+00  0.574465890316375E-01  0.824457925422484E+00 
 0.395707267287923E+00  0.279390621588350E+00  0.882082942298779E+00 
 0.463404662795771E+00  0.141065514266044E+00  0.155520057143930E+00 
 0.477281790110622E+00  0.827372566913653E-01  0.816754343577988E+00 
 0.476616133488464E+00  0.864894335425997E-01  0.846628345942361E+00 
 0.471462803342001E+00  0.111203353730502E+00  0.823111959669966E+00 
 0.473576877895432E+00  0.101824857175574E+00  0.874661455348603E+00 
 0.466961069135373E+00  0.128804971674062E+00  0.858052719516937E+00 
 0.462035113096034E+00  0.145488539350492E+00  0.826369753879757E+00 
 0.468190941368170E+00  0.124260223872299E+00  0.893455571826509E+00 
 0.463125210736979E+00  0.141980280306226E+00  0.916860277049409E+00 
 0.456552176841888E+00  0.161874861040676E+00  0.891727869425637E+00 
 0.454689601491684E+00  0.167035107421580E+00  0.856729133825716E+00 
 0.450932056197783E+00  0.176928351343828E+00  0.827637776396279E+00 
 0.453329258317646E+00  0.170692543390676E+00  0.961445364915411E+00 
 0.444258854882969E+00  0.193073640547022E+00  0.849056883139891E+00 
 0.482972925105926E+00  0.371552746003458E-01  0.193224131220080E-01 
 0.483798034364628E+00  0.241417224099840E-01  0.366498782001741E-01 
 0.440934183471938E+00  0.200550259690540E+00  0.876971660110022E+00 
 0.442776241315484E+00  0.196449894228885E+00  0.911721837008290E+00 
 0.442700242705599E+00  0.196621097353289E+00  0.944628752521954E+00 
 0.440310780987343E+00  0.201915271741203E+00  0.829310199837872E+00 
 0.418739128720353E+00  0.243517767102375E+00  0.918936514496560E+00 
 0.432147175574087E+00  0.218842819071926E+00  0.847886934720152E+00 
 0.422832143787075E+00  0.236339457129854E+00  0.871744933605080E+00 
 0.410455717944792E+00  0.257234259814727E+00  0.896085665502647E+00 
 0.414583717456377E+00  0.250526848932519E+00  0.841139497872110E+00 
 0.407498676573914E+00  0.261893469575918E+00  0.868130654543432E+00 
 0.390476518549243E+00  0.286655628372550E+00  0.853721180776511E+00 
 0.447221069258752E+00  0.186109312037483E+00  0.784535601600052E+00 
 0.436566954321617E+00  0.209887244039163E+00  0.788904920468089E+00 
 0.423319474016500E+00  0.235465461871591E+00  0.789553751722823E+00 
 0.413930798753330E+00  0.251604162643299E+00  0.739363047273047E+00 
 0.411777706823200E+00  0.255112682905872E+00  0.684085180149993E+00 
 0.411909352474261E+00  0.254900070930237E+00  0.622850615683425E+00 
 0.407917750579181E+00  0.261240252599834E+00  0.529327279282062E+00 
 0.456513760342972E+00  0.161983170216922E+00  0.472869496092272E+00 
 0.444003208818746E+00  0.193660815279356E+00  0.475176078092359E+00 
 0.431970155317302E+00  0.219192029351331E+00  0.478589143732425E+00 
 0.443976095708171E+00  0.193722965225438E+00  0.366245175441293E+00 
 0.432417264241977E+00  0.218308658558228E+00  0.370176206574592E+00 
 0.417770101846690E+00  0.245176472808899E+00  0.372677405269167E+00 
 0.405324138345024E+00  0.265246496095362E+00  0.293551797369906E+00 
 0.479266830203209E+00  0.703325407118307E-01  0.221696577887928E-01 
 0.481581424748538E+00  0.521794226987603E-01  0.422743335980889E-01 
 0.483452865142822E+00  0.302768558670689E-01  0.595651222335769E-01 
 0.403167706285406E+00  0.268512870128355E+00  0.236679575439670E+00 
 0.371441152002987E+00  0.310925765118768E+00  0.168021080815410E+00 
 0.387109527384103E+00  0.291186494577710E+00  0.181191111892646E+00 
 0.388438071506188E+00  0.289411861229895E+00  0.149209261987346E+00 
 0.416471803148830E+00  0.247375419146626E+00  0.185109010538636E+00 
 0.406577402361146E+00  0.263321432293815E+00  0.161972211119069E+00 
 0.403936252454127E+00  0.267355315580817E+00  0.127235758263194E+00 
 0.429178764041343E+00  0.224608435531603E+00  0.187031578675021E+00 
 0.426085770802180E+00  0.230421953676120E+00  0.161080152891326E+00 
 0.421318037693733E+00  0.239028182292192E+00  0.132839428692286E+00 
 0.416913956203057E+00  0.246629507438023E+00  0.103371756461806E+00 
 0.442116964489883E+00  0.197929155321442E+00  0.169810780347402E+00 
 0.438083927251353E+00  0.206702282280674E+00  0.137012072737144E+00 
 0.432785943907968E+00  0.217576854402525E+00  0.108091106792947E+00 
 0.427705559950190E+00  0.227401219881739E+00  0.806663950695539E-01 
 0.482262557932890E+00  0.454553190730297E-01  0.147305361254961E+00 
 0.479224037043924E+00  0.706235310313549E-01  0.133098818267348E+00 
 0.469449543825787E+00  0.119417279393597E+00  0.128587080014071E+00 
 0.469983718660731E+00  0.117297335902566E+00  0.975236638574527E-01 
 0.455105456028521E+00  0.165898718226143E+00  0.167712354553920E+00 
 0.454375428403858E+00  0.167887852088279E+00  0.137415476112225E+00 
 0.460897459604353E+00  0.149053321151387E+00  0.105670331268525E+00 
 0.465104831882749E+00  0.135354557275791E+00  0.762432486195561E-01 
 0.436088633229326E+00  0.210879265894460E+00  0.602112322337605E-01 
 0.447577572805069E+00  0.185250309413858E+00  0.554709829309960E-01 
 0.459339563290714E+00  0.153787276495493E+00  0.524168649266061E-01 
 0.483915432666965E+00  0.216613675178271E-01  0.148217759572118E+00 
 0.483925004451367E+00  0.214464655069969E-01  0.209989495599974E+00 
 0.483964506902939E+00  0.205357462536196E-01  0.270225471187915E+00 
 0.483940688378414E+00  0.210895933537085E-01  0.362344944568852E+00 
 0.483892073222454E+00  0.221770667238278E-01  0.385983069894874E+00 
 0.483939941310047E+00  0.211067292782853E-01  0.433620435320923E+00 
 0.483894321699237E+00  0.221279516276032E-01  0.410547994385250E+00 
 0.483853273025895E+00  0.230080637630924E-01  0.501699337867678E+00 
 0.472931465526986E+00  0.104781628783428E+00  0.240469176148849E-01 
 0.476743740790685E+00  0.857832526366133E-01  0.466677148047499E-01 
 0.479923539088688E+00  0.657020353155073E-01  0.676755911991730E-01 
 0.482482039075382E+00  0.430632416994578E-01  0.840542378438801E-01 
 0.483763049399772E+00  0.248328985708909E-01  0.100406032509432E+00 
 0.484044306799471E+00  0.185598995422543E-01  0.596155334036150E+00 
 0.484155308299452E+00  0.153947478531833E-01  0.655820172034501E+00 
 0.484025858083142E+00  0.190349552895962E-01  0.718467124532327E+00 
 0.484089433995715E+00  0.173430305802578E-01  0.785554756949550E+00 
 0.483830018561189E+00  0.234919976817196E-01  0.934177316062809E+00 
 0.480319684946309E+00  0.627404261149841E-01  0.979587852446855E+00 
 0.483254926974952E+00  0.332871802715928E-01  0.968229328539804E+00 
 0.483005267436660E+00  0.367324440303324E-01  0.910495399085356E+00 
 0.481534552329577E+00  0.526102245648269E-01  0.933483981292161E+00 
 0.479102845043623E+00  0.714410574328144E-01  0.954810063083370E+00 
 0.475876297769231E+00  0.904715979601478E-01  0.976470486524040E+00 
 0.483823901443142E+00  0.236176461217975E-01  0.861007482551867E+00 
 0.482519104049162E+00  0.426459264596061E-01  0.883345846625736E+00 
 0.480143703202654E+00  0.640732790705519E-01  0.905474583693789E+00 
 0.477172394038340E+00  0.833658634198214E-01  0.927999492885498E+00 
 0.473270929641912E+00  0.103237531798718E+00  0.950584604030837E+00 
 0.469126179136540E+00  0.120681352597484E+00  0.974899814839529E+00 
 0.483564011049952E+00  0.284465821019047E-01  0.830522999986802E+00 
 0.481572690808927E+00  0.522599682649857E-01  0.853909606721929E+00 
 0.478802163769707E+00  0.734292093479097E-01  0.877283927764676E+00 
 0.475259642050009E+00  0.936569989616856E-01  0.900615083830548E+00 
 0.470751237525024E+00  0.114178076637626E+00  0.922926054037233E+00 
 0.464206536108136E+00  0.138403947380453E+00  0.947355149809027E+00 
 0.461278857223063E+00  0.147868782016318E+00  0.976280705836084E+00 
 0.353638277696841E+00  0.331033728438072E+00  0.978190351311704E+00 
 0.371879261254627E+00  0.310401636375697E+00  0.972511179184465E+00 
 0.354099990133820E+00  0.330539797608743E+00  0.954865569967471E+00 
 0.400991545045499E+00  0.271751985490494E+00  0.978038660659301E+00 
 0.387825033964234E+00  0.290232844190040E+00  0.963520537656738E+00 
 0.372365087655126E+00  0.309818660366977E+00  0.944831617787952E+00 
 0.354647561944353E+00  0.329952220212149E+00  0.928534048505164E+00 
 0.415343369625469E+00  0.249265413012248E+00  0.972869824809972E+00 
 0.403055399548124E+00  0.268681420479915E+00  0.952840404222633E+00 
 0.389410665742560E+00  0.288101881670243E+00  0.934996698816207E+00 
 0.374150968095508E+00  0.307659574674983E+00  0.916189378814373E+00 
 0.463947084363067E+00  0.139271187713091E+00  0.255847134246943E-01 
 0.469254780344544E+00  0.120180330919007E+00  0.497079076838100E-01 
 0.473798754127784E+00  0.100787406966202E+00  0.729962764690539E-01 
 0.477710525846865E+00  0.802247736745031E-01  0.991335690908262E-01 
 0.481801234500190E+00  0.501091932692995E-01  0.108740919957676E+00 
 0.483507302509667E+00  0.293947144198407E-01  0.125437155638684E+00 
 0.356309362738722E+00  0.328156972866226E+00  0.898054938460560E+00 
 0.483137959750947E+00  0.349438501555377E-01  0.802450158455165E+00 
 0.480267579005508E+00  0.631380501140078E-01  0.794202687287180E+00 
 0.475158206137176E+00  0.941702710865434E-01  0.793670562257273E+00 
 0.467644149960188E+00  0.126302453752965E+00  0.795401701118059E+00 
 0.456488095548050E+00  0.162055482594447E+00  0.795870077499550E+00 
 0.444057860714354E+00  0.193535467431163E+00  0.807325755641492E+00 
 0.429878397959509E+00  0.223266486029083E+00  0.816336945972574E+00 
 0.414870792906425E+00  0.250051166782321E+00  0.811949012478680E+00 
 0.398094923781194E+00  0.275977884033569E+00  0.819981276950847E+00 
 0.374984480714773E+00  0.306643115101365E+00  0.827958642650147E+00 
 0.358879001219473E+00  0.325344776044910E+00  0.806370587623161E+00 
 0.442322060679752E+00  0.197470391330005E+00  0.975102885257975E+00 
 0.429940427651160E+00  0.223147013171017E+00  0.961365282572630E+00 
 0.417526460721365E+00  0.245591154998499E+00  0.944233942592763E+00 
 0.405308079811194E+00  0.265271033578424E+00  0.925578076994679E+00 
 0.392358055231724E+00  0.284074844558224E+00  0.907227146626517E+00 
 0.378081612657196E+00  0.302816206611422E+00  0.885626211863365E+00 
 0.360329354104349E+00  0.323737729322272E+00  0.861031127027731E+00 
 0.353188852159254E+00  0.331513190576829E+00  0.830723648701196E+00 
 0.406951885904157E+00  0.262742313636486E+00  0.790008629054729E+00 
 0.384661451020307E+00  0.294412854534156E+00  0.793711955132983E+00 
 0.365655357465839E+00  0.317709805282316E+00  0.781128374856485E+00 
 0.463862402396397E+00  0.139552973666089E+00  0.729068253376955E+00 
 0.452088754996348E+00  0.173951482953892E+00  0.729274815017977E+00 
 0.441768904997244E+00  0.198704794591233E+00  0.744057595600914E+00 
 0.428740928636542E+00  0.225443068041322E+00  0.741337786701254E+00 
 0.482867682357479E+00  0.384988590833396E-01  0.737450576433632E+00 
 0.479881661375739E+00  0.660072109036035E-01  0.728769163936019E+00 
 0.473798696534953E+00  0.100787677708095E+00  0.738289224393176E+00 
 0.483171010781019E+00  0.344838390677210E-01  0.768404107847688E+00 
 0.479010089527511E+00  0.720603562776294E-01  0.761999956211358E+00 
 0.472593691579660E+00  0.106294701162004E+00  0.770107189637455E+00 
 0.465011596415973E+00  0.135674522349163E+00  0.763814466464421E+00 
 0.453284549205014E+00  0.170811235778016E+00  0.759778540399457E+00 
 0.442236090258600E+00  0.197662847517673E+00  0.767800615282374E+00 
 0.431726143311665E+00  0.219672251313734E+00  0.765729177594005E+00 
 0.417876740293945E+00  0.244994674916238E+00  0.764815661655929E+00 
 0.401030791733214E+00  0.271694064892543E+00  0.763783985038989E+00 
 0.381825591913412E+00  0.298081495863078E+00  0.761123932254734E+00 
 0.360369202863986E+00  0.323693371021363E+00  0.757709815682091E+00 
 0.397539744308972E+00  0.276777008638287E+00  0.736029576138797E+00 
 0.378848658621770E+00  0.301856016465604E+00  0.732923317283515E+00 
 0.357823065831672E+00  0.326505764688499E+00  0.730870563009178E+00 
 0.464182724600828E+00  0.138483786047889E+00  0.668435580233932E+00 
 0.452392018698167E+00  0.173161260777932E+00  0.680367014488299E+00 
 0.441228106414498E+00  0.199902773682318E+00  0.672176234914722E+00 
 0.426869924301473E+00  0.228965998661074E+00  0.692367586974934E+00 
 0.483459257817417E+00  0.301746059896543E-01  0.670533542556537E+00 
 0.480936885782538E+00  0.578193108727827E-01  0.672741173210592E+00 
 0.474431921244590E+00  0.977635561964598E-01  0.676493073468358E+00 
 0.482971868353840E+00  0.371690085259567E-01  0.700187563101122E+00 
 0.478018653324239E+00  0.783679008912098E-01  0.703601974148325E+00 
 0.437469148499142E+00  0.208000252229279E+00  0.308996226497852E-01 
 0.424184952385281E+00  0.233902729752999E+00  0.526535933251280E-01 
 0.412746599045181E+00  0.253542118380048E+00  0.742293614335330E-01 
 0.400419350797949E+00  0.272594395251537E+00  0.963136668068596E-01 
 0.386672273004026E+00  0.291766883154854E+00  0.118173145976630E+00 
 0.371358173674401E+00  0.311024866628395E+00  0.137900370624662E+00 
 0.356254146346628E+00  0.328216916119256E+00  0.155486853129751E+00 
 0.344756282209555E+00  0.340274105234365E+00  0.169310578439715E+00 
 0.472048564005262E+00  0.108689990507775E+00  0.709732672186677E+00 
 0.466666165132257E+00  0.129869361809318E+00  0.696490266106295E+00 
 0.457603338004793E+00  0.158879029021694E+00  0.702621648555997E+00 
 0.441212915558050E+00  0.199936299757630E+00  0.710002558611048E+00 
 0.424700369902527E+00  0.232965569603461E+00  0.718870524464801E+00 
 0.411770501509292E+00  0.255124312645407E+00  0.712398696881968E+00 
 0.395595587517974E+00  0.279548729119467E+00  0.707790262149598E+00 
 0.377084336723905E+00  0.304057171948781E+00  0.704486071510754E+00 
 0.356601672221356E+00  0.327839302379888E+00  0.702556581579672E+00 
 0.394859100207056E+00  0.280588046430482E+00  0.678851921381409E+00 
 0.376201691695100E+00  0.305148567064869E+00  0.675453878706483E+00 
 0.356001426805194E+00  0.328491011945023E+00  0.673519910668212E+00 
 0.467362846564975E+00  0.127339430133364E+00  0.604874265074061E+00 
 0.457274756251336E+00  0.159822270385845E+00  0.613729102529773E+00 
 0.443733698613257E+00  0.194277547676015E+00  0.606268680104198E+00 
 0.428465467088925E+00  0.225966157484429E+00  0.628994440078872E+00 
 0.482929810280324E+00  0.377115255407649E-01  0.615259921637830E+00 
 0.479409171051597E+00  0.693556596654743E-01  0.612520139445860E+00 
 0.473753285712409E+00  0.101000916296376E+00  0.610587626898768E+00 
 0.483349168053490E+00  0.318895368106701E-01  0.642214981289923E+00 
 0.479971959566976E+00  0.653473706085355E-01  0.643037799180948E+00 
 0.473967044803551E+00  0.999930060364221E-01  0.641468421081424E+00 
 0.466014973156140E+00  0.132187009990725E+00  0.632770554823676E+00 
 0.454595716387966E+00  0.167290452380634E+00  0.650356955404593E+00 
 0.442631496886887E+00  0.196775808420855E+00  0.639137205576171E+00 
 0.427619681236027E+00  0.227562670567049E+00  0.661591476242936E+00 
 0.411919262192906E+00  0.254884056485409E+00  0.654046686208465E+00 
 0.394491457038034E+00  0.281104697826289E+00  0.649105093453318E+00 
 0.375681691116165E+00  0.305788534409150E+00  0.645899530016144E+00 
 0.355643969220333E+00  0.328877983412095E+00  0.644058964815407E+00 
 0.394002301111855E+00  0.281789899631913E+00  0.618808249747736E+00 
 0.452569575159146E+00  0.172696671815862E+00  0.272257359039071E-01 
 0.375154069764536E+00  0.306435612739615E+00  0.615996487223226E+00 
 0.355311582463867E+00  0.329237057730478E+00  0.614359339804377E+00 
 0.483035885673153E+00  0.363275923776105E-01  0.581115350010699E+00 
 0.478809882359030E+00  0.733788618836812E-01  0.581508164494168E+00 
 0.472582040843046E+00  0.106346487899845E+00  0.582996974928117E+00 
 0.464654393786519E+00  0.136892860116545E+00  0.582538771663560E+00 
 0.454932082859600E+00  0.166373557998352E+00  0.582349355701916E+00 
 0.444365844053476E+00  0.192827273627590E+00  0.577168283911778E+00 
 0.429747905499554E+00  0.223517557553662E+00  0.592699217755777E+00 
 0.410833502256794E+00  0.256630462415166E+00  0.591668093559359E+00 
 0.393035440998712E+00  0.283136897869119E+00  0.588316618677137E+00 
 0.374409374667029E+00  0.307345051981388E+00  0.585917072816460E+00 
 0.354883698641631E+00  0.329698227557316E+00  0.584573798869991E+00 
 0.461338760459866E+00  0.147681782604893E+00  0.529042390875940E+00 
 0.450898472323364E+00  0.177013921691099E+00  0.526880273808331E+00 
 0.440278574757314E+00  0.201985488156146E+00  0.523235423255272E+00 
 0.425800160672762E+00  0.230949310427761E+00  0.532905198206440E+00 
 0.482326229286824E+00  0.447746508412789E-01  0.522148691254942E+00 
 0.478311121854075E+00  0.765625987457947E-01  0.517513470989198E+00 
 0.471192517050697E+00  0.112343102553909E+00  0.530772075281265E+00 
 0.482697329474635E+00  0.405789222880369E-01  0.550874757366577E+00 
 0.477391563205757E+00  0.821014993527964E-01  0.550476674139593E+00 
 0.421347370164497E+00  0.238976472631658E+00  0.251746267158921E-01 
 0.409149087594355E+00  0.259307510374673E+00  0.459301792740595E-01 
 0.396104270798361E+00  0.278827486936456E+00  0.659628378901060E-01 
 0.383642764553870E+00  0.295739057314826E+00  0.887125279495217E-01 
 0.369500637867265E+00  0.313229371917261E+00  0.109102500912718E+00 
 0.353292879358014E+00  0.331402326803726E+00  0.127798856955075E+00 
 0.470195207897571E+00  0.116446671425889E+00  0.560352145542519E+00 
 0.462760011820074E+00  0.143166100304124E+00  0.556251561733164E+00 
 0.452689025015707E+00  0.172383315452321E+00  0.554075956401152E+00 
 0.438808096509793E+00  0.205160462208148E+00  0.552730346177149E+00 
 0.423403933369399E+00  0.235313556820106E+00  0.566420142413642E+00 
 0.408854971533050E+00  0.259771001208205E+00  0.560868671523692E+00 
 0.391715373111320E+00  0.284960395992599E+00  0.557662051532389E+00 
 0.373398029373549E+00  0.308572961349415E+00  0.555771606636777E+00 
 0.354287782950621E+00  0.330338504670487E+00  0.554847213437867E+00 
 0.390221155988200E+00  0.287003153702589E+00  0.526751274102848E+00 
 0.371986681354436E+00  0.310272895546663E+00  0.525754726106816E+00 
 0.353376121197107E+00  0.331313564140811E+00  0.525285677699191E+00 
 0.482407384793108E+00  0.438916383047898E-01  0.452354236557514E+00 
 0.478498485436290E+00  0.753827583150787E-01  0.466101567012564E+00 
 0.469807788885841E+00  0.118000009822903E+00  0.469885462065508E+00 
 0.482193884594947E+00  0.461781168438108E-01  0.485163105892981E+00 
 0.475221864404518E+00  0.938484970998786E-01  0.495548428269645E+00 
 0.467935175919336E+00  0.125219934328954E+00  0.505351820747137E+00 
 0.459259084328857E+00  0.154027446506864E+00  0.500854576543126E+00 
 0.448179526049618E+00  0.183789208730943E+00  0.500134225891562E+00 
 0.435704667926862E+00  0.211671450986550E+00  0.501446035770600E+00 
 0.421611289802764E+00  0.238510547202544E+00  0.501208172337863E+00 
 0.405542652279571E+00  0.264912283592237E+00  0.497483465120677E+00 
 0.387786820669951E+00  0.290283899881978E+00  0.495436234715369E+00 
 0.369611134008418E+00  0.313098978652133E+00  0.496498146915085E+00 
 0.351814604302750E+00  0.332971237519549E+00  0.495688506243057E+00 
 0.482526922348139E+00  0.425573733357352E-01  0.426259969400573E+00 
 0.478446182571853E+00  0.757140092613913E-01  0.431095612191873E+00 
 0.471350929922757E+00  0.111676594132170E+00  0.436889309896081E+00 
 0.463094127460316E+00  0.142081631211687E+00  0.438900118811791E+00 
 0.451210684628691E+00  0.176216568156667E+00  0.449315004595933E+00 
 0.437630816915144E+00  0.207659887561830E+00  0.449387463509340E+00 
 0.420253128817544E+00  0.240895555241419E+00  0.468343904734816E+00 
 0.403263391396003E+00  0.268369144977206E+00  0.464915222731524E+00 
 0.383613381610630E+00  0.295777169952745E+00  0.462506469800403E+00 
 0.364989348190938E+00  0.318474703113375E+00  0.471075260164433E+00 
 0.350183737434586E+00  0.334685988431463E+00  0.460442276494326E+00 
 0.482145190407215E+00  0.466837892977449E-01  0.402287883817586E+00 
 0.479004476147418E+00  0.720976604804197E-01  0.391855900862937E+00 
 0.471893084750697E+00  0.109363053086869E+00  0.407152609800782E+00 
 0.463817559288186E+00  0.139701941689999E+00  0.409754060318749E+00 
 0.452176156932682E+00  0.173724160431403E+00  0.414499262221028E+00 
 0.438457575350830E+00  0.205908512289996E+00  0.421658720088853E+00 
 0.422749920804370E+00  0.236486501255160E+00  0.427853484835313E+00 
 0.400871442579568E+00  0.271929121905283E+00  0.433491169817985E+00 
 0.384557187293174E+00  0.294549029054860E+00  0.430423757732201E+00 
 0.368522897780531E+00  0.314379125622930E+00  0.443030395041035E+00 
 0.353563981605976E+00  0.331113079969561E+00  0.428732025693283E+00 
 0.482425386402825E+00  0.436933332453491E-01  0.375482424586994E+00 
 0.480234822451431E+00  0.633867188064961E-01  0.364253477863968E+00 
 0.475522768884817E+00  0.923117386258591E-01  0.369917475897255E+00 
 0.465709856584957E+00  0.133257983984542E+00  0.378103676152697E+00 
 0.453907912293730E+00  0.169147769636944E+00  0.375273859981316E+00 
 0.407151627391079E+00  0.262432683042337E+00  0.206884389427092E-01 
 0.391107073363100E+00  0.285794713004544E+00  0.319618682151562E-01 
 0.377755614860333E+00  0.303222783209786E+00  0.595713870412472E-01 
 0.367773804641924E+00  0.315255118015872E+00  0.829373559027257E-01 
 0.352242447113994E+00  0.332518599881488E+00  0.974803338315458E-01 
 0.439340725385890E+00  0.204017371401084E+00  0.394537072970703E+00 
 0.424996324952950E+00  0.232425223658049E+00  0.394132061086408E+00 
 0.410395719682305E+00  0.257329971209044E+00  0.402600018316776E+00 
 0.394181688593888E+00  0.281538908844356E+00  0.408917557317393E+00 
 0.374778680337148E+00  0.306894609891968E+00  0.404645554339898E+00 
 0.356067218698937E+00  0.328419695791837E+00  0.404118057397058E+00 
 0.398803619345191E+00  0.274952785061685E+00  0.377553327310771E+00 
 0.381131997825685E+00  0.298967826110771E+00  0.368752624314157E+00 
 0.358422052181831E+00  0.325848113890143E+00  0.373468288930787E+00 
 0.483064234824097E+00  0.359486557441440E-01  0.343913783241043E+00 
 0.479450280212421E+00  0.690709028480414E-01  0.340136894564996E+00 
 0.473206786077198E+00  0.103531147132156E+00  0.341929969941167E+00 
 0.463465085895305E+00  0.140866869675104E+00  0.343228893550587E+00 
 0.451673957719820E+00  0.175025703065921E+00  0.343288492765525E+00 
 0.439569582103114E+00  0.203523815082418E+00  0.345371258419281E+00 
 0.426730140268144E+00  0.229226412532978E+00  0.347510157979373E+00 
 0.411988337987041E+00  0.254772388964504E+00  0.347285135435209E+00 
 0.395106000445325E+00  0.280240270532447E+00  0.345388298970831E+00 
 0.376342934677714E+00  0.304974353567908E+00  0.341384073527955E+00 
 0.355601646510449E+00  0.328923744681129E+00  0.337044938981934E+00 
 0.462129639343315E+00  0.145188006586021E+00  0.275798603643745E+00 
 0.450120092649619E+00  0.178983974168373E+00  0.283989554828530E+00 
 0.434776898330316E+00  0.213570619454733E+00  0.300675482951770E+00 
 0.420567320708397E+00  0.240346602988616E+00  0.296941449372673E+00 
 0.482519297510501E+00  0.426437374766357E-01  0.287830445654923E+00 
 0.477956487291435E+00  0.787461559191672E-01  0.282458917153998E+00 
 0.470500978786589E+00  0.115204990242916E+00  0.281965541896854E+00 
 0.482895136765433E+00  0.381529514493416E-01  0.314648507705419E+00 
 0.478666950584094E+00  0.743055262718567E-01  0.312433189947600E+00 
 0.471529240825525E+00  0.110921304817936E+00  0.311943837135885E+00 
 0.460213257390174E+00  0.151152633249740E+00  0.309028994713615E+00 
 0.445635006042128E+00  0.189875754655089E+00  0.317940775570127E+00 
 0.434195895078246E+00  0.214749355093814E+00  0.326385678429352E+00 
 0.422742903285844E+00  0.236499045531822E+00  0.322725035219856E+00 
 0.408193783212362E+00  0.260808734828386E+00  0.320260464896384E+00 
 0.391716152439695E+00  0.284959324700634E+00  0.316773222503317E+00 
 0.373717791651045E+00  0.308185614556331E+00  0.312240156736137E+00 
 0.369944735612906E+00  0.312704738384782E+00  0.301352266671646E-01 
 0.355514023072807E+00  0.329018449656835E+00  0.619252455454017E-01 
 0.354507335252317E+00  0.330102878006692E+00  0.306622296048391E+00 
 0.389364363593719E+00  0.288164455093367E+00  0.288612368474820E+00 
 0.372047945533044E+00  0.310199431077232E+00  0.283763561189752E+00 
 0.353694576879733E+00  0.330973574627744E+00  0.279494701863236E+00 
 0.460897579680092E+00  0.149052949856883E+00  0.213375743914193E+00 
 0.446756019365072E+00  0.187222915202927E+00  0.228912554833930E+00 
 0.431954220553937E+00  0.219223429773482E+00  0.232599449144899E+00 
 0.418470277101717E+00  0.243979482740698E+00  0.247067393453665E+00 
 0.482438831986799E+00  0.435446231722949E-01  0.227048165340016E+00 
 0.478596615320121E+00  0.747572111581016E-01  0.217954509675268E+00 
 0.471011866805089E+00  0.113098108493442E+00  0.224673422272124E+00 
 0.482817178337645E+00  0.391271404280616E-01  0.254467685047616E+00 
 0.476970582095130E+00  0.845128666644657E-01  0.250020084073595E+00 
 0.468524898133303E+00  0.122995043173232E+00  0.255526160290218E+00 
 0.458923221469898E+00  0.155025280556740E+00  0.247456764289247E+00 
 0.447926080845868E+00  0.184406038171387E+00  0.256588853118347E+00 
 0.433646105428755E+00  0.215857397516235E+00  0.265691295837679E+00 
 0.416613115312168E+00  0.247137356475901E+00  0.273612838192579E+00 
 0.403518128122866E+00  0.267985971819834E+00  0.265986584460716E+00 
 0.387789266189519E+00  0.290280632912692E+00  0.260423391379367E+00 
 0.370697956848675E+00  0.311811458423540E+00  0.255486321469294E+00 
 0.352883897305321E+00  0.331837785429278E+00  0.250791502816366E+00 
 0.386315019665252E+00  0.292239741303325E+00  0.232657037013686E+00 
 0.369345676114377E+00  0.313412080736546E+00  0.227268464364358E+00 
 0.352442552146520E+00  0.332306497457463E+00  0.220395601452415E+00 
 0.483106064730876E+00  0.353820722435463E-01  0.166548969428433E+00 
 0.479982937462700E+00  0.652666879862131E-01  0.166568244358636E+00 
 0.472151467126878E+00  0.108242103203635E+00  0.164668351978174E+00 
 0.351486489199845E+00  0.333317579383337E+00  0.278831077377991E-01 
 0.482637230472068E+00  0.412875838267983E-01  0.192710850694877E+00 
 0.476308075761433E+00  0.881701637769468E-01  0.193030312674776E+00 
 0.469224108623661E+00  0.120300027856767E+00  0.196161146096888E+00 
 0.462490494369940E+00  0.144034382816927E+00  0.182846443528430E+00 
 0.451502257913923E+00  0.175468150712986E+00  0.195222159324411E+00 
 0.437977489287180E+00  0.206927716108082E+00  0.205041629186054E+00 
 0.420325795590799E+00  0.240768740448109E+00  0.213868655975087E+00 
 0.400829869807262E+00  0.271990397415599E+00  0.203413861352338E+00 
 0.382960708688944E+00  0.296621739622132E+00  0.208218671064207E+00 
 0.369241636932473E+00  0.313534646205847E+00  0.197942077267593E+00 
 0.353275499588140E+00  0.331420853608747E+00  0.187434511218247E+00 
 0.491942989187693E+00  0.000000000000000E+00  0.979683976108257E+00 
 0.491796236438000E+00  0.000000000000000E+00  0.947560660955156E+00 
 0.492212667135091E+00  0.000000000000000E+00  0.912115245767728E+00 
 0.492178588460555E+00  0.000000000000000E+00  0.880331806500328E+00 
 0.492253670829200E+00  0.000000000000000E+00  0.849621661936480E+00 
 0.492192003170224E+00  0.000000000000000E+00  0.818205128081631E+00 
 0.492209921035127E+00  0.000000000000000E+00  0.783748128802503E+00 
 0.492224109213802E+00  0.000000000000000E+00  0.748865052863337E+00 
 0.492172735456016E+00  0.000000000000000E+00  0.715107954455142E+00 
 0.492226963055287E+00  0.000000000000000E+00  0.683366051966862E+00 
 0.492179409782103E+00  0.000000000000000E+00  0.652348511725432E+00 
 0.492230698179449E+00  0.000000000000000E+00  0.621850560044998E+00 
 0.492174459543043E+00  0.000000000000000E+00  0.590902780676426E+00 
 0.492217796104762E+00  0.000000000000000E+00  0.559988034018903E+00 
 0.492204209388915E+00  0.000000000000000E+00  0.529070959246608E+00 
 0.492167405987329E+00  0.000000000000000E+00  0.496860997168267E+00 
 0.492208909593149E+00  0.000000000000000E+00  0.465325184114771E+00 
 0.492175963776906E+00  0.000000000000000E+00  0.435048772238740E+00 
 0.492221442006938E+00  0.000000000000000E+00  0.406396699188664E+00 
 0.492219867998237E+00  0.000000000000000E+00  0.379185312488878E+00 
 0.492207897048498E+00  0.000000000000000E+00  0.351995383156293E+00 
 0.492202039369604E+00  0.000000000000000E+00  0.324303987962502E+00 
 0.492207732131294E+00  0.000000000000000E+00  0.296062027803996E+00 
 0.492134099442125E+00  0.000000000000000E+00  0.267126006872677E+00 
 0.492234791315278E+00  0.000000000000000E+00  0.231998755290735E-01 
 0.492241223894874E+00  0.000000000000000E+00  0.238219609873307E+00 
 0.492174711513320E+00  0.000000000000000E+00  0.208357705965571E+00 
 0.492180657870984E+00  0.000000000000000E+00  0.179515782745447E+00 
 0.492168721067344E+00  0.000000000000000E+00  0.151111413598311E+00 
 0.492253200209780E+00  0.000000000000000E+00  0.121264215017033E+00 
 0.492203234205432E+00  0.000000000000000E+00  0.899911441011678E-01 
 0.492204728194793E+00  0.000000000000000E+00  0.577524447179691E-01 
