 0.500000000000000E+00 -0.462592926927149E-17  0.000000000000000E+00 
 0.331863605311498E+00  0.373987362713841E+00  0.000000000000000E+00 
 0.347540915195764E+00  0.359465314411406E+00  0.000000000000000E+00 
 0.365278542663234E+00  0.341425813713351E+00  0.000000000000000E+00 
 0.383934394224375E+00  0.320303576207888E+00  0.000000000000000E+00 
 0.402742155766729E+00  0.296308548591443E+00  0.000000000000000E+00 
 0.420958838245790E+00  0.269802995726058E+00  0.000000000000000E+00 
 0.438066992734857E+00  0.241033835542314E+00  0.000000000000000E+00 
 0.453926135445702E+00  0.209645089518763E+00  0.000000000000000E+00 
 0.467040994379734E+00  0.178529296107919E+00  0.000000000000000E+00 
 0.477264921078342E+00  0.149057690536528E+00  0.000000000000000E+00 
 0.485043819568577E+00  0.121377481842087E+00  0.000000000000000E+00 
 0.491040413148941E+00  0.942301048206892E-01  0.000000000000000E+00 
 0.495515707745900E+00  0.668145446521914E-01  0.000000000000000E+00 
 0.498347386931392E+00  0.406187387624582E-01  0.000000000000000E+00 
 0.499694691246451E+00  0.174704190022427E-01  0.000000000000000E+00 
 0.317000013869256E+00  0.386666511618076E+00  0.000000000000000E+00 
 0.317000013869256E+00  0.357618123449800E+00  0.000000000000000E+00 
 0.317000013869256E+00  0.372742039332041E+00  0.000000000000000E+00 
 0.317000013869256E+00  0.342928570056178E+00  0.000000000000000E+00 
 0.466426306645616E+00  0.231411629528501E-01  0.000000000000000E+00 
 0.463604655085004E+00  0.562115356257007E-01  0.000000000000000E+00 
 0.458737177002785E+00  0.874597929874124E-01  0.000000000000000E+00 
 0.452790057584086E+00  0.114324873526643E+00  0.000000000000000E+00 
 0.445151191382593E+00  0.141171632293955E+00  0.000000000000000E+00 
 0.433964902980033E+00  0.172520943468943E+00  0.000000000000000E+00 
 0.418791372971844E+00  0.206646555447325E+00  0.000000000000000E+00 
 0.402590887762599E+00  0.236663453123649E+00  0.000000000000000E+00 
 0.385247115658345E+00  0.263957710307560E+00  0.000000000000000E+00 
 0.367237420790988E+00  0.288488630147990E+00  0.000000000000000E+00 
 0.348823434545844E+00  0.310501569183670E+00  0.000000000000000E+00 
 0.330436643134279E+00  0.330000966404691E+00  0.000000000000000E+00 
 0.467000013869266E+00  0.000000000000000E+00  0.000000000000000E+00 
 0.483778103004634E+00  0.000000000000000E+00  0.000000000000000E+00 
 0.457796864950327E+00  0.155649064778696E+00  0.000000000000000E+00 
 0.465140549347056E+00  0.131233501473166E+00  0.000000000000000E+00 
 0.471738297346764E+00  0.104980790714316E+00  0.000000000000000E+00 
 0.476591617120837E+00  0.809236546006063E-01  0.000000000000000E+00 
 0.317000013869256E+00  0.386666511618076E+00  0.100000000000000E+01 
 0.499547639371232E+00  0.212639600881394E-01  0.100000000000000E+01 
 0.497601353980291E+00  0.489172006249410E-01  0.100000000000000E+01 
 0.493960672356788E+00  0.774780882884303E-01  0.100000000000000E+01 
 0.488329922799842E+00  0.107395933341540E+00  0.100000000000000E+01 
 0.480767934698100E+00  0.137339699162783E+00  0.100000000000000E+01 
 0.472308252785688E+00  0.164088129828244E+00  0.100000000000000E+01 
 0.461403274991244E+00  0.192631819353280E+00  0.100000000000000E+01 
 0.447210702744977E+00  0.223612583166386E+00  0.100000000000000E+01 
 0.429290919697047E+00  0.256338265316874E+00  0.100000000000000E+01 
 0.411198939792924E+00  0.284456379631703E+00  0.100000000000000E+01 
 0.391635117357888E+00  0.310840690470332E+00  0.100000000000000E+01 
 0.372767896597702E+00  0.333232794403739E+00  0.100000000000000E+01 
 0.355660997407705E+00  0.351433144314757E+00  0.100000000000000E+01 
 0.339275748746361E+00  0.367276416766168E+00  0.100000000000000E+01 
 0.327129180881521E+00  0.378135556402443E+00  0.100000000000000E+01 
 0.500000000000000E+00 -0.462592926927149E-17  0.100000000000000E+01 
 0.482376180547483E+00  0.000000000000000E+00  0.100000000000000E+01 
 0.467000013869266E+00  0.000000000000000E+00  0.100000000000000E+01 
 0.317000013869256E+00  0.342928570056178E+00  0.100000000000000E+01 
 0.333845882355120E+00  0.326551588249717E+00  0.100000000000000E+01 
 0.352854403427906E+00  0.305913031653469E+00  0.100000000000000E+01 
 0.372516570743580E+00  0.281638806763779E+00  0.100000000000000E+01 
 0.391934148032089E+00  0.253922501090877E+00  0.100000000000000E+01 
 0.409416406335095E+00  0.224649102329709E+00  0.100000000000000E+01 
 0.425407503561593E+00  0.192658944426098E+00  0.100000000000000E+01 
 0.437495343625499E+00  0.163361064087771E+00  0.100000000000000E+01 
 0.448147470011158E+00  0.131350135426195E+00  0.100000000000000E+01 
 0.456042899396465E+00  0.100567822209443E+00  0.100000000000000E+01 
 0.461103530416594E+00  0.739766665323583E-01  0.100000000000000E+01 
 0.464685007520026E+00  0.464419717496685E-01  0.100000000000000E+01 
 0.466570024788624E+00  0.200355913968915E-01  0.100000000000000E+01 
 0.317000013869256E+00  0.370549013995055E+00  0.100000000000000E+01 
 0.317000013869256E+00  0.356667095838301E+00  0.100000000000000E+01 
 0.482207715487451E+00  0.337358042447247E-01  0.100000000000000E+01 
 0.479336609103197E+00  0.618773062610203E-01  0.100000000000000E+01 
 0.474996051169145E+00  0.896341284709683E-01  0.100000000000000E+01 
 0.469597183378053E+00  0.114573722109618E+00  0.100000000000000E+01 
 0.333862749535489E+00  0.348627917048956E+00  0.100000000000000E+01 
 0.500000000000000E+00 -0.138777878078145E-16  0.976603695818394E+00 
 0.500000000000000E+00 -0.138777878078145E-16  0.950238092620962E+00 
 0.500000000000000E+00 -0.138777878078145E-16  0.920532052177900E+00 
 0.500000000000000E+00 -0.138777878078145E-16  0.890432017289893E+00 
 0.500000000000000E+00 -0.138777878078145E-16  0.859106240902872E+00 
 0.500000000000000E+00 -0.138777878078145E-16  0.827477795102665E+00 
 0.500000000000000E+00 -0.138777878078145E-16  0.795499185510805E+00 
 0.500000000000000E+00 -0.138777878078145E-16  0.758741917227195E+00 
 0.500000000000000E+00 -0.138777878078145E-16  0.722783157791097E+00 
 0.500000000000000E+00 -0.138777878078145E-16  0.690803240243253E+00 
 0.500000000000000E+00 -0.138777878078145E-16  0.659072097974257E+00 
 0.500000000000000E+00 -0.138777878078145E-16  0.628114017837380E+00 
 0.500000000000000E+00 -0.138777878078145E-16  0.597816775776509E+00 
 0.500000000000000E+00 -0.138777878078145E-16  0.567656261655934E+00 
 0.500000000000000E+00 -0.138777878078145E-16  0.538510469051983E+00 
 0.500000000000000E+00 -0.138777878078145E-16  0.509231244091031E+00 
 0.500000000000000E+00 -0.138777878078145E-16  0.478695230660142E+00 
 0.500000000000000E+00 -0.138777878078145E-16  0.448062956384540E+00 
 0.500000000000000E+00 -0.138777878078145E-16  0.418848647536101E+00 
 0.500000000000000E+00 -0.138777878078145E-16  0.389999264059663E+00 
 0.500000000000000E+00 -0.138777878078145E-16  0.360233622502934E+00 
 0.500000000000000E+00 -0.138777878078145E-16  0.330907388456710E+00 
 0.500000000000000E+00 -0.138777878078145E-16  0.302115092767531E+00 
 0.500000000000000E+00 -0.138777878078145E-16  0.272737589835698E+00 
 0.500000000000000E+00 -0.138777878078145E-16  0.242730293285483E+00 
 0.500000000000000E+00 -0.138777878078145E-16  0.213358296594631E+00 
 0.500000000000000E+00 -0.138777878078145E-16  0.185058873761255E+00 
 0.500000000000000E+00 -0.138777878078145E-16  0.159402613130261E+00 
 0.500000000000000E+00 -0.138777878078145E-16  0.131354192998420E+00 
 0.500000000000000E+00 -0.138777878078145E-16  0.996373978189584E-01 
 0.500000000000000E+00 -0.138777878078145E-16  0.675932119625537E-01 
 0.500000000000000E+00 -0.138777878078145E-16  0.394854084267752E-01 
 0.500000000000000E+00 -0.138777878078145E-16  0.169279298934861E-01 
 0.317000013869256E+00  0.386666511618076E+00  0.236530892991327E-01 
 0.317000013869256E+00  0.386666511618076E+00  0.512197231070698E-01 
 0.317000013869256E+00  0.386666511618076E+00  0.757889649432650E-01 
 0.317000013869256E+00  0.386666511618076E+00  0.106749566506392E+00 
 0.317000013869256E+00  0.386666511618076E+00  0.139560931998505E+00 
 0.317000013869256E+00  0.386666511618076E+00  0.172980751948632E+00 
 0.317000013869256E+00  0.386666511618076E+00  0.204833233058676E+00 
 0.317000013869256E+00  0.386666511618076E+00  0.237675912903078E+00 
 0.317000013869256E+00  0.386666511618076E+00  0.277373723495680E+00 
 0.317000013869256E+00  0.386666511618076E+00  0.313412795823179E+00 
 0.317000013869256E+00  0.386666511618076E+00  0.341795302848751E+00 
 0.317000013869256E+00  0.386666511618076E+00  0.371751948418541E+00 
 0.317000013869256E+00  0.386666511618076E+00  0.404210399975054E+00 
 0.317000013869256E+00  0.386666511618076E+00  0.430905280742287E+00 
 0.317000013869256E+00  0.386666511618076E+00  0.458595924787097E+00 
 0.317000013869256E+00  0.386666511618076E+00  0.488586295847451E+00 
 0.317000013869256E+00  0.386666511618076E+00  0.519182040911783E+00 
 0.317000013869256E+00  0.386666511618076E+00  0.549546692607723E+00 
 0.317000013869256E+00  0.386666511618076E+00  0.579519834340633E+00 
 0.317000013869256E+00  0.386666511618076E+00  0.609587003978376E+00 
 0.317000013869256E+00  0.386666511618076E+00  0.640107895737520E+00 
 0.317000013869256E+00  0.386666511618076E+00  0.671024886700336E+00 
 0.317000013869256E+00  0.386666511618076E+00  0.701701463605966E+00 
 0.317000013869256E+00  0.386666511618076E+00  0.732021589958857E+00 
 0.317000013869256E+00  0.386666511618076E+00  0.762869851340058E+00 
 0.317000013869256E+00  0.386666511618076E+00  0.794751354080003E+00 
 0.317000013869256E+00  0.386666511618076E+00  0.820156472119911E+00 
 0.317000013869256E+00  0.386666511618076E+00  0.846309907830536E+00 
 0.317000013869256E+00  0.386666511618076E+00  0.873231473310644E+00 
 0.317000013869256E+00  0.386666511618076E+00  0.904962158563520E+00 
 0.317000013869256E+00  0.386666511618076E+00  0.935573909966321E+00 
 0.317000013869256E+00  0.386666511618076E+00  0.958582891352960E+00 
 0.317000013869256E+00  0.386666511618076E+00  0.981633794652900E+00 
 0.444017599399557E+00  0.229887736566034E+00  0.915554375447066E+00 
 0.426097418202517E+00  0.261612289851126E+00  0.919136555871873E+00 
 0.440570234535358E+00  0.236427300541753E+00  0.825647673410829E+00 
 0.436546350718459E+00  0.243777118849157E+00  0.885057735359004E+00 
 0.445830604535403E+00  0.226351655747418E+00  0.856812028995381E+00 
 0.451953483916433E+00  0.213864556146639E+00  0.887083300363952E+00 
 0.457734707877694E+00  0.201193780232197E+00  0.915059191032818E+00 
 0.458147776877534E+00  0.200251378377712E+00  0.155558386975426E+00 
 0.459800484702510E+00  0.196426867478299E+00  0.125051446410821E+00 
 0.445129994471776E+00  0.227726344592708E+00  0.109846019926274E+00 
 0.457317628749002E+00  0.202140016907563E+00  0.920038594672033E-01 
 0.350753024577888E+00  0.356331749566978E+00  0.830495358098804E+00 
 0.350065100022858E+00  0.357007599003140E+00  0.804500942819713E+00 
 0.363317263846460E+00  0.343512104286184E+00  0.821424356590452E+00 
 0.338842707086903E+00  0.367675971276366E+00  0.173025773324710E-01 
 0.367169418810896E+00  0.339391540687256E+00  0.799128260627202E+00 
 0.367676713130135E+00  0.338841902104537E+00  0.848267843478742E+00 
 0.379024284941254E+00  0.326099051554541E+00  0.824454658144488E+00 
 0.384634438162648E+00  0.319462594022061E+00  0.798288392897861E+00 
 0.388762749592369E+00  0.314425705897881E+00  0.853110672145102E+00 
 0.396737113097200E+00  0.304301927518213E+00  0.825352888612168E+00 
 0.401971625952796E+00  0.297353008945370E+00  0.797443572191589E+00 
 0.400041931935064E+00  0.299944082611512E+00  0.881299522064161E+00 
 0.408486843517308E+00  0.288337473584802E+00  0.852933429913471E+00 
 0.413719297865884E+00  0.280778102018943E+00  0.823908605187728E+00 
 0.418181588098778E+00  0.274087867982485E+00  0.795695228447422E+00 
 0.409869468622248E+00  0.286368676169927E+00  0.906134697463611E+00 
 0.419264099394450E+00  0.272429100793143E+00  0.881841432573994E+00 
 0.428138057123225E+00  0.258259179977692E+00  0.849865646439205E+00 
 0.427488755486968E+00  0.259332535429327E+00  0.818640675091258E+00 
 0.433452087989241E+00  0.249237411753868E+00  0.795691391228435E+00 
 0.446925188283309E+00  0.224182684607730E+00  0.966697710942223E+00 
 0.437847161358502E+00  0.241432937459457E+00  0.946341231703381E+00 
 0.451664080047578E+00  0.214475077327823E+00  0.941875620958653E+00 
 0.462881839252326E+00  0.189051323429338E+00  0.940661086093120E+00 
 0.454288760340934E+00  0.208858139003242E+00  0.830746572117620E+00 
 0.459751457644382E+00  0.196541591511481E+00  0.860695278935727E+00 
 0.464656850141770E+00  0.184645637956407E+00  0.889545744776967E+00 
 0.468931629063475E+00  0.173502528119549E+00  0.917152037272835E+00 
 0.355026466275990E+00  0.352074151626590E+00  0.201903824071795E-01 
 0.342152260756683E+00  0.364598176708402E+00  0.382808538866027E-01 
 0.331381364371503E+00  0.374414731744467E+00  0.556656526480261E-01 
 0.447717405439130E+00  0.222596327163891E+00  0.799385141393828E+00 
 0.460899950509000E+00  0.193833009626330E+00  0.805280549929556E+00 
 0.466694103305962E+00  0.179434149312343E+00  0.835080806128014E+00 
 0.471356609953041E+00  0.166802117053641E+00  0.864350687765945E+00 
 0.475044488889177E+00  0.155989530341047E+00  0.893462190720601E+00 
 0.466661319106570E+00  0.179519395190927E+00  0.782153919014880E+00 
 0.472354589504851E+00  0.163954694271631E+00  0.809793854546329E+00 
 0.477435147213721E+00  0.148511549062733E+00  0.838305034073433E+00 
 0.480846185515415E+00  0.137065480246761E+00  0.869045440627599E+00 
 0.475859047427524E+00  0.153486699688829E+00  0.785053993030703E+00 
 0.482745129868907E+00  0.130219582198116E+00  0.807878149985748E+00 
 0.486168411618865E+00  0.116791590210896E+00  0.843570701833823E+00 
 0.488716766276713E+00  0.105621599874423E+00  0.788816978564186E+00 
 0.491097369207231E+00  0.939328161918791E-01  0.818826769038142E+00 
 0.495326077452935E+00  0.682061360516006E-01  0.787538681914821E+00 
 0.360362345409582E+00  0.346610703831986E+00  0.211891871806541E+00 
 0.383269471495319E+00  0.321098913451446E+00  0.219875337276894E+00 
 0.377778146724695E+00  0.327541862755366E+00  0.190154920766197E+00 
 0.397856008682090E+00  0.302837574213565E+00  0.200125954134751E+00 
 0.392986276152929E+00  0.309130695265698E+00  0.169254439712192E+00 
 0.414400328482673E+00  0.279771992439295E+00  0.211467734203430E+00 
 0.415416442487462E+00  0.278260991357146E+00  0.179687255141603E+00 
 0.406612061050954E+00  0.290975311337398E+00  0.146501398973187E+00 
 0.430477982069407E+00  0.254339747097168E+00  0.208684115057746E+00 
 0.436661969621504E+00  0.243569957684171E+00  0.178839033411976E+00 
 0.373225506252773E+00  0.332720184963824E+00  0.215343065482031E-01 
 0.361009949664402E+00  0.345936144748284E+00  0.420085583557395E-01 
 0.348288192885869E+00  0.358741320029204E+00  0.616104778457178E-01 
 0.334786421885371E+00  0.371373197365118E+00  0.819972731360629E-01 
 0.425850018768854E+00  0.262014811632028E+00  0.150325419847896E+00 
 0.417753090070624E+00  0.274740524379723E+00  0.121963887646869E+00 
 0.448507525561811E+00  0.220999998901407E+00  0.212491077090880E+00 
 0.452592475496152E+00  0.212508943633593E+00  0.180282275186274E+00 
 0.444704588513895E+00  0.228555964600987E+00  0.146137412198088E+00 
 0.432935917148695E+00  0.250132947934929E+00  0.125160837334605E+00 
 0.429384325903349E+00  0.256181772709392E+00  0.988623420154124E-01 
 0.497550542818069E+00  0.494313396687232E-01  0.205054280151595E+00 
 0.494245673944785E+00  0.756387056133647E-01  0.187294501786564E+00 
 0.489976399068569E+00  0.996149002699818E-01  0.165228137474859E+00 
 0.489204929103263E+00  0.103337008574234E+00  0.194482040518788E+00 
 0.485073678052606E+00  0.121258100185173E+00  0.142844589217176E+00 
 0.482199113246165E+00  0.132227134827207E+00  0.199037648885088E+00 
 0.483573335363617E+00  0.127109517052451E+00  0.170465115390467E+00 
 0.473364072065709E+00  0.161016940963894E+00  0.202890244529769E+00 
 0.475345704501187E+00  0.155069214263405E+00  0.174857456647218E+00 
 0.477509098378385E+00  0.148273601716090E+00  0.147951247210066E+00 
 0.479299317195853E+00  0.142380351648636E+00  0.121056345899361E+00 
 0.462511094072883E+00  0.189956542028709E+00  0.206659072400025E+00 
 0.465282503482649E+00  0.183063355024753E+00  0.178590978486097E+00 
 0.468244835341570E+00  0.175347581038194E+00  0.151778132424066E+00 
 0.471349188097762E+00  0.166823088568640E+00  0.128268038908038E+00 
 0.470660121622579E+00  0.168757369955268E+00  0.100709045159942E+00 
 0.442769830834085E+00  0.232281891035775E+00  0.760247658605313E-01 
 0.466171014763480E+00  0.180788785588010E+00  0.755923494669061E-01 
 0.457458113797499E+00  0.201821887120388E+00  0.616628408510119E-01 
 0.447816512099114E+00  0.222396878331024E+00  0.478407310894079E-01 
 0.330626696271805E+00  0.375081308135172E+00  0.977870442247444E+00 
 0.333059724717148E+00  0.372922538567110E+00  0.954031046513475E+00 
 0.345883943332718E+00  0.361059964195159E+00  0.975819271013930E+00 
 0.335485214256487E+00  0.370742054554482E+00  0.928758815713441E+00 
 0.350326245312922E+00  0.356751344559415E+00  0.950264158214754E+00 
 0.363044230460288E+00  0.343800649693245E+00  0.973848961488559E+00 
 0.330057461539179E+00  0.375582310662141E+00  0.884530132778016E+00 
 0.340186747684482E+00  0.366432772415152E+00  0.903817680491271E+00 
 0.392015161738997E+00  0.310361262026607E+00  0.223319774167740E-01 
 0.380012252467856E+00  0.324947207980475E+00  0.439927399540822E-01 
 0.367185965800228E+00  0.339373638515654E+00  0.649573467896543E-01 
 0.353936884390234E+00  0.353169480374698E+00  0.855653917583740E-01 
 0.340659222095850E+00  0.365993571529679E+00  0.106181432804701E+00 
 0.330932156902736E+00  0.374811829492751E+00  0.126279747229475E+00 
 0.354675190368912E+00  0.352428020078961E+00  0.924052729245797E+00 
 0.368949349013793E+00  0.337455742079310E+00  0.946409535928017E+00 
 0.381597170881603E+00  0.323084507791934E+00  0.971811881492105E+00 
 0.327085952551564E+00  0.378172949380883E+00  0.835338628695393E+00 
 0.331786802246137E+00  0.374055501035987E+00  0.859155350016502E+00 
 0.344968907594208E+00  0.361934321104339E+00  0.878972692800713E+00 
 0.358964414005564E+00  0.348058255867666E+00  0.897421039486526E+00 
 0.374055545368703E+00  0.331786752265551E+00  0.917333820109353E+00 
 0.388236262683421E+00  0.315075553379836E+00  0.941970681940641E+00 
 0.401178862946525E+00  0.298421714901804E+00  0.968995627742264E+00 
 0.334125945693476E+00  0.371967542151785E+00  0.814965772775470E+00 
 0.436474367770596E+00  0.243905978358996E+00  0.975677455194025E+00 
 0.338863321212709E+00  0.367656972648000E+00  0.839240773932565E+00 
 0.349278155501719E+00  0.357777542740342E+00  0.854961332233346E+00 
 0.360383194422317E+00  0.346589026338063E+00  0.872635529287647E+00 
 0.378417428806877E+00  0.326803074610983E+00  0.883161897623366E+00 
 0.393153675735443E+00  0.308917767788954E+00  0.911172136993501E+00 
 0.407467585167012E+00  0.289776063604577E+00  0.936013160821718E+00 
 0.421562595059589E+00  0.268858658864887E+00  0.964026558837150E+00 
 0.498913480665336E+00  0.329444807274123E-01  0.977561771481729E+00 
 0.499599443588063E+00  0.200098967138265E-01  0.958456913864129E+00 
 0.496379415544286E+00  0.600622662235821E-01  0.973998391836535E+00 
 0.498171588110422E+00  0.427208239567032E-01  0.952156766501954E+00 
 0.499491668359235E+00  0.225404800239026E-01  0.934551594323152E+00 
 0.492387595569654E+00  0.869163720431052E-01  0.969061663688598E+00 
 0.495359652872555E+00  0.679618592004498E-01  0.945248825145926E+00 
 0.497740012989518E+00  0.474855711684519E-01  0.924410336152104E+00 
 0.499385738998043E+00  0.247766762375220E-01  0.906403397316167E+00 
 0.482740128067786E+00  0.130238123270789E+00  0.976248985051070E+00 
 0.487228959811053E+00  0.112285086816725E+00  0.959332426572234E+00 
 0.491135163719112E+00  0.937350039131668E-01  0.937350508424922E+00 
 0.494559243489146E+00  0.735605511088940E-01  0.915317445168995E+00 
 0.497362878296589E+00  0.512851566491890E-01  0.894722171697221E+00 
 0.499283801519504E+00  0.267522997185812E-01  0.876085205461323E+00 
 0.467138881054526E+00  0.178273009194115E+00  0.981679287760025E+00 
 0.475192787553529E+00  0.155537180947535E+00  0.973246969391160E+00 
 0.480544976551396E+00  0.138117795780335E+00  0.950378277871983E+00 
 0.485408410139373E+00  0.119911114438849E+00  0.929110587876639E+00 
 0.489817269753003E+00  0.100394433370156E+00  0.906778189308130E+00 
 0.493723325421440E+00  0.789764391118937E-01  0.884523814210031E+00 
 0.496936305267290E+00  0.552657987121785E-01  0.863319293163929E+00 
 0.499164463390030E+00  0.288935717512267E-01  0.844335947224834E+00 
 0.334245044047736E+00  0.371860525640363E+00  0.784931619103744E+00 
 0.351907310541478E+00  0.355191842231017E+00  0.777536459683951E+00 
 0.370181942505883E+00  0.336103152979217E+00  0.773073108667654E+00 
 0.388379825861784E+00  0.314898572342859E+00  0.770954233766798E+00 
 0.405924282532664E+00  0.291934028250121E+00  0.769509909271420E+00 
 0.422470197231023E+00  0.267430238476468E+00  0.768527229791601E+00 
 0.438102775003229E+00  0.240968791619310E+00  0.768776777601872E+00 
 0.453362022445670E+00  0.210862221851074E+00  0.770798196354369E+00 
 0.462400424920274E+00  0.190225779098287E+00  0.756755215837970E+00 
 0.410507522223777E+00  0.285453278484756E+00  0.230376680178657E-01 
 0.398998302038779E+00  0.301330972470756E+00  0.454663156792168E-01 
 0.386564312913302E+00  0.317124631622752E+00  0.673689762118917E-01 
 0.373518863592376E+00  0.332390821986197E+00  0.888022529057381E-01 
 0.360299858020759E+00  0.346675658664148E+00  0.109759901485681E+00 
 0.347644547211346E+00  0.359365091229266E+00  0.130333368593902E+00 
 0.333991898739401E+00  0.372087908398607E+00  0.150137967421676E+00 
 0.471858108850701E+00  0.165378127670618E+00  0.758972233278248E+00 
 0.481893166655704E+00  0.133337826330482E+00  0.766216916434102E+00 
 0.489345413858199E+00  0.102669693366391E+00  0.759697065460907E+00 
 0.494129306863507E+00  0.763952099191456E-01  0.752251601296013E+00 
 0.497844033478546E+00  0.463823062148949E-01  0.754940477761476E+00 
 0.458165967640076E+00  0.200209755247921E+00  0.970134063467381E+00 
 0.499162189677128E+00  0.289328255919633E-01  0.781595668666854E+00 
 0.467457682050467E+00  0.177435383990919E+00  0.961043005009660E+00 
 0.472687265571446E+00  0.162993094843275E+00  0.943398956659416E+00 
 0.478082967620721E+00  0.146412690949127E+00  0.921972158321108E+00 
 0.483369076549454E+00  0.127884071860916E+00  0.899267509407629E+00 
 0.488272363381272E+00  0.107657322826027E+00  0.875793695147171E+00 
 0.492661767569798E+00  0.853485956240805E-01  0.852401843430381E+00 
 0.496359189280601E+00  0.602291890755979E-01  0.829543522621689E+00 
 0.499046097270990E+00  0.308705814424221E-01  0.811792175280238E+00 
 0.335117246339726E+00  0.371074697609093E+00  0.755241561646124E+00 
 0.353589684469223E+00  0.353517092991209E+00  0.749266963771101E+00 
 0.372423380742881E+00  0.333617783512874E+00  0.745217347364213E+00 
 0.391026927148195E+00  0.311605427175202E+00  0.742748163580837E+00 
 0.408775760198942E+00  0.287927730296644E+00  0.741168851820855E+00 
 0.425314449694336E+00  0.262883279957482E+00  0.740111567600654E+00 
 0.440414682529208E+00  0.236716935204680E+00  0.739206845031495E+00 
 0.453445013998773E+00  0.210683694859504E+00  0.736479678811758E+00 
 0.464687860164769E+00  0.184567582786058E+00  0.732665775740034E+00 
 0.474750359756870E+00  0.156882427029677E+00  0.733030151777782E+00 
 0.483419671305385E+00  0.127692683404309E+00  0.733277197071728E+00 
 0.490183387023611E+00  0.985913134412005E-01  0.729748487774475E+00 
 0.495267134285167E+00  0.686328324998924E-01  0.726758819003298E+00 
 0.498707078468054E+00  0.359339656294439E-01  0.726085703336821E+00 
 0.335806604044006E+00  0.370450974732733E+00  0.725426965048280E+00 
 0.354770877728933E+00  0.352331696438800E+00  0.720158360366597E+00 
 0.373939594038415E+00  0.331917429506776E+00  0.716362682418346E+00 
 0.392757926364416E+00  0.309420767366904E+00  0.713844801400379E+00 
 0.410564734200412E+00  0.285370984914277E+00  0.712154024586624E+00 
 0.426964533155759E+00  0.260194710605509E+00  0.710834868262177E+00 
 0.441732512666059E+00  0.234248558701501E+00  0.709373223163230E+00 
 0.454764579029544E+00  0.207820060773934E+00  0.707337080840058E+00 
 0.466234968240129E+00  0.180623792425377E+00  0.705420896870604E+00 
 0.476164751516777E+00  0.152535666035738E+00  0.704596900461066E+00 
 0.484445624081612E+00  0.123743433394169E+00  0.703340007169510E+00 
 0.491019760612106E+00  0.943376631490863E-01  0.700925720555119E+00 
 0.495900764409897E+00  0.638939109593414E-01  0.698368259638712E+00 
 0.498959997360483E+00  0.322322979948203E-01  0.695570660377336E+00 
 0.336228419308789E+00  0.370068169462213E+00  0.695429332113293E+00 
 0.355487989895075E+00  0.351608147005098E+00  0.690530071754102E+00 
 0.374853728953089E+00  0.330884695762685E+00  0.686916075818975E+00 
 0.393770630141871E+00  0.308130963776239E+00  0.684422187922740E+00 
 0.411584452273494E+00  0.283898289263475E+00  0.682669149598952E+00 
 0.427911312384185E+00  0.258634701333067E+00  0.681232711878213E+00 
 0.442615724340697E+00  0.232575408343961E+00  0.679790232421974E+00 
 0.455678560465157E+00  0.205808283439715E+00  0.678211760269929E+00 
 0.467133139213351E+00  0.178288054139025E+00  0.676745187839741E+00 
 0.476952776986144E+00  0.150053485548339E+00  0.675478803548615E+00 
 0.485086080235868E+00  0.121208476442043E+00  0.673892316866646E+00 
 0.428016136970362E+00  0.258461189529431E+00  0.237241202727598E-01 
 0.417281648296721E+00  0.275456032779774E+00  0.469783190012751E-01 
 0.405567813806824E+00  0.292429048495448E+00  0.696169050801031E-01 
 0.393045318627723E+00  0.309055622024307E+00  0.919065844700979E-01 
 0.380033237606678E+00  0.324922665128467E+00  0.113755622845965E+00 
 0.366711835541430E+00  0.339885906847923E+00  0.134863683172880E+00 
 0.353073628319740E+00  0.354032502724162E+00  0.155098081998117E+00 
 0.339195030299590E+00  0.367350964909663E+00  0.175307077571488E+00 
 0.491515915480245E+00  0.917175273849918E-01  0.671653633886898E+00 
 0.496200056551461E+00  0.615264486081139E-01  0.668791583751191E+00 
 0.499051057751269E+00  0.307902867368881E-01  0.664881179043315E+00 
 0.336456944489613E+00  0.369860412189130E+00  0.665193907402946E+00 
 0.355878823374319E+00  0.351212561098988E+00  0.660594509472768E+00 
 0.375340590326323E+00  0.330332319420137E+00  0.657137734317360E+00 
 0.394305372069094E+00  0.307446375092395E+00  0.654684848748912E+00 
 0.412116947796009E+00  0.283124745190705E+00  0.652919021541539E+00 
 0.428425548732040E+00  0.257781979963012E+00  0.651476775933867E+00 
 0.443123029136310E+00  0.231607385566741E+00  0.650114280137253E+00 
 0.456187718507153E+00  0.204677222678144E+00  0.648750863997060E+00 
 0.467614953509243E+00  0.177020493882907E+00  0.647396263163876E+00 
 0.477372384132076E+00  0.148713169786867E+00  0.646009577510870E+00 
 0.485431092235484E+00  0.119819258431462E+00  0.644297749399257E+00 
 0.491763486347487E+00  0.903807141782192E-01  0.641994765008545E+00 
 0.496331237439828E+00  0.604590997406441E-01  0.638819844893740E+00 
 0.499084552214301E+00  0.302425154550748E-01  0.634363818951136E+00 
 0.336579906097223E+00  0.369748518335888E+00  0.634864102867075E+00 
 0.356069289493667E+00  0.351019459687743E+00  0.630537602390297E+00 
 0.375575733665075E+00  0.330064945551539E+00  0.627194523383804E+00 
 0.394555157882329E+00  0.307125751750729E+00  0.624787684046905E+00 
 0.412369827695320E+00  0.282756300029782E+00  0.623030892678635E+00 
 0.428674388574903E+00  0.257367963390810E+00  0.621605048778020E+00 
 0.443372871184180E+00  0.231128745719559E+00  0.620304385943211E+00 
 0.456435992600766E+00  0.204122964554588E+00  0.619021225571624E+00 
 0.467845060487656E+00  0.176411449110600E+00  0.617718099122601E+00 
 0.477573906026859E+00  0.148064730041455E+00  0.616284517940039E+00 
 0.485591963503900E+00  0.119165619959900E+00  0.614521648302007E+00 
 0.491872333210828E+00  0.897864567835060E-01  0.612132558892986E+00 
 0.496382837902082E+00  0.600339756827389E-01  0.608785948349724E+00 
 0.499096219804727E+00  0.300493490217544E-01  0.604103646620955E+00 
 0.336636134065329E+00  0.369697326527458E+00  0.604653696631413E+00 
 0.356153830361898E+00  0.350933681937981E+00  0.600464165048629E+00 
 0.375672023015046E+00  0.329955347166526E+00  0.597197190381222E+00 
 0.394660766179012E+00  0.306990031823502E+00  0.594816289644663E+00 
 0.412474285147626E+00  0.282603899640388E+00  0.593075109073532E+00 
 0.428780353485773E+00  0.257191384895793E+00  0.591664787135309E+00 
 0.443479774336534E+00  0.230923558249082E+00  0.590391014776785E+00 
 0.456540842034459E+00  0.203888350708095E+00  0.589147477180754E+00 
 0.467942784163102E+00  0.176152067117262E+00  0.587856251103665E+00 
 0.477657688314970E+00  0.147794224493379E+00  0.586416615531598E+00 
 0.485657449254270E+00  0.118898452403035E+00  0.584623992820687E+00 
 0.491913166401865E+00  0.895624738408402E-01  0.582199382452635E+00 
 0.496400786871528E+00  0.598853804640802E-01  0.578786817824936E+00 
 0.499099561578581E+00  0.299937932257347E-01  0.574071324034954E+00 
 0.336654325504847E+00  0.369680761088370E+00  0.574566556512739E+00 
 0.356178847202407E+00  0.350908291161045E+00  0.570416469434056E+00 
 0.375707509425292E+00  0.329914939585106E+00  0.567177421631631E+00 
 0.394697101082496E+00  0.306943314631666E+00  0.564821600184003E+00 
 0.412513222375348E+00  0.282547060443932E+00  0.563087820894571E+00 
 0.428819012026335E+00  0.257126923764817E+00  0.561687512920499E+00 
 0.443519225741251E+00  0.230847777545900E+00  0.560427412391952E+00 
 0.456579740319861E+00  0.203801228478751E+00  0.559195208284429E+00 
 0.467978203623287E+00  0.176057947657927E+00  0.557914172141824E+00 
 0.477688244474057E+00  0.147695433549224E+00  0.556469122777846E+00 
 0.485679601373726E+00  0.118807932434913E+00  0.554675348984061E+00 
 0.491926381814187E+00  0.894898590634896E-01  0.552244742594688E+00 
 0.496404303223754E+00  0.598562255821330E-01  0.548868365929689E+00 
 0.499099028268593E+00  0.300026662372805E-01  0.544291858294980E+00 
 0.336647060538049E+00  0.369687376889029E+00  0.544490347945576E+00 
 0.356182891535945E+00  0.350904186035295E+00  0.540361763993008E+00 
 0.375717261972343E+00  0.329903833042306E+00  0.537159486098862E+00 
 0.394710956793040E+00  0.306925496802600E+00  0.534816051483022E+00 
 0.412525654042396E+00  0.282528909594918E+00  0.533091876480714E+00 
 0.428832004007208E+00  0.257105255370563E+00  0.531694955912156E+00 
 0.443532039777609E+00  0.230823156747137E+00  0.530439744149702E+00 
 0.456592110751308E+00  0.203773512507553E+00  0.529213426526811E+00 
 0.467989805418244E+00  0.176027105937110E+00  0.527933713151870E+00 
 0.477697585739665E+00  0.147665217903523E+00  0.526492432876234E+00 
 0.485687101466790E+00  0.118777268316746E+00  0.524699182473279E+00 
 0.491930172658331E+00  0.894690182596490E-01  0.522288874887027E+00 
 0.459331300369158E+00  0.197521534272035E+00  0.293484343897880E-01 
 0.468637726602281E+00  0.174294811182219E+00  0.508287517751481E-01 
 0.475310311593984E+00  0.155177664927753E+00  0.730635517375356E-01 
 0.481203406311354E+00  0.135806044616393E+00  0.949415559955534E-01 
 0.486704262371202E+00  0.114538032939736E+00  0.116420821537443E+00 
 0.491101732578689E+00  0.939100008423479E-01  0.137979822488123E+00 
 0.494582990252289E+00  0.734007203854570E-01  0.158966558500706E+00 
 0.497521133194286E+00  0.497264720754813E-01  0.176840275527748E+00 
 0.499388032184501E+00  0.247304126712814E-01  0.193733023829907E+00 
 0.496406631056914E+00  0.598369170556483E-01  0.518955385905440E+00 
 0.499099654435943E+00  0.299922480304803E-01  0.514550318355254E+00 
 0.336644084553738E+00  0.369690086876800E+00  0.514320761439930E+00 
 0.356190279079075E+00  0.350896687202332E+00  0.510314300411561E+00 
 0.375729320034413E+00  0.329890099982521E+00  0.507150676543684E+00 
 0.394719959231460E+00  0.306913919176558E+00  0.504819307052770E+00 
 0.412532795501156E+00  0.282518481937026E+00  0.503094594632351E+00 
 0.428837339725426E+00  0.257096355589145E+00  0.501699466628503E+00 
 0.443536917383670E+00  0.230813784072337E+00  0.500445564612644E+00 
 0.456596647235121E+00  0.203763347375446E+00  0.499220651424866E+00 
 0.467993713202419E+00  0.176016716260167E+00  0.497942904880319E+00 
 0.477701392083901E+00  0.147652903801799E+00  0.496501735548040E+00 
 0.485689866934983E+00  0.118765959587242E+00  0.494716069664397E+00 
 0.491933701542663E+00  0.894496131156208E-01  0.492310818501785E+00 
 0.496409765552070E+00  0.598109075716037E-01  0.488994306434079E+00 
 0.499102832123759E+00  0.299393214025030E-01  0.484515877569798E+00 
 0.336672343281094E+00  0.369664352175886E+00  0.484220905733942E+00 
 0.356222377922283E+00  0.350864101138025E+00  0.480347814777630E+00 
 0.375752883614895E+00  0.329863260238377E+00  0.477188218656180E+00 
 0.394735781410129E+00  0.306893569294853E+00  0.474839628956741E+00 
 0.412543459117682E+00  0.282502910319907E+00  0.473106782496930E+00 
 0.428845562475159E+00  0.257082639525435E+00  0.471708158631619E+00 
 0.443543484528033E+00  0.230801164062772E+00  0.470455331505961E+00 
 0.456602264774121E+00  0.203750759024706E+00  0.469230672118527E+00 
 0.467998431024416E+00  0.176004171992272E+00  0.467952555991105E+00 
 0.477704937809094E+00  0.147641431829991E+00  0.466512047852007E+00 
 0.485693070489931E+00  0.118752857978506E+00  0.464728013302894E+00 
 0.491935565011644E+00  0.894393642456987E-01  0.462334700255024E+00 
 0.496411798624555E+00  0.597940313604435E-01  0.459004047562942E+00 
 0.499103147538140E+00  0.299340628301907E-01  0.454428774899301E+00 
 0.336741431235915E+00  0.369601418407976E+00  0.454588961855889E+00 
 0.356277827708096E+00  0.350807795642571E+00  0.450567206861663E+00 
 0.443956766790121E+00  0.230005193900621E+00  0.240656328562348E-01 
 0.434252249088644E+00  0.247840642674792E+00  0.485286822812602E-01 
 0.423853965168379E+00  0.265231627471240E+00  0.721818629125952E-01 
 0.411802823253071E+00  0.283581442906267E+00  0.950596558199608E-01 
 0.399540642975569E+00  0.300611501128398E+00  0.118022659631091E+00 
 0.386596459780088E+00  0.317085441617087E+00  0.140335457220888E+00 
 0.372805413894902E+00  0.333190821258106E+00  0.161236792706468E+00 
 0.359314154341922E+00  0.347697193675114E+00  0.179929556897451E+00 
 0.347951966534751E+00  0.359067443504141E+00  0.193670761497485E+00 
 0.335175582125886E+00  0.371022006283419E+00  0.207425966138815E+00 
 0.375790372770988E+00  0.329820550803982E+00  0.447291861641597E+00 
 0.394767920958982E+00  0.306852225968336E+00  0.444888423392418E+00 
 0.412571948098824E+00  0.282461302910578E+00  0.443135391661548E+00 
 0.428869846535445E+00  0.257042126377495E+00  0.441734710771652E+00 
 0.443564629927549E+00  0.230760523221015E+00  0.440482463441807E+00 
 0.456619643164115E+00  0.203711809860589E+00  0.439259943648183E+00 
 0.468012635317355E+00  0.175966397881256E+00  0.437976718077638E+00 
 0.477715505599535E+00  0.147607234611926E+00  0.436532193879136E+00 
 0.485699958873300E+00  0.118724681302898E+00  0.434751081023780E+00 
 0.491939372877341E+00  0.894184176389241E-01  0.432376411950329E+00 
 0.496411456440355E+00  0.597968721152334E-01  0.429102161442310E+00 
 0.499101281897719E+00  0.299651532292701E-01  0.424649472351666E+00 
 0.336775676596829E+00  0.369570214780288E+00  0.425601944502889E+00 
 0.356318060359834E+00  0.350766930968992E+00  0.420943634209879E+00 
 0.375859860240827E+00  0.329741361463414E+00  0.417437632848338E+00 
 0.394850612088771E+00  0.306745813554354E+00  0.414967149177598E+00 
 0.412653924631970E+00  0.282341528092898E+00  0.413200371791177E+00 
 0.428944909984655E+00  0.256916842963354E+00  0.411800275945316E+00 
 0.443628271202422E+00  0.230638151635741E+00  0.410561884586854E+00 
 0.456674034283047E+00  0.203589848498510E+00  0.409337038900911E+00 
 0.468055372032641E+00  0.175852690372897E+00  0.408043868200052E+00 
 0.477748453856997E+00  0.147500558769275E+00  0.406576958575844E+00 
 0.485722963802652E+00  0.118630529100936E+00  0.404794487569953E+00 
 0.491954012736329E+00  0.893378383028365E-01  0.402454053364957E+00 
 0.496418792230301E+00  0.597359416148212E-01  0.399288498303872E+00 
 0.499103293911291E+00  0.299316221895731E-01  0.395104215367754E+00 
 0.336718817897343E+00  0.369622020006676E+00  0.396322770095117E+00 
 0.356412295031088E+00  0.350671179241569E+00  0.391186794394710E+00 
 0.376051006001979E+00  0.329523354081163E+00  0.387572407428975E+00 
 0.395077223507552E+00  0.306453891255379E+00  0.385092441190307E+00 
 0.412877949571873E+00  0.282013827244918E+00  0.383330711762131E+00 
 0.429142904744346E+00  0.256585984238394E+00  0.381963111619335E+00 
 0.443800951823436E+00  0.230305699366326E+00  0.380748846121079E+00 
 0.456815555986546E+00  0.203272102878636E+00  0.379533514976308E+00 
 0.468169958180162E+00  0.175547401739772E+00  0.378194840179860E+00 
 0.477834239036760E+00  0.147222416785490E+00  0.376680363840115E+00 
 0.485786987575313E+00  0.118368081434580E+00  0.374862918074662E+00 
 0.491997164042346E+00  0.890998909892102E-01  0.372569203895897E+00 
 0.496444605246375E+00  0.595210376402392E-01  0.369523407199466E+00 
 0.499113042252528E+00  0.297686253197282E-01  0.365497781503649E+00 
 0.336953644843766E+00  0.369407960426547E+00  0.365978298895315E+00 
 0.356803180658519E+00  0.350273450709534E+00  0.361158156201084E+00 
 0.376559152308904E+00  0.328942555490164E+00  0.357704108534190E+00 
 0.395631053499123E+00  0.305738563984287E+00  0.355312066587569E+00 
 0.413398454533175E+00  0.281250276070234E+00  0.353605738959152E+00 
 0.429607936054858E+00  0.255806609138008E+00  0.352293867492385E+00 
 0.444193511081016E+00  0.229547652380762E+00  0.351171378589022E+00 
 0.457143197073144E+00  0.202534188150407E+00  0.349947565332827E+00 
 0.468424399304378E+00  0.174867327240774E+00  0.348520578813606E+00 
 0.478030082730617E+00  0.146585265305076E+00  0.346862783518748E+00 
 0.485930101901780E+00  0.117779183499149E+00  0.344982302571192E+00 
 0.492098474573111E+00  0.885386431046758E-01  0.342721947844268E+00 
 0.496501553271135E+00  0.590441157046975E-01  0.339864644874873E+00 
 0.499131503292186E+00  0.294574680052872E-01  0.336023131572544E+00 
 0.337403458897312E+00  0.368997162487911E+00  0.335800612233920E+00 
 0.357652180121543E+00  0.349406522627021E+00  0.331064062859898E+00 
 0.377669720255673E+00  0.327666877181692E+00  0.327973852229100E+00 
 0.396779867910820E+00  0.304246177331240E+00  0.325769766035968E+00 
 0.414463015448712E+00  0.279679117606518E+00  0.324092314045190E+00 
 0.430538439092338E+00  0.254237393913510E+00  0.322930431206941E+00 
 0.444989718141404E+00  0.228000330588431E+00  0.321997749826920E+00 
 0.457784227237674E+00  0.201081081388593E+00  0.320772558082141E+00 
 0.468920524171929E+00  0.173532538765281E+00  0.319091402651964E+00 
 0.478401075044691E+00  0.145369912279275E+00  0.317171606647246E+00 
 0.486215154405023E+00  0.116596842268131E+00  0.315122299141690E+00 
 0.492299869021558E+00  0.874118925624942E-01  0.312955825540371E+00 
 0.496619529413110E+00  0.580434579044079E-01  0.310421398187163E+00 
 0.499169645016297E+00  0.288039145656295E-01  0.306887000826203E+00 
 0.338285550371965E+00  0.368188656003328E+00  0.304950562966111E+00 
 0.359470375408817E+00  0.347535680475321E+00  0.300861856574050E+00 
 0.379835777923941E+00  0.325153474237804E+00  0.298744167269418E+00 
 0.398871575384453E+00  0.301498700412331E+00  0.296617782004309E+00 
 0.472615713453010E+00  0.163200451584248E+00  0.247825684389730E-01 
 0.478496501996062E+00  0.145055498267154E+00  0.476489261523840E-01 
 0.483816179443465E+00  0.126182029262207E+00  0.697466331557892E-01 
 0.488540054568773E+00  0.106435967050336E+00  0.913341559700018E-01 
 0.492501632840270E+00  0.862678482962717E-01  0.112642279472250E+00 
 0.495525714899981E+00  0.667402867304495E-01  0.133340041685035E+00 
 0.497475704064566E+00  0.501789185362123E-01  0.152242492596124E+00 
 0.499393479110004E+00  0.246201751091745E-01  0.161088594863605E+00 
 0.416325643136438E+00  0.276898824242775E+00  0.294836433141972E+00 
 0.432216435467516E+00  0.251374129360511E+00  0.293984259632127E+00 
 0.446392124666213E+00  0.225242249669072E+00  0.293589641703060E+00 
 0.458886082955130E+00  0.198553677553697E+00  0.292214006384774E+00 
 0.469721941120466E+00  0.171351387592926E+00  0.289969307222927E+00 
 0.479014577681687E+00  0.143335391192945E+00  0.287541908221152E+00 
 0.486701843320891E+00  0.114548311676981E+00  0.285272234966898E+00 
 0.492671538363302E+00  0.852921759995452E-01  0.283222499090695E+00 
 0.496838560511715E+00  0.561377305263310E-01  0.281494083980961E+00 
 0.499245058038780E+00  0.274658337549638E-01  0.278142573219445E+00 
 0.340846196668312E+00  0.365819450298568E+00  0.272283028656324E+00 
 0.363336660059389E+00  0.343491588626109E+00  0.271056931918030E+00 
 0.383565748003359E+00  0.320744940659433E+00  0.270927205304628E+00 
 0.402006151536124E+00  0.297306330452472E+00  0.267725819275355E+00 
 0.419208979049963E+00  0.272513911358462E+00  0.265578894537022E+00 
 0.435015205437590E+00  0.246499028472916E+00  0.265734963215881E+00 
 0.448622607789315E+00  0.220766292219430E+00  0.266638787457901E+00 
 0.460452566469554E+00  0.194893391451842E+00  0.264426765810361E+00 
 0.470774280229315E+00  0.168438644837136E+00  0.260905853895449E+00 
 0.479877089838869E+00  0.140420720151186E+00  0.257915496381970E+00 
 0.487456966798962E+00  0.111291084634648E+00  0.255286476737022E+00 
 0.493303467452080E+00  0.815578874159604E-01  0.253362318822838E+00 
 0.497224870686747E+00  0.526063491467313E-01  0.253935372818599E+00 
 0.499368843200486E+00  0.251149047501286E-01  0.250263427448717E+00 
 0.347648733181512E+00  0.359361041735592E+00  0.240509614896550E+00 
 0.370583244051584E+00  0.335660631037070E+00  0.243218654037974E+00 
 0.388819405759658E+00  0.314355642075511E+00  0.246660606721677E+00 
 0.404411365272498E+00  0.294026270320246E+00  0.234808581395555E+00 
 0.423963964588060E+00  0.265055761549856E+00  0.237236437274544E+00 
 0.439622650398310E+00  0.238184645300165E+00  0.238435609779507E+00 
 0.451842072876814E+00  0.214099839276875E+00  0.243036157758768E+00 
 0.461686488356762E+00  0.191952042106360E+00  0.235790602174545E+00 
 0.471925751406981E+00  0.165185002827002E+00  0.231707155828625E+00 
 0.480974309421422E+00  0.136615202948232E+00  0.228314031221421E+00 
 0.488466392900373E+00  0.106773512665356E+00  0.225018636468526E+00 
 0.494435793760648E+00  0.743857906342238E-01  0.221881120236496E+00 
 0.497921779865047E+00  0.455401046993005E-01  0.230759755439353E+00 
 0.499436627760445E+00  0.237287768600663E-01  0.222231253882618E+00 
 0.499452483966725E+00  0.233926539637687E-01  0.208293969128555E-01 
 0.499155765794823E+00  0.290434411491433E-01  0.429766329075733E-01 
 0.497545582732015E+00  0.494812399183713E-01  0.216655232949027E-01 
 0.499488435688075E+00  0.226120015451864E-01  0.848227625858370E-01 
 0.498510188873876E+00  0.385693088988145E-01  0.644174376012285E-01 
 0.496579576578975E+00  0.583842797732881E-01  0.434662672413734E-01 
 0.494035444375684E+00  0.769998681850865E-01  0.219945627840170E-01 
 0.499217082096226E+00  0.279697147523867E-01  0.107904291144943E+00 
 0.497603908411494E+00  0.488912091648888E-01  0.868220536130527E-01 
 0.495351507317277E+00  0.680212040359574E-01  0.656997067465278E-01 
 0.492355594542305E+00  0.870974656513796E-01  0.443544669487030E-01 
 0.488832417359704E+00  0.105085050022679E+00  0.225495530945479E-01 
 0.498614647558620E+00  0.371945323937941E-01  0.132119867768799E+00 
 0.496685203846703E+00  0.574787637285196E-01  0.109998205848548E+00 
 0.493958575951072E+00  0.774914527182775E-01  0.887402026021354E-01 
 0.490491540215344E+00  0.970466330027978E-01  0.673809097219373E-01 
 0.486374233317067E+00  0.115931467536798E+00  0.456867309330629E-01 
 0.481831854473109E+00  0.133559215387798E+00  0.233764321044397E-01 
 0.317000013869256E+00  0.342928570056178E+00  0.192302750558207E-01 
 0.317000013869256E+00  0.342928570056178E+00  0.475077275977699E-01 
 0.317000013869256E+00  0.342928570056178E+00  0.794697504399082E-01 
 0.317000013869256E+00  0.342928570056178E+00  0.108394695207226E+00 
 0.317000013869256E+00  0.342928570056178E+00  0.138036081713347E+00 
 0.317000013869256E+00  0.342928570056178E+00  0.168134061505852E+00 
 0.317000013869256E+00  0.342928570056178E+00  0.198142950804413E+00 
 0.317000013869256E+00  0.342928570056178E+00  0.229436197259627E+00 
 0.317000013869256E+00  0.342928570056178E+00  0.262605829302177E+00 
 0.317000013869256E+00  0.342928570056178E+00  0.299297687405355E+00 
 0.317000013869256E+00  0.342928570056178E+00  0.328042409755033E+00 
 0.317000013869256E+00  0.342928570056178E+00  0.353611212880120E+00 
 0.317000013869256E+00  0.342928570056178E+00  0.390127164814935E+00 
 0.317000013869256E+00  0.342928570056178E+00  0.418329010308019E+00 
 0.317000013869256E+00  0.342928570056178E+00  0.441844127484989E+00 
 0.317000013869256E+00  0.342928570056178E+00  0.471896169456770E+00 
 0.317000013869256E+00  0.342928570056178E+00  0.502575576172626E+00 
 0.317000013869256E+00  0.342928570056178E+00  0.536356932274643E+00 
 0.317000013869256E+00  0.342928570056178E+00  0.566065714347356E+00 
 0.317000013869256E+00  0.342928570056178E+00  0.593457673398035E+00 
 0.317000013869256E+00  0.342928570056178E+00  0.623870504305482E+00 
 0.317000013869256E+00  0.342928570056178E+00  0.656017025573911E+00 
 0.317000013869256E+00  0.342928570056178E+00  0.691238801371849E+00 
 0.317000013869256E+00  0.342928570056178E+00  0.720386306598394E+00 
 0.317000013869256E+00  0.342928570056178E+00  0.747043345332707E+00 
 0.317000013869256E+00  0.342928570056178E+00  0.778737865191584E+00 
 0.317000013869256E+00  0.342928570056178E+00  0.812243760213859E+00 
 0.317000013869256E+00  0.342928570056178E+00  0.844628798160387E+00 
 0.317000013869256E+00  0.342928570056178E+00  0.876889752988805E+00 
 0.317000013869256E+00  0.342928570056178E+00  0.905910098205314E+00 
 0.317000013869256E+00  0.342928570056178E+00  0.930237576119821E+00 
 0.317000013869256E+00  0.342928570056178E+00  0.956729437666781E+00 
 0.317000013869256E+00  0.342928570056178E+00  0.982286661442892E+00 
 0.317000013869256E+00  0.362304709393515E+00  0.978078136846270E+00 
 0.317000013869256E+00  0.365918841975951E+00  0.951685937998898E+00 
 0.317000013869256E+00  0.364899980511802E+00  0.889801212985537E+00 
 0.317000013869256E+00  0.365056799680648E+00  0.919385484653973E+00 
 0.317000013869256E+00  0.364686599204953E+00  0.858798709416873E+00 
 0.317000013869256E+00  0.365079747101450E+00  0.816532826144988E+00 
 0.317000013869256E+00  0.364881576154143E+00  0.771940616275284E+00 
 0.317000013869256E+00  0.364838752976706E+00  0.710430700787089E+00 
 0.317000013869256E+00  0.364929449867324E+00  0.740150440083332E+00 
 0.317000013869256E+00  0.364756109384325E+00  0.647592507886114E+00 
 0.317000013869256E+00  0.364669066926102E+00  0.679592002346156E+00 
 0.317000013869256E+00  0.364885015036038E+00  0.586547676133772E+00 
 0.317000013869256E+00  0.364809047350202E+00  0.616519734921521E+00 
 0.317000013869256E+00  0.364810126235369E+00  0.557129257279152E+00 
 0.317000013869256E+00  0.364783602294159E+00  0.495159870453637E+00 
 0.317000013869256E+00  0.364700198234836E+00  0.526628508928370E+00 
 0.317000013869256E+00  0.364734288027163E+00  0.463632181669838E+00 
 0.317000013869256E+00  0.364759151888922E+00  0.423710376420891E+00 
 0.317000013869256E+00  0.364733854631780E+00  0.379870612723566E+00 
 0.317000013869256E+00  0.364704651571831E+00  0.334237783887784E+00 
 0.317000013869256E+00  0.364820764825090E+00  0.288696691766687E+00 
 0.317000013869256E+00  0.364946834675333E+00  0.251700746402216E+00 
 0.317000013869256E+00  0.364668499569380E+00  0.294770637569284E-01 
 0.317000013869256E+00  0.364864501049376E+00  0.186137644140420E+00 
 0.317000013869256E+00  0.364854617251331E+00  0.217854702701937E+00 
 0.317000013869256E+00  0.364910072903449E+00  0.123619650158014E+00 
 0.317000013869256E+00  0.364911025223330E+00  0.154834736951018E+00 
 0.317000013869256E+00  0.364603569207765E+00  0.631212365436050E-01 
 0.317000013869256E+00  0.364853905615156E+00  0.930996839287234E-01 
 0.467000013869266E+00  0.000000000000000E+00  0.235021534963726E-01 
 0.467000013869266E+00  0.000000000000000E+00  0.552913149877382E-01 
 0.467000013869266E+00  0.000000000000000E+00  0.872987446880223E-01 
 0.467000013869266E+00  0.000000000000000E+00  0.119648376135629E+00 
 0.467000013869266E+00  0.000000000000000E+00  0.146541010493597E+00 
 0.467000013869266E+00  0.000000000000000E+00  0.175444876868361E+00 
 0.467000013869266E+00  0.000000000000000E+00  0.204727619972483E+00 
 0.467000013869266E+00  0.000000000000000E+00  0.234711840642410E+00 
 0.467000013869266E+00  0.000000000000000E+00  0.268405438126761E+00 
 0.467000013869266E+00  0.000000000000000E+00  0.298689250522748E+00 
 0.467000013869266E+00  0.000000000000000E+00  0.325072485284697E+00 
 0.467000013869266E+00  0.000000000000000E+00  0.353508597345620E+00 
 0.467000013869266E+00  0.000000000000000E+00  0.385973167709836E+00 
 0.467000013869266E+00  0.000000000000000E+00  0.412751425123276E+00 
 0.467000013869266E+00  0.000000000000000E+00  0.438425534507167E+00 
 0.467000013869266E+00  0.000000000000000E+00  0.471706465455513E+00 
 0.467000013869266E+00  0.000000000000000E+00  0.505126808562697E+00 
 0.467000013869266E+00  0.000000000000000E+00  0.532909117257512E+00 
 0.467000013869266E+00  0.000000000000000E+00  0.558647270837276E+00 
 0.467000013869266E+00  0.000000000000000E+00  0.590722774776019E+00 
 0.467000013869266E+00  0.000000000000000E+00  0.620454875632974E+00 
 0.467000013869266E+00  0.000000000000000E+00  0.650977314989498E+00 
 0.467000013869266E+00  0.000000000000000E+00  0.685311297857431E+00 
 0.467000013869266E+00  0.000000000000000E+00  0.713832489176846E+00 
 0.467000013869266E+00  0.000000000000000E+00  0.745029745409357E+00 
 0.467000013869266E+00  0.000000000000000E+00  0.781246521074873E+00 
 0.467000013869266E+00  0.000000000000000E+00  0.812626423487072E+00 
 0.467000013869266E+00  0.000000000000000E+00  0.841963183588726E+00 
 0.467000013869266E+00  0.000000000000000E+00  0.874895571877385E+00 
 0.467000013869266E+00  0.000000000000000E+00  0.907472443170895E+00 
 0.467000013869266E+00  0.000000000000000E+00  0.936327408327894E+00 
 0.467000013869266E+00  0.000000000000000E+00  0.961129325564564E+00 
 0.467000013869266E+00  0.000000000000000E+00  0.982831254630549E+00 
 0.431833993331056E+00  0.177787556250816E+00  0.901264824707026E+00 
 0.418605521918443E+00  0.207022776460163E+00  0.902734372240283E+00 
 0.425503601130995E+00  0.192446611761394E+00  0.868534962590204E+00 
 0.391727816034753E+00  0.254240695205407E+00  0.822453080661526E+00 
 0.434200016271484E+00  0.171928353751574E+00  0.104314707010288E+00 
 0.428168758259411E+00  0.186441753382870E+00  0.761928493287903E-01 
 0.440005917588187E+00  0.156473018253177E+00  0.757873004942021E-01 
 0.420579507128436E+00  0.202982489731228E+00  0.952742158315543E+00 
 0.437181517184063E+00  0.164199068165818E+00  0.928613062306485E+00 
 0.426088140164740E+00  0.191148920386274E+00  0.929576722865830E+00 
 0.413202469530377E+00  0.217606829230806E+00  0.932236419794629E+00 
 0.381632334034813E+00  0.269157527431474E+00  0.838167567923321E+00 
 0.379262501258077E+00  0.272486638375811E+00  0.864995161698509E+00 
 0.362939103425517E+00  0.293877900085328E+00  0.837187804954101E+00 
 0.461561873347589E+00  0.710608895648676E-01  0.825690953578921E+00 
 0.459645762099709E+00  0.825517191684313E-01  0.848940947779706E+00 
 0.456860652829587E+00  0.967851065505845E-01  0.825382125661284E+00 
 0.453425692626196E+00  0.111777252696324E+00  0.851646350606263E+00 
 0.449947106660084E+00  0.125046448018729E+00  0.824951059947140E+00 
 0.448845209959660E+00  0.128945687985876E+00  0.877637458457200E+00 
 0.445102228806265E+00  0.141325931327469E+00  0.850891981222797E+00 
 0.440829133325590E+00  0.154138535627180E+00  0.824326406918495E+00 
 0.465431361665761E+00  0.382447451532621E-01  0.219664121456320E-01 
 0.466380798691874E+00  0.240408728088227E-01  0.426219493129685E-01 
 0.443016281308433E+00  0.147734855228985E+00  0.902645497193666E+00 
 0.438821935117037E+00  0.159763331881947E+00  0.875768470481899E+00 
 0.435848662351488E+00  0.167704968561760E+00  0.849406310273718E+00 
 0.428323066548320E+00  0.186086978632381E+00  0.827682926877778E+00 
 0.403972568603309E+00  0.234297197528976E+00  0.909005690961022E+00 
 0.409042219360325E+00  0.225329704510230E+00  0.876769632833695E+00 
 0.414148519878116E+00  0.215800872186961E+00  0.844318051621023E+00 
 0.417176749318665E+00  0.209887047675170E+00  0.816111468252585E+00 
 0.392776344951516E+00  0.252617805786554E+00  0.885713943553408E+00 
 0.396778791657861E+00  0.246283583383899E+00  0.850764135517943E+00 
 0.404812379177340E+00  0.232843188903323E+00  0.819828967933083E+00 
 0.439410331490203E+00  0.158137830810821E+00  0.741543510215978E+00 
 0.428059939030997E+00  0.186691460840243E+00  0.743200955034632E+00 
 0.416507670223381E+00  0.211211679598877E+00  0.745525848439977E+00 
 0.425068628802599E+00  0.193405464663655E+00  0.697316765968476E+00 
 0.413694489428008E+00  0.216669984932818E+00  0.700509277927924E+00 
 0.399222317365756E+00  0.242302608881957E+00  0.701321918325369E+00 
 0.393721824499197E+00  0.251141668917982E+00  0.642248440284550E+00 
 0.441163854969908E+00  0.153177890121166E+00  0.589436034797868E+00 
 0.429734604224527E+00  0.182803673064502E+00  0.591640936868489E+00 
 0.417872358718685E+00  0.208498692496546E+00  0.596450565880555E+00 
 0.426804057138340E+00  0.189545007225561E+00  0.545891513809196E+00 
 0.414614931674481E+00  0.214903400127714E+00  0.548324865127111E+00 
 0.398286052584977E+00  0.243838539345535E+00  0.550596182316221E+00 
 0.439118843141754E+00  0.158945445205989E+00  0.472938981172689E+00 
 0.461805192811030E+00  0.694620532856125E-01  0.232685833185743E-01 
 0.464109057463081E+00  0.518825185839597E-01  0.458089560741480E-01 
 0.465984849672131E+00  0.307755232274414E-01  0.667058429297405E-01 
 0.427831207473263E+00  0.187215039101709E+00  0.472957526122437E+00 
 0.416037090710437E+00  0.212137106860357E+00  0.473192988149158E+00 
 0.426164278892640E+00  0.190979109720936E+00  0.395513088329282E+00 
 0.414887018001260E+00  0.214377646334475E+00  0.395988013053033E+00 
 0.400418344604525E+00  0.240320956760035E+00  0.395333767516485E+00 
 0.441637908931323E+00  0.151805699328617E+00  0.349907728087390E+00 
 0.430104074228774E+00  0.181932675145762E+00  0.349707924320443E+00 
 0.418830469699626E+00  0.206567302846015E+00  0.351436217418983E+00 
 0.427237053179232E+00  0.188566999617142E+00  0.304213501731600E+00 
 0.415663258822201E+00  0.212868664249098E+00  0.306883487226895E+00 
 0.400625430154454E+00  0.239975577231196E+00  0.309050946362739E+00 
 0.390017969042322E+00  0.256855984508805E+00  0.221365380247860E+00 
 0.352847310347037E+00  0.305921212953174E+00  0.157328108109994E+00 
 0.369981962744511E+00  0.284960278280326E+00  0.169201180294541E+00 
 0.371543756316282E+00  0.282920925518542E+00  0.138779023854642E+00 
 0.387277888059449E+00  0.260969060185489E+00  0.151998822372166E+00 
 0.388125488864431E+00  0.259706792070656E+00  0.119100819191278E+00 
 0.406399072723931E+00  0.230062614613970E+00  0.132795575022839E+00 
 0.402680126806452E+00  0.236511582018782E+00  0.956632127956278E-01 
 0.400589727099382E+00  0.240035171373550E+00  0.166159179805351E+00 
 0.431235120408441E+00  0.179235275211664E+00  0.163936038928645E+00 
 0.425615702703364E+00  0.192198560260495E+00  0.133377541813897E+00 
 0.419259021963585E+00  0.205696099758903E+00  0.102199516210016E+00 
 0.414184042312047E+00  0.215732686554309E+00  0.704452399449987E-01 
 0.416001775235081E+00  0.212206352296882E+00  0.164346989903975E+00 
 0.462808434892513E+00  0.624288839098411E-01  0.159133476205147E+00 
 0.460282551820590E+00  0.789239218704463E-01  0.136637153328630E+00 
 0.452493206667244E+00  0.115494202771729E+00  0.152843102292705E+00 
 0.453295427574783E+00  0.112304355630928E+00  0.121198844196657E+00 
 0.453676522629154E+00  0.110754800207495E+00  0.939271648496060E-01 
 0.443496289215611E+00  0.146287574338576E+00  0.170287587606998E+00 
 0.441883695547600E+00  0.151088757235864E+00  0.134979770375554E+00 
 0.445928276989034E+00  0.138697457566724E+00  0.101079179503256E+00 
 0.449499366777811E+00  0.126646485226512E+00  0.729940684209442E-01 
 0.456301666954288E+00  0.993871303973654E-01  0.240167214708109E-01 
 0.459655231901760E+00  0.824989741707459E-01  0.475313166712860E-01 
 0.462548554632319E+00  0.643261032663946E-01  0.711792036459303E-01 
 0.464983094267477E+00  0.433559107772646E-01  0.919969067148425E-01 
 0.466267262497843E+00  0.261505808089970E-01  0.112324462203442E+00 
 0.423476161877037E+00  0.196867857396223E+00  0.509699851077657E-01 
 0.434479622150882E+00  0.171220532908615E+00  0.502831141856545E-01 
 0.444741974468736E+00  0.142455568861072E+00  0.493212628638258E-01 
 0.465935330455298E+00  0.315163574575675E-01  0.965478856463293E+00 
 0.462941023679235E+00  0.614379487670937E-01  0.980715418562075E+00 
 0.466148121787504E+00  0.281947070895097E-01  0.927484345185632E+00 
 0.464051512412779E+00  0.523947209296668E-01  0.941144045797075E+00 
 0.461841198029598E+00  0.692222562220563E-01  0.959161411655470E+00 
 0.458875198310395E+00  0.867327235216396E-01  0.978680939851957E+00 
 0.465942209939611E+00  0.314144863155961E-01  0.898752173669219E+00 
 0.463542016868736E+00  0.567257573871883E-01  0.916904183522490E+00 
 0.460335543292016E+00  0.786142514810785E-01  0.935288669266867E+00 
 0.456762187747776E+00  0.972487367411540E-01  0.955651543315094E+00 
 0.452730536222479E+00  0.114560353201223E+00  0.977252874359204E+00 
 0.466425537582217E+00  0.231566587620246E-01  0.852186269290572E+00 
 0.465334362652317E+00  0.394074090602849E-01  0.872307028214133E+00 
 0.462812109871951E+00  0.624016338709087E-01  0.891384684162288E+00 
 0.458936872609278E+00  0.864057863427018E-01  0.909281001773404E+00 
 0.454577196373703E+00  0.106998063024091E+00  0.930834137425809E+00 
 0.450000465720492E+00  0.124854290295617E+00  0.953022026634324E+00 
 0.444251217642440E+00  0.143978708763105E+00  0.975166264637950E+00 
 0.466368795204059E+00  0.242726144820621E-01  0.826436886079622E+00 
 0.464261237580532E+00  0.505026359121697E-01  0.843144524650787E+00 
 0.462341853351265E+00  0.657953158940940E-01  0.867050548194626E+00 
 0.457452056268786E+00  0.939501419336030E-01  0.878942167659267E+00 
 0.452113269690593E+00  0.116972664856212E+00  0.904413730213188E+00 
 0.446922626030522E+00  0.135459142533326E+00  0.927989680583615E+00 
 0.442306938809436E+00  0.149845202909227E+00  0.950072215776626E+00 
 0.432245047547396E+00  0.176785836040767E+00  0.964455530617728E+00 
 0.336685619734828E+00  0.323622938645664E+00  0.974752619494069E+00 
 0.355146699578875E+00  0.303248800050572E+00  0.969050508416127E+00 
 0.340739460149152E+00  0.319351895643575E+00  0.946849748302587E+00 
 0.330490616651344E+00  0.329946912789460E+00  0.925838998780807E+00 
 0.383615794140683E+00  0.266322990820726E+00  0.976063325380329E+00 
 0.370867286231932E+00  0.283807098143869E+00  0.959131841906724E+00 
 0.449049157628647E+00  0.128233642180532E+00  0.244389874816849E-01 
 0.453177962755792E+00  0.112777422502879E+00  0.483557915158409E-01 
 0.457035005669239E+00  0.959584105058194E-01  0.721480146563491E-01 
 0.460126253810599E+00  0.798300914950642E-01  0.100853522582707E+00 
 0.463988220454437E+00  0.529522826081118E-01  0.117844128524360E+00 
 0.465810091810260E+00  0.333162321038702E-01  0.144719966195226E+00 
 0.357757923708703E+00  0.300163756935306E+00  0.937610374996797E+00 
 0.345269274155233E+00  0.314448948604060E+00  0.916523149782914E+00 
 0.331979159432985E+00  0.328449159925931E+00  0.896151087214404E+00 
 0.397112823637172E+00  0.245744619995635E+00  0.970908404649349E+00 
 0.385799022669423E+00  0.263150388677657E+00  0.948359833451625E+00 
 0.373549042336894E+00  0.280267953792564E+00  0.927540392963597E+00 
 0.360852975517371E+00  0.296435731675754E+00  0.906574477473000E+00 
 0.347425454288835E+00  0.312065003911166E+00  0.886812259376149E+00 
 0.333249110966397E+00  0.327160576772304E+00  0.866618263374791E+00 
 0.378990807860054E+00  0.272864399494449E+00  0.812140574777694E+00 
 0.364806367963807E+00  0.291556730066270E+00  0.803771431836754E+00 
 0.346758058179265E+00  0.312806429028601E+00  0.807616695680141E+00 
 0.419763718789318E+00  0.204664196531902E+00  0.976884394110315E+00 
 0.409728079612123E+00  0.224080150239259E+00  0.961862431605749E+00 
 0.399894692822788E+00  0.241191309142877E+00  0.939950892484539E+00 
 0.388947697120339E+00  0.258473793369211E+00  0.917695690694972E+00 
 0.376663350833633E+00  0.276068348589007E+00  0.896227230005519E+00 
 0.363282370061690E+00  0.293453458927036E+00  0.875510770020508E+00 
 0.349233976155567E+00  0.310039743988496E+00  0.859831373302142E+00 
 0.338020930259641E+00  0.322227968463768E+00  0.836781993744802E+00 
 0.466521332982349E+00  0.211390356036540E-01  0.800446443840507E+00 
 0.464497286219670E+00  0.482833723806304E-01  0.807833670210557E+00 
 0.460323670656654E+00  0.786837415675593E-01  0.801652759969895E+00 
 0.454541022352161E+00  0.107151630659249E+00  0.798974754193470E+00 
 0.446640941207006E+00  0.136385052669277E+00  0.797757827059698E+00 
 0.436605422428632E+00  0.165724826323031E+00  0.797317150512766E+00 
 0.425063907572235E+00  0.193415840699019E+00  0.795190487948371E+00 
 0.411641572280972E+00  0.220545299029330E+00  0.792361765682281E+00 
 0.394961446729722E+00  0.249187617170379E+00  0.792927752728046E+00 
 0.377609046971763E+00  0.274773398637785E+00  0.783107585518911E+00 
 0.359465809937619E+00  0.298116327026501E+00  0.778868595753295E+00 
 0.339434398624854E+00  0.320738681770790E+00  0.779149630250417E+00 
 0.466396890943887E+00  0.237266321199667E-01  0.715227510735401E+00 
 0.463911996541726E+00  0.536159716740680E-01  0.744904693730100E+00 
 0.457185169773117E+00  0.952403984316068E-01  0.744002273945924E+00 
 0.449214398193703E+00  0.127653583613432E+00  0.742652267406513E+00 
 0.465965964913580E+00  0.310601432069705E-01  0.775171868891491E+00 
 0.463185900729651E+00  0.595636996764590E-01  0.780630567292943E+00 
 0.458920939557664E+00  0.864903705009769E-01  0.773403907660499E+00 
 0.452119820319037E+00  0.116947342973512E+00  0.771071937709589E+00 
 0.443257339734801E+00  0.147010012329462E+00  0.769910201788073E+00 
 0.432655980552809E+00  0.175777744455239E+00  0.769423643782742E+00 
 0.420595967551257E+00  0.202948380218982E+00  0.768898558791071E+00 
 0.406746256846201E+00  0.229448241430374E+00  0.764728192104482E+00 
 0.391279010180753E+00  0.254930871307998E+00  0.758856259729309E+00 
 0.373714441563491E+00  0.280047369423050E+00  0.753660684164030E+00 
 0.355087867777060E+00  0.303317686776457E+00  0.750505793904723E+00 
 0.335984928611222E+00  0.324350336364852E+00  0.748959884632435E+00 
 0.464387269925881E+00  0.493302795924661E-01  0.708913106376129E+00 
 0.460579877038177E+00  0.771698763856991E-01  0.714754599542562E+00 
 0.454272074960710E+00  0.108286171161302E+00  0.715990044139556E+00 
 0.445745353060725E+00  0.139284217263302E+00  0.713475410215220E+00 
 0.434435884315096E+00  0.171331478057139E+00  0.711821167894132E+00 
 0.427592953055499E+00  0.187758566918164E+00  0.255695757993051E-01 
 0.411661315440736E+00  0.220508445016262E+00  0.336547725711471E-01 
 0.398522644729103E+00  0.243451667876824E+00  0.620410408484644E-01 
 0.385314204372144E+00  0.263859767420017E+00  0.868712564304794E-01 
 0.370756794342330E+00  0.283951426132853E+00  0.108506983868503E+00 
 0.356154823449440E+00  0.302064156575351E+00  0.126503308741889E+00 
 0.344481002870138E+00  0.315312308062124E+00  0.139222431497715E+00 
 0.332705823350413E+00  0.327713057510080E+00  0.151805833926072E+00 
 0.421052990324774E+00  0.201998495767795E+00  0.721437460043274E+00 
 0.405383656539723E+00  0.231847156472472E+00  0.730642368399647E+00 
 0.387515205522491E+00  0.260616535244306E+00  0.727672149091004E+00 
 0.369458304236464E+00  0.285638888081783E+00  0.723807115401487E+00 
 0.350744640436401E+00  0.308329710146491E+00  0.720777306977549E+00 
 0.332476886127032E+00  0.327945320358674E+00  0.718953758723778E+00 
 0.382911450892382E+00  0.267334684860335E+00  0.697574504365600E+00 
 0.364696945013401E+00  0.291693591379333E+00  0.693769508712628E+00 
 0.344291712417315E+00  0.315518984713491E+00  0.690832315048034E+00 
 0.446339966733770E+00  0.137366833879139E+00  0.646188538008004E+00 
 0.434655313809914E+00  0.170774035294270E+00  0.647516895133830E+00 
 0.422722561156455E+00  0.198480853593523E+00  0.647327419574918E+00 
 0.410147788725919E+00  0.223311003663336E+00  0.649017964665461E+00 
 0.465108178926386E+00  0.419927952113721E-01  0.655083680497261E+00 
 0.460918485767707E+00  0.751209852936604E-01  0.658141900836938E+00 
 0.453824513410506E+00  0.110146829194493E+00  0.659461634862461E+00 
 0.466022201138062E+00  0.302046519648401E-01  0.683591163181769E+00 
 0.462957121761648E+00  0.613165260272986E-01  0.684404168312783E+00 
 0.457898216343819E+00  0.917509478045549E-01  0.687178834064447E+00 
 0.451409179991696E+00  0.119661042838124E+00  0.690568170114799E+00 
 0.443460660918030E+00  0.146395543552477E+00  0.678458837590933E+00 
 0.432672323837526E+00  0.175737512042587E+00  0.680637569716142E+00 
 0.421412583012099E+00  0.201247230621832E+00  0.672577180832715E+00 
 0.408358223897328E+00  0.226566930352396E+00  0.678443113388336E+00 
 0.395503834060078E+00  0.248325854871507E+00  0.672120767214724E+00 
 0.379173139489424E+00  0.272610974180455E+00  0.667630851998071E+00 
 0.360500178847166E+00  0.296864672881502E+00  0.663696150351333E+00 
 0.339666741104740E+00  0.320492617607903E+00  0.660136616618067E+00 
 0.376264000291385E+00  0.276612391332361E+00  0.637887588221787E+00 
 0.357441200615953E+00  0.300540847566693E+00  0.633614029790429E+00 
 0.337622746969637E+00  0.322645151338986E+00  0.628742067989081E+00 
 0.439625566814639E+00  0.157538484050055E+00  0.247509077449981E-01 
 0.466445130169329E+00  0.227585916787110E-01  0.571832647896786E+00 
 0.465309497788621E+00  0.396999272239174E-01  0.597410127995337E+00 
 0.459967822690656E+00  0.807379405428675E-01  0.596007530199204E+00 
 0.450955653900760E+00  0.121359017665849E+00  0.592479878088334E+00 
 0.466281583364482E+00  0.258939755347133E-01  0.624238478029484E+00 
 0.463340363666319E+00  0.583499815891074E-01  0.627259436770045E+00 
 0.458645219702457E+00  0.879407493598421E-01  0.632915694454130E+00 
 0.452706087460568E+00  0.114656928835667E+00  0.624094044597893E+00 
 0.444214562085997E+00  0.144091761682016E+00  0.618534287371863E+00 
 0.434926278541083E+00  0.170082759820880E+00  0.614206199468456E+00 
 0.422963019860954E+00  0.197967918572653E+00  0.621513824610463E+00 
 0.407297999280158E+00  0.228467399723172E+00  0.617179953364517E+00 
 0.390954965793857E+00  0.255427538991020E+00  0.611530812142692E+00 
 0.373243136492843E+00  0.280675210901972E+00  0.609019447852587E+00 
 0.355090116749337E+00  0.303315053930434E+00  0.603787474978018E+00 
 0.336571089039864E+00  0.323742050058994E+00  0.597186173604387E+00 
 0.464447596042546E+00  0.487590348980021E-01  0.568154381258303E+00 
 0.461122501848655E+00  0.738583187103735E-01  0.560915304804223E+00 
 0.455835230721135E+00  0.101504952525944E+00  0.564048959614264E+00 
 0.447652147837791E+00  0.133028446168832E+00  0.562153968100574E+00 
 0.436165986269657E+00  0.166877935555604E+00  0.560395303901226E+00 
 0.422334707503003E+00  0.199304811262145E+00  0.570585415738598E+00 
 0.405819757324899E+00  0.231082966742785E+00  0.581403115031280E+00 
 0.393036174721416E+00  0.252213358714884E+00  0.299349671656088E-01 
 0.380729774521234E+00  0.270432712050324E+00  0.563169512045162E-01 
 0.367251651335693E+00  0.288470514169277E+00  0.796742514490983E-01 
 0.352584212497797E+00  0.306224404728278E+00  0.100432236353335E+00 
 0.335743737916173E+00  0.324599992920451E+00  0.121195959203822E+00 
 0.386564311623129E+00  0.262024895636314E+00  0.581233616264149E+00 
 0.369554309659427E+00  0.285514667164448E+00  0.583367158766883E+00 
 0.354648619365916E+00  0.303831153333113E+00  0.572572932009792E+00 
 0.335795232907641E+00  0.324546721613982E+00  0.562654870330216E+00 
 0.376777476649213E+00  0.275912569564589E+00  0.552136450737254E+00 
 0.357523693194874E+00  0.300442709610630E+00  0.541403840357308E+00 
 0.340809695274986E+00  0.319276940226586E+00  0.531639052235097E+00 
 0.466322832715605E+00  0.251401798317807E-01  0.540036490830028E+00 
 0.463826715483272E+00  0.543487898474757E-01  0.538425883191611E+00 
 0.459536339428666E+00  0.831586778297222E-01  0.536185829296503E+00 
 0.453359894168899E+00  0.112043827643685E+00  0.534632590161849E+00 
 0.444894502913160E+00  0.141978499187495E+00  0.532038371282814E+00 
 0.434874370941044E+00  0.170215435412052E+00  0.526995933585118E+00 
 0.423206207072562E+00  0.197447510111275E+00  0.522573861220483E+00 
 0.409427141890785E+00  0.224629535985432E+00  0.521422480477460E+00 
 0.393023641467009E+00  0.252232888818841E+00  0.519925242244371E+00 
 0.374668362613127E+00  0.278769853123827E+00  0.516965061619082E+00 
 0.356137416677446E+00  0.302084679181509E+00  0.510835470793444E+00 
 0.336995991185251E+00  0.323299729166219E+00  0.505891529496465E+00 
 0.466269719616109E+00  0.261067332884800E-01  0.449761976761084E+00 
 0.463470226130789E+00  0.573093573874352E-01  0.477674569370323E+00 
 0.456534567289299E+00  0.983117583194248E-01  0.478807876329696E+00 
 0.448665902035278E+00  0.129568211011621E+00  0.476888399783051E+00 
 0.465734477078813E+00  0.343570926302876E-01  0.507246013811408E+00 
 0.462612944462463E+00  0.638613855914230E-01  0.513307976310791E+00 
 0.458121841047040E+00  0.906277645622769E-01  0.507647521462970E+00 
 0.451181351485761E+00  0.120517222940809E+00  0.505414109172879E+00 
 0.442288524368970E+00  0.149899546915260E+00  0.502258993112822E+00 
 0.431711929655403E+00  0.178083752058104E+00  0.499247020310909E+00 
 0.419471394311488E+00  0.205262666620754E+00  0.497230480282543E+00 
 0.405433135483890E+00  0.231760621343637E+00  0.492128751737990E+00 
 0.389109257025449E+00  0.258230515336565E+00  0.488086275844706E+00 
 0.371072184662664E+00  0.283539144958080E+00  0.486699398691393E+00 
 0.352845856946305E+00  0.305922889287003E+00  0.482102826540436E+00 
 0.334858428066080E+00  0.325513204197610E+00  0.477692806291687E+00 
 0.466423898210359E+00  0.231896557139976E-01  0.417785959186520E+00 
 0.464148368675323E+00  0.515296498136853E-01  0.437131412806243E+00 
 0.459666029216290E+00  0.824387926792613E-01  0.447808731613941E+00 
 0.453634920252994E+00  0.110925074175962E+00  0.454196813648548E+00 
 0.446312811468422E+00  0.137455037277775E+00  0.446645381434933E+00 
 0.434618000401167E+00  0.170868975186176E+00  0.441234041196455E+00 
 0.421771419564041E+00  0.200494096154524E+00  0.451224012120202E+00 
 0.405077141049475E+00  0.232382277192282E+00  0.453045834607706E+00 
 0.383349117198695E+00  0.266706706508977E+00  0.457556525754829E+00 
 0.366040559780246E+00  0.290005726753188E+00  0.461025796668073E+00 
 0.350031281730870E+00  0.309139312873216E+00  0.450462473989774E+00 
 0.331759849667876E+00  0.328670678799052E+00  0.451968586794178E+00 
 0.464687111684926E+00  0.464209132590618E-01  0.409979228279832E+00 
 0.461284043240656E+00  0.728426002105808E-01  0.414913056519748E+00 
 0.454605068821908E+00  0.106879578757180E+00  0.421957998784679E+00 
 0.445258714309975E+00  0.140832135128704E+00  0.414951422361279E+00 
 0.435258102691807E+00  0.169231784824872E+00  0.406719184081657E+00 
 0.421788983254396E+00  0.200457143946303E+00  0.422770755537948E+00 
 0.407324451141587E+00  0.228420236529280E+00  0.419253342011382E+00 
 0.391999845405971E+00  0.253821067202035E+00  0.425534345660953E+00 
 0.374672456927115E+00  0.278764350256773E+00  0.273535422554809E-01 
 0.362143648162332E+00  0.294857577568489E+00  0.518109558052420E-01 
 0.349029093356941E+00  0.310270373939104E+00  0.736887087189669E-01 
 0.334208425217713E+00  0.326180535083528E+00  0.927413298198148E-01 
 0.371379801145034E+00  0.283136109063038E+00  0.430406627051437E+00 
 0.354973451172645E+00  0.303451580843569E+00  0.424041370821566E+00 
 0.336566511906098E+00  0.323746808505108E+00  0.419199210817909E+00 
 0.382940717163146E+00  0.267292761017688E+00  0.396813285303796E+00 
 0.361070808505659E+00  0.296170363471685E+00  0.396796439622590E+00 
 0.342056895721398E+00  0.317940392280252E+00  0.386177477584880E+00 
 0.466431939395243E+00  0.230273503875846E-01  0.327440841181388E+00 
 0.464771231002732E+00  0.455709972031434E-01  0.358934850107198E+00 
 0.461021400228604E+00  0.744867873192522E-01  0.348803253475131E+00 
 0.453525980697649E+00  0.111369644814551E+00  0.351334981866497E+00 
 0.466081489150822E+00  0.292755601967415E-01  0.385854999959009E+00 
 0.463529454418587E+00  0.568283189993560E-01  0.389592380646026E+00 
 0.459269395485416E+00  0.846205372492167E-01  0.381853212003009E+00 
 0.452005309052625E+00  0.117389154278081E+00  0.390720507998867E+00 
 0.444001001038999E+00  0.144748485416077E+00  0.381894454268406E+00 
 0.433939460055729E+00  0.172584929702525E+00  0.376199089519788E+00 
 0.422668620019715E+00  0.198595696339362E+00  0.373221014775573E+00 
 0.409854442510566E+00  0.223848942164668E+00  0.370084055629125E+00 
 0.394629461490383E+00  0.249713037460395E+00  0.367059826640502E+00 
 0.376437580001552E+00  0.276376122913065E+00  0.366537871889172E+00 
 0.357151145171912E+00  0.300885480633865E+00  0.364352702664145E+00 
 0.337188933528614E+00  0.323098492815607E+00  0.358746824655681E+00 
 0.464149883248549E+00  0.515160056122629E-01  0.325376544304788E+00 
 0.460081057430056E+00  0.800901588706609E-01  0.321544441055636E+00 
 0.454927342475793E+00  0.105499412423940E+00  0.316248771187886E+00 
 0.447631689785228E+00  0.133097269896505E+00  0.320311714736912E+00 
 0.436400910064451E+00  0.166262619517442E+00  0.319053059141673E+00 
 0.423150713671140E+00  0.197566410286492E+00  0.328035172953873E+00 
 0.407665518999571E+00  0.227810968947278E+00  0.337712444000746E+00 
 0.389243686232842E+00  0.258027838966561E+00  0.337478878874901E+00 
 0.370345276581501E+00  0.284487941866879E+00  0.336892722346466E+00 
 0.352248123566013E+00  0.306610946311613E+00  0.338163226345135E+00 
 0.335695871939087E+00  0.324649494866289E+00  0.325498975189448E+00 
 0.382743847790351E+00  0.267574587605999E+00  0.308222692812394E+00 
 0.360725653723604E+00  0.296590653425827E+00  0.307744909455116E+00 
 0.342663308499110E+00  0.317286731462763E+00  0.294834646610321E+00 
 0.466136317584965E+00  0.283891948143880E-01  0.297201064635579E+00 
 0.355804915864596E+00  0.302476238406370E+00  0.253246143424848E-01 
 0.342744210747203E+00  0.317199336306300E+00  0.479582205442862E-01 
 0.332146630104283E+00  0.328279803009947E+00  0.681073564434925E-01 
 0.463391055602329E+00  0.579460312846799E-01  0.295452143022733E+00 
 0.458830970568485E+00  0.869663923654860E-01  0.293201563682066E+00 
 0.452553344494650E+00  0.115258333063554E+00  0.292638743487006E+00 
 0.444450523341602E+00  0.143362286725826E+00  0.290752876117361E+00 
 0.434905433775518E+00  0.170136053282105E+00  0.285495043352406E+00 
 0.423439020696500E+00  0.196947730896995E+00  0.281102575875473E+00 
 0.410438581729137E+00  0.222776083954410E+00  0.281922598953023E+00 
 0.395210984238254E+00  0.248791661619349E+00  0.281250294865015E+00 
 0.377987777551845E+00  0.274252170411283E+00  0.278257020197318E+00 
 0.359027428095540E+00  0.298644134094380E+00  0.273460765503935E+00 
 0.338683154613208E+00  0.321531854930621E+00  0.267440488452765E+00 
 0.445257240552495E+00  0.140836794515706E+00  0.227904040556385E+00 
 0.433767899055752E+00  0.173015671841143E+00  0.226356993098023E+00 
 0.421269620823622E+00  0.201546321040619E+00  0.225428207010638E+00 
 0.407672892171200E+00  0.227797774226740E+00  0.227645631564267E+00 
 0.464894452184577E+00  0.442962897078886E-01  0.239246919673997E+00 
 0.460317733002967E+00  0.787184707479432E-01  0.238751953787743E+00 
 0.452895052647153E+00  0.113908227277994E+00  0.239983360216072E+00 
 0.465766658230336E+00  0.339180340648918E-01  0.267365580358124E+00 
 0.462236224322950E+00  0.665333441031615E-01  0.266746349623323E+00 
 0.456744044154368E+00  0.973339153810105E-01  0.266439881450000E+00 
 0.450124007777774E+00  0.124408161211219E+00  0.268823802317557E+00 
 0.442322124871651E+00  0.149800369835689E+00  0.257167676560646E+00 
 0.431342361237686E+00  0.178977038627255E+00  0.259822654035457E+00 
 0.419498695048163E+00  0.205206865886048E+00  0.252735325895005E+00 
 0.405421424404237E+00  0.231781107055616E+00  0.258484861650989E+00 
 0.391887646932141E+00  0.253994262013682E+00  0.251949055627676E+00 
 0.374954499148370E+00  0.278384871216589E+00  0.248162033352666E+00 
 0.336121930626226E+00  0.324208360018645E+00  0.238345278390742E-01 
 0.356289616133229E+00  0.301905154625614E+00  0.243621227513862E+00 
 0.336785576117140E+00  0.323518915479956E+00  0.237426639718810E+00 
 0.372015050178792E+00  0.282300930558779E+00  0.219737360935359E+00 
 0.353680840103327E+00  0.304957171251447E+00  0.215208625929999E+00 
 0.335586522753213E+00  0.324762526625668E+00  0.207549922359264E+00 
 0.464198471772364E+00  0.510763326608957E-01  0.183842165711516E+00 
 0.458853301231910E+00  0.868484939562213E-01  0.171507462673689E+00 
 0.452077224196191E+00  0.117111896564564E+00  0.184502703309267E+00 
 0.466172181263679E+00  0.277940707659747E-01  0.208486829165285E+00 
 0.463325239131563E+00  0.584699558539716E-01  0.214957511629133E+00 
 0.458323814773177E+00  0.896007464569779E-01  0.206154798422765E+00 
 0.451185208538314E+00  0.120502782333523E+00  0.211806554688217E+00 
 0.444094176889341E+00  0.144462365365032E+00  0.200950853655534E+00 
 0.435222538214234E+00  0.169323226948468E+00  0.191496905820219E+00 
 0.421885531300115E+00  0.200253867462045E+00  0.196638648979477E+00 
 0.404518848215835E+00  0.233352768125903E+00  0.194661756598722E+00 
 0.385340117162324E+00  0.263821923007188E+00  0.188606105691372E+00 
 0.367162513748932E+00  0.288583959102800E+00  0.195758207356736E+00 
 0.352314842642576E+00  0.306534279661536E+00  0.186709732478195E+00 
 0.334830977406485E+00  0.325541440561565E+00  0.178455015564484E+00 
 0.483901631952585E+00  0.000000000000000E+00  0.976993634115834E+00 
