 0.500000000000000E+00 -0.462592926927149E-17  0.000000000000000E+00 
 0.358193192703848E+00  0.348851883613409E+00  0.000000000000000E+00 
 0.372577608490942E+00  0.333445536259177E+00  0.000000000000000E+00 
 0.388051578305038E+00  0.315302985356893E+00  0.000000000000000E+00 
 0.404185766663560E+00  0.294336314488359E+00  0.000000000000000E+00 
 0.420627654697256E+00  0.270319026529554E+00  0.000000000000000E+00 
 0.436742454902576E+00  0.243425610989623E+00  0.000000000000000E+00 
 0.451636154205398E+00  0.214533876612897E+00  0.000000000000000E+00 
 0.464509097716303E+00  0.185017021213686E+00  0.000000000000000E+00 
 0.475166130557750E+00  0.155618599051575E+00  0.000000000000000E+00 
 0.483827978383128E+00  0.126136780257367E+00  0.000000000000000E+00 
 0.490562200149220E+00  0.966888193368639E-01  0.000000000000000E+00 
 0.495350564210365E+00  0.680280716798080E-01  0.000000000000000E+00 
 0.498313315431455E+00  0.410346154327204E-01  0.000000000000000E+00 
 0.499728810888267E+00  0.164655873930813E-01  0.000000000000000E+00 
 0.347400000877678E+00  0.359601500817487E+00  0.000000000000000E+00 
 0.347400000877678E+00  0.355977527750414E+00  0.000000000000000E+00 
 0.496606556372177E+00  0.280836080529477E-01  0.000000000000000E+00 
 0.494466791627541E+00  0.539384172059145E-01  0.000000000000000E+00 
 0.490616474952066E+00  0.818671813288347E-01  0.000000000000000E+00 
 0.484819953609995E+00  0.111159225684230E+00  0.000000000000000E+00 
 0.477100139227573E+00  0.140649273094961E+00  0.000000000000000E+00 
 0.467541649942744E+00  0.169739702020263E+00  0.000000000000000E+00 
 0.455923498883740E+00  0.198847992292408E+00  0.000000000000000E+00 
 0.441922900320440E+00  0.228278144038113E+00  0.000000000000000E+00 
 0.426219318272472E+00  0.256405642692319E+00  0.000000000000000E+00 
 0.409900830658864E+00  0.281758886103490E+00  0.000000000000000E+00 
 0.393580495600128E+00  0.304140024258991E+00  0.000000000000000E+00 
 0.377942683524856E+00  0.323366802320726E+00  0.000000000000000E+00 
 0.362557520275865E+00  0.340527246141214E+00  0.000000000000000E+00 
 0.497400000877699E+00  0.208166817117217E-16  0.000000000000000E+00 
 0.347400000877678E+00  0.359601500817487E+00  0.100000000000000E+01 
 0.499279782260460E+00  0.268272068234424E-01  0.100000000000000E+01 
 0.497069825737030E+00  0.540517191378653E-01  0.100000000000000E+01 
 0.492957384841368E+00  0.836242592215909E-01  0.100000000000000E+01 
 0.486628396282186E+00  0.114859931794461E+00  0.100000000000000E+01 
 0.478303225560648E+00  0.145691538595346E+00  0.100000000000000E+01 
 0.468334933359294E+00  0.175106796542412E+00  0.100000000000000E+01 
 0.456432601825990E+00  0.204130546441137E+00  0.100000000000000E+01 
 0.443180441057207E+00  0.231497508980852E+00  0.100000000000000E+01 
 0.428746842091754E+00  0.257247245653571E+00  0.100000000000000E+01 
 0.412695741716283E+00  0.282280400965506E+00  0.100000000000000E+01 
 0.395121063609395E+00  0.306397364695227E+00  0.100000000000000E+01 
 0.377123141648657E+00  0.328295805689087E+00  0.100000000000000E+01 
 0.359970255697832E+00  0.347017888606391E+00  0.100000000000000E+01 
 0.500000000000000E+00 -0.462592926927149E-17  0.100000000000000E+01 
 0.497400000877699E+00  0.208166817117217E-16  0.100000000000000E+01 
 0.366037648934795E+00  0.336783610698904E+00  0.100000000000000E+01 
 0.383536099003429E+00  0.316712522067462E+00  0.100000000000000E+01 
 0.401707040456322E+00  0.293322713953295E+00  0.100000000000000E+01 
 0.419048158299937E+00  0.267965299803053E+00  0.100000000000000E+01 
 0.433867188236957E+00  0.243240670621652E+00  0.100000000000000E+01 
 0.447567294887333E+00  0.217002943344900E+00  0.100000000000000E+01 
 0.460326456908936E+00  0.188431191533616E+00  0.100000000000000E+01 
 0.471355321573067E+00  0.158842442998906E+00  0.100000000000000E+01 
 0.480258053283453E+00  0.129456414014526E+00  0.100000000000000E+01 
 0.487542311198309E+00  0.985355553317143E-01  0.100000000000000E+01 
 0.492744872521847E+00  0.678914683634603E-01  0.100000000000000E+01 
 0.495821591466070E+00  0.395943216782585E-01  0.100000000000000E+01 
 0.497176745782439E+00  0.149011518444246E-01  0.100000000000000E+01 
 0.347400000877678E+00  0.355977527750414E+00  0.100000000000000E+01 
 0.500000000000000E+00 -0.138777878078145E-16  0.971708534988633E+00 
 0.500000000000000E+00 -0.138777878078145E-16  0.943594338600552E+00 
 0.500000000000000E+00 -0.138777878078145E-16  0.914213482327550E+00 
 0.500000000000000E+00 -0.138777878078145E-16  0.883378094459741E+00 
 0.500000000000000E+00 -0.138777878078145E-16  0.853957161682787E+00 
 0.500000000000000E+00 -0.138777878078145E-16  0.825057243048599E+00 
 0.500000000000000E+00 -0.138777878078145E-16  0.794096953857273E+00 
 0.500000000000000E+00 -0.138777878078145E-16  0.761010932151973E+00 
 0.500000000000000E+00 -0.138777878078145E-16  0.727493101479686E+00 
 0.500000000000000E+00 -0.138777878078145E-16  0.695317228992288E+00 
 0.500000000000000E+00 -0.138777878078145E-16  0.665464110007663E+00 
 0.500000000000000E+00 -0.138777878078145E-16  0.636037101955323E+00 
 0.500000000000000E+00 -0.138777878078145E-16  0.606078745814101E+00 
 0.500000000000000E+00 -0.138777878078145E-16  0.575852467489369E+00 
 0.500000000000000E+00 -0.138777878078145E-16  0.545394284516446E+00 
 0.500000000000000E+00 -0.138777878078145E-16  0.514772172416577E+00 
 0.500000000000000E+00 -0.138777878078145E-16  0.483978546521690E+00 
 0.500000000000000E+00 -0.138777878078145E-16  0.453033090212474E+00 
 0.500000000000000E+00 -0.138777878078145E-16  0.421952556927635E+00 
 0.500000000000000E+00 -0.138777878078145E-16  0.390884470428995E+00 
 0.500000000000000E+00 -0.138777878078145E-16  0.360961712579575E+00 
 0.500000000000000E+00 -0.138777878078145E-16  0.332706135231419E+00 
 0.500000000000000E+00 -0.138777878078145E-16  0.304542272574699E+00 
 0.500000000000000E+00 -0.138777878078145E-16  0.275866033019951E+00 
 0.500000000000000E+00 -0.138777878078145E-16  0.247080290069563E+00 
 0.500000000000000E+00 -0.138777878078145E-16  0.218115980596435E+00 
 0.500000000000000E+00 -0.138777878078145E-16  0.188923010559945E+00 
 0.500000000000000E+00 -0.138777878078145E-16  0.161537306518557E+00 
 0.500000000000000E+00 -0.138777878078145E-16  0.133219698078877E+00 
 0.500000000000000E+00 -0.138777878078145E-16  0.102189478258126E+00 
 0.500000000000000E+00 -0.138777878078145E-16  0.704591980091076E-01 
 0.500000000000000E+00 -0.138777878078145E-16  0.409301290594906E-01 
 0.500000000000000E+00 -0.138777878078145E-16  0.156447862285453E-01 
 0.347400000877678E+00  0.359601500817487E+00  0.193356323811180E-01 
 0.347400000877678E+00  0.359601500817487E+00  0.608769857481277E-01 
 0.347400000877678E+00  0.359601500817487E+00  0.892579079014617E-01 
 0.347400000877678E+00  0.359601500817487E+00  0.120277409084774E+00 
 0.347400000877678E+00  0.359601500817487E+00  0.151379130676430E+00 
 0.347400000877678E+00  0.359601500817487E+00  0.179743370154575E+00 
 0.347400000877678E+00  0.359601500817487E+00  0.208459348750727E+00 
 0.347400000877678E+00  0.359601500817487E+00  0.236374195597148E+00 
 0.347400000877678E+00  0.359601500817487E+00  0.281787232579837E+00 
 0.347400000877678E+00  0.359601500817487E+00  0.305682591631269E+00 
 0.347400000877678E+00  0.359601500817487E+00  0.328624508655361E+00 
 0.347400000877678E+00  0.359601500817487E+00  0.359865873842817E+00 
 0.347400000877678E+00  0.359601500817487E+00  0.395081122394328E+00 
 0.347400000877678E+00  0.359601500817487E+00  0.433927939801769E+00 
 0.347400000877678E+00  0.359601500817487E+00  0.468405659563291E+00 
 0.347400000877678E+00  0.359601500817487E+00  0.490920346533795E+00 
 0.347400000877678E+00  0.359601500817487E+00  0.516877667548538E+00 
 0.347400000877678E+00  0.359601500817487E+00  0.543185962615338E+00 
 0.347400000877678E+00  0.359601500817487E+00  0.566788347121020E+00 
 0.347400000877678E+00  0.359601500817487E+00  0.599943443421714E+00 
 0.347400000877678E+00  0.359601500817487E+00  0.639185902550678E+00 
 0.347400000877678E+00  0.359601500817487E+00  0.667516650405733E+00 
 0.347400000877678E+00  0.359601500817487E+00  0.694173161915414E+00 
 0.347400000877678E+00  0.359601500817487E+00  0.734123757669306E+00 
 0.347400000877678E+00  0.359601500817487E+00  0.769439600984397E+00 
 0.347400000877678E+00  0.359601500817487E+00  0.792125128476202E+00 
 0.347400000877678E+00  0.359601500817487E+00  0.816377344716817E+00 
 0.347400000877678E+00  0.359601500817487E+00  0.843817470720059E+00 
 0.347400000877678E+00  0.359601500817487E+00  0.871243894773151E+00 
 0.347400000877678E+00  0.359601500817487E+00  0.895920944614956E+00 
 0.347400000877678E+00  0.359601500817487E+00  0.922082086514146E+00 
 0.347400000877678E+00  0.359601500817487E+00  0.957773118776934E+00 
 0.347400000877678E+00  0.359601500817487E+00  0.983484268887709E+00 
 0.446400559060870E+00  0.225225533344120E+00  0.902806430127873E+00 
 0.448548673394117E+00  0.220916471989705E+00  0.875509927213936E+00 
 0.461621781667043E+00  0.192107601855171E+00  0.894239500062857E+00 
 0.454716083371249E+00  0.207926149205701E+00  0.851466342541543E+00 
 0.457385625073824E+00  0.201986113324226E+00  0.219460095049520E+00 
 0.460517460167726E+00  0.194740003288147E+00  0.163274752265203E+00 
 0.461197955496757E+00  0.193122877582154E+00  0.131128292299794E+00 
 0.446315586511763E+00  0.225393871337846E+00  0.114855252006247E+00 
 0.455984806274642E+00  0.205128877651777E+00  0.910689202944411E-01 
 0.440478923478313E+00  0.236597375241964E+00  0.850256257487387E-01 
 0.460842156618625E+00  0.193970375787374E+00  0.954436233349830E+00 
 0.441542403314415E+00  0.234606705094571E+00  0.930203538263149E+00 
 0.454788949064706E+00  0.207766724497983E+00  0.929584986486571E+00 
 0.466802910592222E+00  0.179150893558001E+00  0.934425534653688E+00 
 0.364772387026614E+00  0.341966527108877E+00  0.170251539037761E-01 
 0.484030672732684E+00  0.125356722412264E+00  0.849705116287288E+00 
 0.483318011424191E+00  0.128076929354844E+00  0.820212910810269E+00 
 0.490154833865149E+00  0.987331699006375E-01  0.834611702162146E+00 
 0.495102129110655E+00  0.698131918056816E-01  0.816449895362539E+00 
 0.388319821443039E+00  0.314972564320206E+00  0.813882867585145E+00 
 0.400518414298697E+00  0.299307533830436E+00  0.836464620995824E+00 
 0.404080164079987E+00  0.294481274442180E+00  0.807117809845965E+00 
 0.411652172879476E+00  0.283800085559546E+00  0.859481217398324E+00 
 0.415850147556197E+00  0.277612418269589E+00  0.831068086833496E+00 
 0.419199212532619E+00  0.272528934632695E+00  0.801941618406468E+00 
 0.422093287655776E+00  0.268024731164754E+00  0.882785750052897E+00 
 0.426620248618777E+00  0.260758822417293E+00  0.855004372667512E+00 
 0.379276036549546E+00  0.325806212493359E+00  0.212139395920300E-01 
 0.365845365560094E+00  0.340818380516957E+00  0.397342976121150E-01 
 0.430596168372275E+00  0.254139606876055E+00  0.826622119962414E+00 
 0.433441838759678E+00  0.249255235476869E+00  0.797583039755009E+00 
 0.432178500513594E+00  0.251439343965541E+00  0.906023140152007E+00 
 0.436332269403946E+00  0.244160092309949E+00  0.878989286234340E+00 
 0.440768180155614E+00  0.236058067776360E+00  0.851454238234491E+00 
 0.444843145527545E+00  0.228286171016029E+00  0.822971988777562E+00 
 0.446335626301110E+00  0.225354184994191E+00  0.793196282864603E+00 
 0.472999874916294E+00  0.162083676936235E+00  0.915145834602234E+00 
 0.474540249524823E+00  0.157516829516463E+00  0.887154310461232E+00 
 0.467448677768464E+00  0.177459104169143E+00  0.856810545692426E+00 
 0.459309801535832E+00  0.197571521766458E+00  0.818364450961519E+00 
 0.456631239003347E+00  0.203685815820022E+00  0.786173814829395E+00 
 0.483291777419416E+00  0.128175886495010E+00  0.881401927771254E+00 
 0.477145581889855E+00  0.149439264194492E+00  0.860452122170321E+00 
 0.474395700446934E+00  0.157951636260795E+00  0.827816193123438E+00 
 0.467127827880029E+00  0.178301969759410E+00  0.792029004913285E+00 
 0.397740459700359E+00  0.302989317827126E+00  0.189739715568903E+00 
 0.403103132830146E+00  0.295817281953779E+00  0.165287393358635E+00 
 0.421641404333021E+00  0.268735048239113E+00  0.185968193306800E+00 
 0.413700090205411E+00  0.280806401928508E+00  0.147971141915774E+00 
 0.444119288922161E+00  0.229691221441469E+00  0.212097347903484E+00 
 0.440270352644548E+00  0.236985266593190E+00  0.178665475340907E+00 
 0.430259168678959E+00  0.254709732377252E+00  0.154195895389070E+00 
 0.422357781724974E+00  0.267607743192082E+00  0.126175010614996E+00 
 0.455382563682933E+00  0.206462395349757E+00  0.189452687195947E+00 
 0.395631316784458E+00  0.305738223288151E+00  0.230795245373944E-01 
 0.385080124701599E+00  0.318925222520579E+00  0.445405860400866E-01 
 0.373117193706748E+00  0.332841643669180E+00  0.653369350448312E-01 
 0.363465638848178E+00  0.343355106816086E+00  0.883608420210284E-01 
 0.447519954141197E+00  0.222993028244072E+00  0.151180465605231E+00 
 0.435971597369778E+00  0.244803525887281E+00  0.130349329610106E+00 
 0.431423093360717E+00  0.252733287311091E+00  0.105078369671507E+00 
 0.497804644232602E+00  0.468031642141022E-01  0.209555108063701E+00 
 0.494780202636977E+00  0.720593580217873E-01  0.192451820491569E+00 
 0.490751067988096E+00  0.957255935920141E-01  0.171330531718704E+00 
 0.490250139577474E+00  0.982588451197534E-01  0.200197194024843E+00 
 0.485962073837777E+00  0.117647196274655E+00  0.149471297585291E+00 
 0.483961783389517E+00  0.125622419250857E+00  0.205272669596634E+00 
 0.484893748119666E+00  0.121975624755366E+00  0.177098250192364E+00 
 0.476092425721773E+00  0.152761258735185E+00  0.209509045320181E+00 
 0.477364588018718E+00  0.148738193164093E+00  0.181938294017565E+00 
 0.478880049666495E+00  0.143784206474200E+00  0.154954687514869E+00 
 0.480148205617236E+00  0.139490862218816E+00  0.127551215716303E+00 
 0.466857194443858E+00  0.179009385217673E+00  0.213535569570033E+00 
 0.468066205589022E+00  0.175823852720543E+00  0.186147456721148E+00 
 0.470170697636229E+00  0.170116181135896E+00  0.159258009552249E+00 
 0.472544839109416E+00  0.163405553856214E+00  0.135059649233345E+00 
 0.471028188487186E+00  0.167727295484307E+00  0.105715863951347E+00 
 0.466078816542251E+00  0.181026342753133E+00  0.769742089018741E-01 
 0.447382474148055E+00  0.223268721107917E+00  0.640204432594241E-01 
 0.458082246037943E+00  0.200401237183890E+00  0.569628399628064E-01 
 0.360851544942170E+00  0.346101376063212E+00  0.943250930795763E+00 
 0.365819335103543E+00  0.340846320303449E+00  0.971553406636125E+00 
 0.365663375470000E+00  0.341013629991363E+00  0.919079832688665E+00 
 0.377096835641127E+00  0.328326021736701E+00  0.944468932715602E+00 
 0.386498756325318E+00  0.317204526069510E+00  0.971553987145156E+00 
 0.362295748006355E+00  0.344589307693253E+00  0.871703291034012E+00 
 0.371953727039325E+00  0.334141324803675E+00  0.894423779496351E+00 
 0.383809010925236E+00  0.320453808110611E+00  0.917848873507312E+00 
 0.394853772600656E+00  0.306741745223941E+00  0.942876515662497E+00 
 0.406478935972359E+00  0.291161251904815E+00  0.969842173760682E+00 
 0.421031753858697E+00  0.269689195635772E+00  0.980682987254850E+00 
 0.369321388253330E+00  0.337048530895230E+00  0.850024478299544E+00 
 0.412278248962709E+00  0.282889811467720E+00  0.246746189358014E-01 
 0.402668000598641E+00  0.296409313777237E+00  0.474729565937829E-01 
 0.392250143613189E+00  0.310064226952147E+00  0.689831680013468E-01 
 0.381904250074869E+00  0.322721464694792E+00  0.899405139255688E-01 
 0.372051989248769E+00  0.334031910595431E+00  0.110011375598949E+00 
 0.379540815329170E+00  0.325497725797384E+00  0.869469275094616E+00 
 0.390129965058089E+00  0.312727693631016E+00  0.891458303525388E+00 
 0.401018029067654E+00  0.298637807992716E+00  0.914612847974583E+00 
 0.411719114762344E+00  0.283702961809199E+00  0.937770852720042E+00 
 0.422692020627155E+00  0.267079493219028E+00  0.957393814027364E+00 
 0.433991029372599E+00  0.248297777726891E+00  0.976303500306829E+00 
 0.360938280109493E+00  0.346010921723002E+00  0.808796022137430E+00 
 0.372325111663872E+00  0.333727450510870E+00  0.824507851362364E+00 
 0.384849390800997E+00  0.319203612761669E+00  0.843053405714754E+00 
 0.395944091872312E+00  0.305333057678677E+00  0.864535638162399E+00 
 0.406650439166753E+00  0.290921673866846E+00  0.887180436622150E+00 
 0.417093864314789E+00  0.275740291489939E+00  0.910021895967462E+00 
 0.427024334407683E+00  0.260096554809315E+00  0.931809547053061E+00 
 0.435327141244622E+00  0.245947718216261E+00  0.951992860547917E+00 
 0.448895214975441E+00  0.220211457404362E+00  0.965327373746698E+00 
 0.498696598943862E+00  0.360791103247447E-01  0.974991593529237E+00 
 0.499539267800510E+00  0.214597279882652E-01  0.953872192076134E+00 
 0.495794066101682E+00  0.647166440597894E-01  0.971571258435237E+00 
 0.497885512240145E+00  0.459349181056005E-01  0.948025472562255E+00 
 0.499394894491132E+00  0.245914488428624E-01  0.929013751946327E+00 
 0.491170546940003E+00  0.935494191251795E-01  0.965877525324930E+00 
 0.494590561770876E+00  0.733496844381049E-01  0.940755389905007E+00 
 0.497287339109880E+00  0.520125211945652E-01  0.918621219939378E+00 
 0.499219966994558E+00  0.279181760498935E-01  0.899328937289725E+00 
 0.499542294819063E+00  0.213891488120664E-01  0.839854137910525E+00 
 0.479926951000813E+00  0.140250211062454E+00  0.972405938024991E+00 
 0.485036123279083E+00  0.121408233305647E+00  0.953586832406591E+00 
 0.489557082866344E+00  0.101655607889559E+00  0.931586780463160E+00 
 0.493434788896984E+00  0.807595759411183E-01  0.908920983010970E+00 
 0.496500737272665E+00  0.590509770257848E-01  0.886608648532182E+00 
 0.498983951731601E+00  0.318593144043435E-01  0.866045427726952E+00 
 0.477832741316227E+00  0.147227277792601E+00  0.793886487111488E+00 
 0.487576854033966E+00  0.110764666795604E+00  0.796647763140428E+00 
 0.493046355856895E+00  0.830980804605979E-01  0.784826507255786E+00 
 0.497382874615727E+00  0.510908606210078E-01  0.787539036122953E+00 
 0.461534979109923E+00  0.192316049923045E+00  0.978378592348796E+00 
 0.470854326587697E+00  0.168214753020197E+00  0.968688719144151E+00 
 0.476786509964524E+00  0.150580954691650E+00  0.943396763180085E+00 
 0.482045603299477E+00  0.132785678217357E+00  0.916323150081570E+00 
 0.488243946690811E+00  0.107786123966774E+00  0.902301751423296E+00 
 0.490888502500544E+00  0.950183040933376E-01  0.873657578051190E+00 
 0.495371656539227E+00  0.678743095551071E-01  0.853649240142575E+00 
 0.497933229080077E+00  0.454147484622223E-01  0.838240384470168E+00 
 0.499033871140160E+00  0.310675949321212E-01  0.815176657933544E+00 
 0.359606576242071E+00  0.347394747115520E+00  0.783591356823493E+00 
 0.374980967084801E+00  0.330740493928619E+00  0.789515274587013E+00 
 0.391444406652693E+00  0.311080819884996E+00  0.782381252633295E+00 
 0.407079971709761E+00  0.290320334514791E+00  0.776860427685663E+00 
 0.421912809147894E+00  0.268308742826119E+00  0.772270301414666E+00 
 0.435742444235639E+00  0.245211178969376E+00  0.768167931600440E+00 
 0.448304987305618E+00  0.221410565142926E+00  0.764191017721690E+00 
 0.460000358255790E+00  0.195958338440968E+00  0.762195345848503E+00 
 0.428833901785509E+00  0.257102089994261E+00  0.270486386515838E-01 
 0.419325694281772E+00  0.272334283767414E+00  0.508070765252343E-01 
 0.409536164065431E+00  0.286845132994395E+00  0.729904448424480E-01 
 0.399481558938059E+00  0.300690013250222E+00  0.943238609993081E-01 
 0.389107251950725E+00  0.313999277832537E+00  0.115076308759624E+00 
 0.377007938060038E+00  0.328428096605207E+00  0.135155106244604E+00 
 0.365492731866046E+00  0.341196516619227E+00  0.155928038924295E+00 
 0.470748189635063E+00  0.168511548433069E+00  0.763465898724154E+00 
 0.480479902626801E+00  0.138344003020514E+00  0.763870871262668E+00 
 0.488405535397378E+00  0.107051543628296E+00  0.762018231217777E+00 
 0.494314945190650E+00  0.751846723818414E-01  0.758904073663220E+00 
 0.498386665672400E+00  0.401339193195417E-01  0.759747886393133E+00 
 0.362751209707686E+00  0.344109807845708E+00  0.759235841739345E+00 
 0.378516606317868E+00  0.326688198044564E+00  0.755269835066728E+00 
 0.394264150236241E+00  0.307499235508797E+00  0.750644293626241E+00 
 0.409603498319529E+00  0.286748974129645E+00  0.746329443640359E+00 
 0.424248648968942E+00  0.264599856099786E+00  0.742458481290228E+00 
 0.437992321818350E+00  0.241169496471198E+00  0.739018775764306E+00 
 0.450759080034885E+00  0.216370635175165E+00  0.736297699400843E+00 
 0.462506187772643E+00  0.189968487576274E+00  0.734844611820013E+00 
 0.473041923969604E+00  0.161960915554140E+00  0.734448766126234E+00 
 0.482157584875639E+00  0.132378485211498E+00  0.733658779516900E+00 
 0.489578201375019E+00  0.101553851420821E+00  0.732039507827040E+00 
 0.495170646480378E+00  0.693255426535196E-01  0.730364309119802E+00 
 0.498752124815445E+00  0.353032292018542E-01  0.729489979094542E+00 
 0.363876722377438E+00  0.342919423351686E+00  0.727298625215754E+00 
 0.380262821931332E+00  0.324653948469474E+00  0.723139645225835E+00 
 0.396216877799580E+00  0.304978992303983E+00  0.719412021562736E+00 
 0.411591859391974E+00  0.283887550417868E+00  0.715918357242875E+00 
 0.426233514518800E+00  0.261390495429639E+00  0.712724071917292E+00 
 0.439997177644128E+00  0.237492070741744E+00  0.709940655096741E+00 
 0.452756976753787E+00  0.212158242830135E+00  0.707744280406751E+00 
 0.464363368929536E+00  0.185382473811338E+00  0.706230084582869E+00 
 0.474628752313329E+00  0.157249952233673E+00  0.705128852385887E+00 
 0.483375724537677E+00  0.127858941524150E+00  0.703893882954200E+00 
 0.490439967813851E+00  0.973069266329447E-01  0.702362632925077E+00 
 0.495675072069816E+00  0.656218174739346E-01  0.700697261434109E+00 
 0.498911366786233E+00  0.329764778515310E-01  0.698778235834133E+00 
 0.364806994001995E+00  0.341929608438971E+00  0.693967455987503E+00 
 0.381527568589316E+00  0.323166697551472E+00  0.691492502226984E+00 
 0.397661406709800E+00  0.303093064278256E+00  0.688556085956551E+00 
 0.413136783042854E+00  0.281634512261907E+00  0.685675629721510E+00 
 0.427826006183205E+00  0.258775787958085E+00  0.683008823695655E+00 
 0.441588244290995E+00  0.234520409568116E+00  0.680650504826658E+00 
 0.454273890538478E+00  0.208890479378632E+00  0.678674770992551E+00 
 0.465719087701010E+00  0.181949804481728E+00  0.677065226393817E+00 
 0.475755613637209E+00  0.153807009244321E+00  0.675651707662039E+00 
 0.484231955572349E+00  0.124576936880704E+00  0.674194471170514E+00 
 0.491012397902811E+00  0.943759773763025E-01  0.672574654952423E+00 
 0.495970031479224E+00  0.633539886234308E-01  0.670739133799969E+00 
 0.498989567613968E+00  0.317712356137607E-01  0.668501740918326E+00 
 0.365228269455982E+00  0.341479591176674E+00  0.663874471179729E+00 
 0.382289019694970E+00  0.322265582122352E+00  0.660748864113728E+00 
 0.398669785217564E+00  0.301765475749930E+00  0.658040454010531E+00 
 0.414287641204894E+00  0.279938833220554E+00  0.655558236900490E+00 
 0.429034031071436E+00  0.256767989014585E+00  0.653256581290408E+00 
 0.442781314400755E+00  0.232260000037760E+00  0.651159006682323E+00 
 0.455385044918590E+00  0.206456922539531E+00  0.649288595959870E+00 
 0.466689806648081E+00  0.179445324181982E+00  0.647617067658402E+00 
 0.460559330633163E+00  0.194640959118920E+00  0.279030136961917E-01 
 0.468858215676343E+00  0.173700816327373E+00  0.520182960038825E-01 
 0.475431195778317E+00  0.154806905791697E+00  0.767317054563488E-01 
 0.481559248106603E+00  0.134538806903447E+00  0.100396707635040E+00 
 0.487219500187744E+00  0.112326126243210E+00  0.122552670150523E+00 
 0.491601989319080E+00  0.912550497097216E-01  0.144027459254792E+00 
 0.494975158864092E+00  0.707077938240677E-01  0.164425107710023E+00 
 0.497739904247384E+00  0.474867109811255E-01  0.181488072388314E+00 
 0.499449304761997E+00  0.234604341979820E-01  0.198064905992802E+00 
 0.476544854657222E+00  0.151343984022250E+00  0.646043522856151E+00 
 0.484815269779437E+00  0.122287179167285E+00  0.644439290980612E+00 
 0.491383724471933E+00  0.924231319751287E-01  0.642706423965980E+00 
 0.496149405500475E+00  0.619335726526836E-01  0.640764923362437E+00 
 0.499035113846120E+00  0.310476271007854E-01  0.638538453906292E+00 
 0.365335743790846E+00  0.341364606116084E+00  0.632964605458499E+00 
 0.382777677932668E+00  0.321685015623164E+00  0.629941690347205E+00 
 0.399400433199987E+00  0.300797762557607E+00  0.627644111874590E+00 
 0.415139151813623E+00  0.278674513781698E+00  0.625517234098519E+00 
 0.429922988623534E+00  0.255276759328006E+00  0.623473398314853E+00 
 0.443646831248884E+00  0.230602448215157E+00  0.621531836553962E+00 
 0.456176959783268E+00  0.204701200198961E+00  0.619713512722585E+00 
 0.467369907253130E+00  0.177666456581429E+00  0.617998698468268E+00 
 0.477086912090407E+00  0.149626462606184E+00  0.616326603312240E+00 
 0.485206134254612E+00  0.120726994834194E+00  0.614613886902684E+00 
 0.491625292896302E+00  0.911294210703949E-01  0.612783318471750E+00 
 0.496263538854375E+00  0.610122938737113E-01  0.610769185709236E+00 
 0.499064637075332E+00  0.305693968024785E-01  0.608539323492435E+00 
 0.365744679105523E+00  0.340926428582470E+00  0.600092445159879E+00 
 0.383311048373922E+00  0.321049280009292E+00  0.599008419100042E+00 
 0.400005879042650E+00  0.299992161116449E+00  0.597406832451796E+00 
 0.415780684204812E+00  0.277716442873263E+00  0.595582698238374E+00 
 0.430567208993385E+00  0.254188667213247E+00  0.593694198987611E+00 
 0.444260131240342E+00  0.229418691022145E+00  0.591830075655564E+00 
 0.456729943933354E+00  0.203464390777933E+00  0.590025255292666E+00 
 0.467838141646089E+00  0.176429796863041E+00  0.588272048938771E+00 
 0.477454797255134E+00  0.148448363339103E+00  0.586525928654576E+00 
 0.485467081316873E+00  0.119673359431734E+00  0.584725238925196E+00 
 0.491784221567538E+00  0.902678204966270E-01  0.582805344329434E+00 
 0.496338106056456E+00  0.604026860022789E-01  0.580709426281190E+00 
 0.499083853733589E+00  0.302540401009404E-01  0.578410514859776E+00 
 0.366116113640743E+00  0.340527519200136E+00  0.569332161835865E+00 
 0.446059863164681E+00  0.225899531813385E+00  0.327020002798664E-01 
 0.434838969311475E+00  0.246809786613365E+00  0.558404790168326E-01 
 0.425608467054170E+00  0.262406998328550E+00  0.779311988456183E-01 
 0.416070781336097E+00  0.277281634657562E+00  0.993318248037955E-01 
 0.406373372710388E+00  0.291308568277667E+00  0.120472389307385E+00 
 0.396087664204683E+00  0.305146788062529E+00  0.140670228400268E+00 
 0.385942810028681E+00  0.317880712512045E+00  0.161783118368089E+00 
 0.376108310592396E+00  0.329457946790381E+00  0.183451268031172E+00 
 0.383755286719319E+00  0.320518142879577E+00  0.568990920914405E+00 
 0.400464770975379E+00  0.299379303238613E+00  0.567590344998358E+00 
 0.416243139447639E+00  0.277022830941375E+00  0.565823121623815E+00 
 0.431020595913278E+00  0.253419111154946E+00  0.563955731616778E+00 
 0.444687616074437E+00  0.228588985102157E+00  0.562095119141312E+00 
 0.457112638592307E+00  0.202603148147257E+00  0.560273522533378E+00 
 0.468160659346976E+00  0.175572198937657E+00  0.558477445372741E+00 
 0.477706432807003E+00  0.147636594565195E+00  0.556666983200429E+00 
 0.485644553144530E+00  0.118951116014312E+00  0.554784946133620E+00 
 0.491891943728281E+00  0.896789590439910E-01  0.552771476635051E+00 
 0.496388730333505E+00  0.599852348323405E-01  0.550568486904288E+00 
 0.499096981911490E+00  0.300366883467890E-01  0.548140742206619E+00 
 0.366242111733687E+00  0.340392002833277E+00  0.541709644085077E+00 
 0.383985472851383E+00  0.320242340484671E+00  0.540108272437657E+00 
 0.400746879427369E+00  0.299001569609970E+00  0.538216471909314E+00 
 0.416548982364329E+00  0.276562733012316E+00  0.536228330222874E+00 
 0.431332282788301E+00  0.252888239791085E+00  0.534260923103960E+00 
 0.444988164037562E+00  0.228003363717468E+00  0.532350902930673E+00 
 0.457385942571088E+00  0.201985394368894E+00  0.530490672027034E+00 
 0.468392733994342E+00  0.174952126998516E+00  0.528648808731983E+00 
 0.477888680972694E+00  0.147045600404018E+00  0.526775361894922E+00 
 0.485773672971916E+00  0.118422711704191E+00  0.524811544186427E+00 
 0.491970980806153E+00  0.892443502112731E-01  0.522692675869828E+00 
 0.496426323939677E+00  0.596733181559286E-01  0.520353690539785E+00 
 0.499106862502695E+00  0.298720572226926E-01  0.517749603977645E+00 
 0.366307935086961E+00  0.340321166976618E+00  0.514259685616607E+00 
 0.384101981888996E+00  0.320102589038179E+00  0.511542714219025E+00 
 0.400908471691842E+00  0.298784867966421E+00  0.508993858332471E+00 
 0.416751374975730E+00  0.276257654112676E+00  0.506687422534223E+00 
 0.431560310929076E+00  0.252498906989317E+00  0.504580059310242E+00 
 0.445221983673190E+00  0.227546446366691E+00  0.502606158485403E+00 
 0.457605791888050E+00  0.201486821480986E+00  0.500705319079097E+00 
 0.468583649037121E+00  0.174440144046766E+00  0.498817531399950E+00 
 0.478040597568275E+00  0.146550970916493E+00  0.496882583210782E+00 
 0.485882882188519E+00  0.117973830980340E+00  0.494832469272765E+00 
 0.492038883843451E+00  0.888692116882494E-01  0.492595136605924E+00 
 0.496459391547863E+00  0.593975802867924E-01  0.490090826990680E+00 
 0.499115860128171E+00  0.297213419702995E-01  0.487260005046987E+00 
 0.366328578676692E+00  0.340298945700269E+00  0.486881282105174E+00 
 0.384122746385122E+00  0.320077671369859E+00  0.482808150077147E+00 
 0.401001498726088E+00  0.298660004050477E+00  0.479630709930083E+00 
 0.416917035395956E+00  0.276007582498466E+00  0.477076987966630E+00 
 0.431773614077784E+00  0.252133984591941E+00  0.474881272543584E+00 
 0.445452313668308E+00  0.227095214056906E+00  0.472875296436296E+00 
 0.457828129935233E+00  0.200981102196219E+00  0.470948013195067E+00 
 0.468778822995911E+00  0.173914965171396E+00  0.469022003573417E+00 
 0.478197543202817E+00  0.146038041875362E+00  0.467026071514058E+00 
 0.485996595705381E+00  0.117504506138193E+00  0.464887593388593E+00 
 0.492110572725001E+00  0.884713751010558E-01  0.462521362535571E+00 
 0.496494960549070E+00  0.590995274886105E-01  0.459827317568182E+00 
 0.499125855432996E+00  0.295530106466356E-01  0.456714620383536E+00 
 0.366123641689119E+00  0.340519425284810E+00  0.458517027839654E+00 
 0.384081037371214E+00  0.320127719405634E+00  0.453283125531490E+00 
 0.401116688589964E+00  0.298505279910795E+00  0.449881791322767E+00 
 0.417140291830059E+00  0.275670050843274E+00  0.447324878133766E+00 
 0.432053467672666E+00  0.251654129852910E+00  0.445171271692226E+00 
 0.445748804654746E+00  0.226512699751837E+00  0.443191738947878E+00 
 0.458108984900791E+00  0.200340105703195E+00  0.441264434082336E+00 
 0.469023209810571E+00  0.173254808472922E+00  0.439307006704979E+00 
 0.478392556651477E+00  0.145397942696805E+00  0.437253013560485E+00 
 0.486137728694338E+00  0.116919240246892E+00  0.435026460857485E+00 
 0.492199457759076E+00  0.879755294480884E-01  0.432532741658011E+00 
 0.496539300697545E+00  0.587258279021467E-01  0.429639821195809E+00 
 0.499138520104092E+00  0.293383324048359E-01  0.426194748031146E+00 
 0.366135820665937E+00  0.340506330081073E+00  0.426666299445299E+00 
 0.384247393519540E+00  0.319928024051410E+00  0.422524690412225E+00 
 0.401423863443205E+00  0.298092069432133E+00  0.419705536061402E+00 
 0.417536589015905E+00  0.275069440020085E+00  0.417486619688853E+00 
 0.432491093399187E+00  0.250901283636365E+00  0.415517064903474E+00 
 0.446182001446109E+00  0.225658196362429E+00  0.413624869281961E+00 
 0.458505459545896E+00  0.199431049655281E+00  0.411713697265716E+00 
 0.471861693786515E+00  0.165367898749790E+00  0.257756897276675E-01 
 0.478323790958377E+00  0.145624005587014E+00  0.503033406975649E-01 
 0.483891905742336E+00  0.125891316448159E+00  0.739818353671308E-01 
 0.488766646187809E+00  0.105390538352933E+00  0.965512744220354E-01 
 0.492772693754497E+00  0.847057984434197E-01  0.118161824643583E+00 
 0.495759878178230E+00  0.649780208124720E-01  0.138631790797882E+00 
 0.497645276330468E+00  0.484683293086476E-01  0.157002115725478E+00 
 0.499430494880301E+00  0.238575100045537E-01  0.164719284895256E+00 
 0.469360192492655E+00  0.172339808817514E+00  0.409727801821665E+00 
 0.478658397976511E+00  0.144520372427419E+00  0.407613809058338E+00 
 0.486328344451608E+00  0.116123819188651E+00  0.405306620162109E+00 
 0.492318708136387E+00  0.873057250065491E-01  0.402705454366498E+00 
 0.496598030827090E+00  0.582271051887000E-01  0.399647305351049E+00 
 0.499155073725273E+00  0.290553329755023E-01  0.395878014548367E+00 
 0.366479061461227E+00  0.340136880550313E+00  0.393200650219521E+00 
 0.384746082413659E+00  0.319328126019838E+00  0.391246468931063E+00 
 0.402027716229873E+00  0.297277169293224E+00  0.389457122068088E+00 
 0.418204457486196E+00  0.274052972504727E+00  0.387762738280550E+00 
 0.433167374394962E+00  0.249731907772665E+00  0.386058605630603E+00 
 0.446820326092625E+00  0.224391613458437E+00  0.384269561630825E+00 
 0.459070133424685E+00  0.198127768365370E+00  0.382369685107629E+00 
 0.469831644268173E+00  0.171050361134564E+00  0.380340310415906E+00 
 0.479026374702909E+00  0.143295960651332E+00  0.378158642886313E+00 
 0.486591244271205E+00  0.115017220443727E+00  0.375780091391468E+00 
 0.492482307579114E+00  0.863781032528009E-01  0.373119361696472E+00 
 0.496677306025037E+00  0.575469693355890E-01  0.370004292290873E+00 
 0.499175860347874E+00  0.286960005220245E-01  0.366131321360968E+00 
 0.366991662324292E+00  0.339583744876655E+00  0.360910412434156E+00 
 0.385542842827694E+00  0.318365695928974E+00  0.360514537761781E+00 
 0.402984327075001E+00  0.295979107593608E+00  0.359612636341489E+00 
 0.419221195780935E+00  0.272495117402135E+00  0.358431479780100E+00 
 0.434159410216771E+00  0.248003238930918E+00  0.356960311039671E+00 
 0.447721742002414E+00  0.222587604637645E+00  0.355233166098916E+00 
 0.459848731231797E+00  0.196313892489826E+00  0.353302078607817E+00 
 0.470473056935972E+00  0.169278181397727E+00  0.351196828461608E+00 
 0.479525954198132E+00  0.141615180155132E+00  0.348923517086573E+00 
 0.486949988140863E+00  0.113488805833940E+00  0.346478785091509E+00 
 0.492708394534845E+00  0.850790100723792E-01  0.343823164447058E+00 
 0.496788777569585E+00  0.565765895129512E-01  0.340816917520062E+00 
 0.499205806270670E+00  0.281702500104238E-01  0.337163044053118E+00 
 0.367676244477747E+00  0.338842410637659E+00  0.330707759476229E+00 
 0.386702825665291E+00  0.316955713976700E+00  0.330798624783860E+00 
 0.404399221577308E+00  0.294042972348715E+00  0.330511969854748E+00 
 0.420697436015853E+00  0.270210413066720E+00  0.329740367271505E+00 
 0.435538676649083E+00  0.245572924286790E+00  0.328370728926942E+00 
 0.448929153230591E+00  0.220142261684722E+00  0.326590488717804E+00 
 0.460869915636664E+00  0.193904411659597E+00  0.324566571570914E+00 
 0.471309816287819E+00  0.166934289679329E+00  0.322334977499569E+00 
 0.480180432597012E+00  0.139379884312429E+00  0.319922417772068E+00 
 0.487428285876531E+00  0.111416633082620E+00  0.317392586348148E+00 
 0.493019989172900E+00  0.832543709120034E-01  0.314807324748342E+00 
 0.496950650403335E+00  0.551366580752078E-01  0.312099952844421E+00 
 0.499254262468323E+00  0.272980110486266E-01  0.308740084440815E+00 
 0.368559455851177E+00  0.337881528797719E+00  0.302667766635529E+00 
 0.388447766587365E+00  0.314814759236743E+00  0.301884355367336E+00 
 0.406526535140431E+00  0.291094789075167E+00  0.302377911117612E+00 
 0.422781312235472E+00  0.266938123962188E+00  0.301927428299490E+00 
 0.437345815855289E+00  0.242339921089927E+00  0.300327239498134E+00 
 0.450442642020235E+00  0.217028630023393E+00  0.298348360590165E+00 
 0.462140017446164E+00  0.190857549693114E+00  0.296205578219710E+00 
 0.472349939595617E+00  0.163968090078578E+00  0.293782436615140E+00 
 0.481000736853930E+00  0.136522126946429E+00  0.291132628667180E+00 
 0.488046903930108E+00  0.108674834088838E+00  0.288446118524581E+00 
 0.481081549047717E+00  0.136237084400135E+00  0.247773974131721E-01 
 0.486189344905003E+00  0.116704416800928E+00  0.485529966036611E-01 
 0.490526657377406E+00  0.968689754366641E-01  0.713765706636770E-01 
 0.494068631764750E+00  0.767866336422415E-01  0.933383705710109E-01 
 0.496795348926339E+00  0.565188577835492E-01  0.114635620749284E+00 
 0.498685910446251E+00  0.362265472049676E-01  0.136276626816728E+00 
 0.493446970265770E+00  0.806851134691671E-01  0.285987760436529E+00 
 0.497185764837759E+00  0.529746660460660E-01  0.283985894805073E+00 
 0.499329573738823E+00  0.258839098631804E-01  0.280796230829005E+00 
 0.369968495898177E+00  0.336338091870131E+00  0.272367879520460E+00 
 0.391641969169232E+00  0.310832057525035E+00  0.273024146633342E+00 
 0.409856485641423E+00  0.286387257359091E+00  0.275851471266766E+00 
 0.425539058653832E+00  0.262519541291711E+00  0.275145393335689E+00 
 0.439460739720137E+00  0.238483245207353E+00  0.272518605064026E+00 
 0.452217501038324E+00  0.213305723680011E+00  0.270486766898341E+00 
 0.463651983117237E+00  0.187154584639153E+00  0.268319023457837E+00 
 0.473572388881572E+00  0.160403218449633E+00  0.265546363369212E+00 
 0.481969486001456E+00  0.133061694576208E+00  0.262474117061869E+00 
 0.488820046956209E+00  0.105142577929829E+00  0.259451828709078E+00 
 0.494048414377155E+00  0.769166058235720E-01  0.257051402982782E+00 
 0.497539059267961E+00  0.495467910439387E-01  0.257229168676855E+00 
 0.499441777945364E+00  0.236201279161140E-01  0.253757534881903E+00 
 0.367134626907381E+00  0.339429176302772E+00  0.204524406863455E+00 
 0.387568644461064E+00  0.315896416299098E+00  0.213752017145322E+00 
 0.412002996639102E+00  0.283290541247675E+00  0.222035967417063E+00 
 0.429998423795447E+00  0.255149672806828E+00  0.221618484552603E+00 
 0.372987737468306E+00  0.332986707990385E+00  0.236638003791252E+00 
 0.398460509571971E+00  0.302041755907433E+00  0.245763692812891E+00 
 0.414808018938353E+00  0.279167167525910E+00  0.252984454162245E+00 
 0.428008570378583E+00  0.258473719519957E+00  0.248014329490933E+00 
 0.441677965181460E+00  0.234351392300463E+00  0.244186212183583E+00 
 0.454293720102456E+00  0.208847350654662E+00  0.243381400385182E+00 
 0.465402218369690E+00  0.182758789491973E+00  0.241118600695265E+00 
 0.474868637148803E+00  0.156524047521263E+00  0.237483721772607E+00 
 0.483012376266232E+00  0.129224782350940E+00  0.233837717486611E+00 
 0.489716096358532E+00  0.100886792829197E+00  0.230060578980686E+00 
 0.495027320342416E+00  0.703416812040109E-01  0.226339638016475E+00 
 0.498153411876322E+00  0.429322516993872E-01  0.234665118179041E+00 
 0.499501474811181E+00  0.223221114918550E-01  0.226408458999776E+00 
 0.499462258813549E+00  0.231830114710574E-01  0.211669076180265E-01 
 0.499155240080516E+00  0.290524749403896E-01  0.445889557836895E-01 
 0.497506553839972E+00  0.498721253434656E-01  0.225776505298445E-01 
 0.499491623240799E+00  0.225414798154794E-01  0.880248335029250E-01 
 0.498520520968001E+00  0.384355326981722E-01  0.672525747246434E-01 
 0.496552985813583E+00  0.586100015322959E-01  0.456345698078628E-01 
 0.493866136910439E+00  0.780784145148963E-01  0.232172621949890E-01 
 0.499240716433684E+00  0.275446374959333E-01  0.111420873383699E+00 
 0.497639881078057E+00  0.485236927759702E-01  0.906312425296038E-01 
 0.495369419618769E+00  0.678906334229091E-01  0.691394431238721E-01 
 0.492258840680041E+00  0.876426481362968E-01  0.469670177068057E-01 
 0.488411563241334E+00  0.107024038851825E+00  0.239343576369211E-01 
 0.347400000877678E+00  0.355977527750414E+00  0.346398392286498E-01 
 0.347400000877678E+00  0.355977527750414E+00  0.607525713676170E-01 
 0.347400000877678E+00  0.355977527750414E+00  0.891399500309394E-01 
 0.347400000877678E+00  0.355977527750414E+00  0.120192129453035E+00 
 0.347400000877678E+00  0.355977527750414E+00  0.151330682044908E+00 
 0.347400000877678E+00  0.355977527750414E+00  0.179701138146773E+00 
 0.347400000877678E+00  0.355977527750414E+00  0.207257715116680E+00 
 0.347400000877678E+00  0.355977527750414E+00  0.234972584083646E+00 
 0.347400000877678E+00  0.355977527750414E+00  0.259820647331582E+00 
 0.347400000877678E+00  0.355977527750414E+00  0.304940734034829E+00 
 0.347400000877678E+00  0.355977527750414E+00  0.342800464242017E+00 
 0.347400000877678E+00  0.355977527750414E+00  0.372871227442249E+00 
 0.347400000877678E+00  0.355977527750414E+00  0.394211059744243E+00 
 0.347400000877678E+00  0.355977527750414E+00  0.415752903883572E+00 
 0.347400000877678E+00  0.355977527750414E+00  0.449691940025250E+00 
 0.347400000877678E+00  0.355977527750414E+00  0.489097593726057E+00 
 0.347400000877678E+00  0.355977527750414E+00  0.515497318660777E+00 
 0.347400000877678E+00  0.355977527750414E+00  0.542518269469393E+00 
 0.347400000877678E+00  0.355977527750414E+00  0.581174054733919E+00 
 0.347400000877678E+00  0.355977527750414E+00  0.614411263540952E+00 
 0.347400000877678E+00  0.355977527750414E+00  0.638421516721608E+00 
 0.347400000877678E+00  0.355977527750414E+00  0.666507697412258E+00 
 0.347400000877678E+00  0.355977527750414E+00  0.692614326021404E+00 
 0.347400000877678E+00  0.355977527750414E+00  0.714779736746385E+00 
 0.347400000877678E+00  0.355977527750414E+00  0.750271758937404E+00 
 0.347400000877678E+00  0.355977527750414E+00  0.791046606596679E+00 
 0.347400000877678E+00  0.355977527750414E+00  0.817260919132590E+00 
 0.347400000877678E+00  0.355977527750414E+00  0.844613129847747E+00 
 0.347400000877678E+00  0.355977527750414E+00  0.871702133353649E+00 
 0.347400000877678E+00  0.355977527750414E+00  0.895718922365774E+00 
 0.347400000877678E+00  0.355977527750414E+00  0.920819382364698E+00 
 0.347400000877678E+00  0.355977527750414E+00  0.943312010177760E+00 
 0.347400000877678E+00  0.355977527750414E+00  0.972055997356748E+00 
 0.497400000877699E+00  0.346944695195361E-17  0.276486873712593E-01 
 0.497400000877699E+00  0.346944695195361E-17  0.557981315676778E-01 
 0.497400000877699E+00  0.346944695195361E-17  0.865644185160633E-01 
 0.497400000877699E+00  0.346944695195361E-17  0.118343186055938E+00 
 0.497400000877699E+00  0.346944695195361E-17  0.147606967626455E+00 
 0.497400000877699E+00  0.346944695195361E-17  0.174980997425664E+00 
 0.497400000877699E+00  0.346944695195361E-17  0.204316321719737E+00 
 0.497400000877699E+00  0.346944695195361E-17  0.233405853065667E+00 
 0.497400000877699E+00  0.346944695195361E-17  0.262371078449386E+00 
 0.497400000877699E+00  0.346944695195361E-17  0.291112184119929E+00 
 0.497400000877699E+00  0.346944695195361E-17  0.319797177920248E+00 
 0.497400000877699E+00  0.346944695195361E-17  0.347207537309484E+00 
 0.497400000877699E+00  0.346944695195361E-17  0.376192626041434E+00 
 0.497400000877699E+00  0.346944695195361E-17  0.407305638091741E+00 
 0.497400000877699E+00  0.346944695195361E-17  0.438532510579628E+00 
 0.497400000877699E+00  0.346944695195361E-17  0.469559606174613E+00 
 0.497400000877699E+00  0.346944695195361E-17  0.500471105833256E+00 
 0.497400000877699E+00  0.346944695195361E-17  0.531163627650639E+00 
 0.497400000877699E+00  0.346944695195361E-17  0.561725113118620E+00 
 0.497400000877699E+00  0.346944695195361E-17  0.592082155079909E+00 
 0.497400000877699E+00  0.346944695195361E-17  0.622157607013008E+00 
 0.497400000877699E+00  0.346944695195361E-17  0.651974684802364E+00 
 0.497400000877699E+00  0.346944695195361E-17  0.680819885995543E+00 
 0.497400000877699E+00  0.346944695195361E-17  0.711737367246402E+00 
 0.497400000877699E+00  0.346944695195361E-17  0.745598602500389E+00 
 0.497400000877699E+00  0.346944695195361E-17  0.778918057009550E+00 
 0.497400000877699E+00  0.346944695195361E-17  0.810339130362562E+00 
 0.497400000877699E+00  0.346944695195361E-17  0.839727892972699E+00 
 0.497400000877699E+00  0.346944695195361E-17  0.867957279853477E+00 
 0.497400000877699E+00  0.346944695195361E-17  0.898812159832728E+00 
 0.497400000877699E+00  0.346944695195361E-17  0.929559949484741E+00 
 0.497400000877699E+00  0.346944695195361E-17  0.958237192528770E+00 
 0.497400000877699E+00  0.346944695195361E-17  0.984097347432777E+00 
 0.448938559648683E+00  0.214151653119187E+00  0.155623184718809E+00 
 0.466113979432525E+00  0.173621770094323E+00  0.927345540007963E+00 
 0.444216243844693E+00  0.223782683819878E+00  0.920079453800469E+00 
 0.443654566023239E+00  0.224894168265533E+00  0.881605213719859E+00 
 0.442109270186262E+00  0.227916989468722E+00  0.135647601856572E+00 
 0.455085852485800E+00  0.200757634326535E+00  0.122902767715041E+00 
 0.441363225183898E+00  0.229358375317717E+00  0.110441871168122E+00 
 0.453330449163011E+00  0.204690656198022E+00  0.908505987299611E-01 
 0.494773381687578E+00  0.510495998667062E-01  0.836846235632602E+00 
 0.492553000129089E+00  0.692697837224258E-01  0.857803417191379E+00 
 0.491047361202784E+00  0.792417183616127E-01  0.832962517758434E+00 
 0.487678945687125E+00  0.978570733601427E-01  0.867002643290544E+00 
 0.485312221931817E+00  0.108989945025761E+00  0.832118064340133E+00 
 0.481349834695561E+00  0.125335938627629E+00  0.895105563867981E+00 
 0.479443334833624E+00  0.132441872369448E+00  0.861194152264646E+00 
 0.477315762693136E+00  0.139915773084313E+00  0.827322023858299E+00 
 0.475463407825584E+00  0.146086647890876E+00  0.918530334306153E+00 
 0.470513818474970E+00  0.161318032151441E+00  0.890795245894275E+00 
 0.470000135614853E+00  0.162808578997330E+00  0.853917482106529E+00 
 0.466572015005528E+00  0.172387109978653E+00  0.820192562468666E+00 
 0.462859332414869E+00  0.182120836999979E+00  0.959251581065347E+00 
 0.460958838109432E+00  0.186878865690891E+00  0.846371040157654E+00 
 0.495931233520064E+00  0.381964984308060E-01  0.229991236029475E-01 
 0.496827046615725E+00  0.238672709835007E-01  0.439612832138270E-01 
 0.459971112250813E+00  0.189296953931812E+00  0.874035688984298E+00 
 0.457042384572230E+00  0.196262629090826E+00  0.905714270426529E+00 
 0.454514267619835E+00  0.202048364019902E+00  0.939045787582841E+00 
 0.452054936766142E+00  0.207492397495604E+00  0.855473357365277E+00 
 0.453539136219246E+00  0.204227845287105E+00  0.828886045272639E+00 
 0.432627933402596E+00  0.245438041291305E+00  0.906713410899140E+00 
 0.441979535905704E+00  0.228168470025315E+00  0.843459088337098E+00 
 0.432187558268363E+00  0.246212662857019E+00  0.860068059268511E+00 
 0.423258468753537E+00  0.261264290521155E+00  0.883610178117634E+00 
 0.427400475616037E+00  0.254431905067540E+00  0.832005793196548E+00 
 0.420556447547581E+00  0.265591858495829E+00  0.856347630803504E+00 
 0.411709754556133E+00  0.279109008948898E+00  0.839351876886331E+00 
 0.407890923533053E+00  0.284660772451103E+00  0.865605543216573E+00 
 0.392546936665889E+00  0.305472852128185E+00  0.837942462473112E+00 
 0.459060695840147E+00  0.191494225520961E+00  0.777146487383653E+00 
 0.448902107814181E+00  0.214228052488698E+00  0.780621074780025E+00 
 0.435851782182371E+00  0.239666403239096E+00  0.780947702818437E+00 
 0.479729612713382E+00  0.131401139869413E+00  0.708547469564134E+00 
 0.470059746785622E+00  0.162636389916118E+00  0.706608976016647E+00 
 0.459028853094105E+00  0.191570542882310E+00  0.708348773461899E+00 
 0.448070391861390E+00  0.215962230054923E+00  0.711301454670957E+00 
 0.457232771370481E+00  0.195818675457634E+00  0.663038946634240E+00 
 0.445566103060185E+00  0.221082809546277E+00  0.667160024380646E+00 
 0.430150177847766E+00  0.249755050741018E+00  0.672117819674883E+00 
 0.481905254832416E+00  0.123183141046239E+00  0.587181377667440E+00 
 0.492773060106338E+00  0.676865725720618E-01  0.246076849278844E-01 
 0.494780327200950E+00  0.509822389468479E-01  0.471468338163113E-01 
 0.496484373473867E+00  0.301666665272355E-01  0.672841747299237E-01 
 0.421451942103385E+00  0.264168547276915E+00  0.588107254660486E+00 
 0.481151005278029E+00  0.126097069724299E+00  0.495377799917482E+00 
 0.417081233930992E+00  0.271016614206048E+00  0.502523011832314E+00 
 0.480485908340703E+00  0.128608136442146E+00  0.435700048774401E+00 
 0.417725206750470E+00  0.270022985166793E+00  0.441805428289267E+00 
 0.479305469862742E+00  0.132939939193487E+00  0.377287832037902E+00 
 0.469523452314498E+00  0.164178222063056E+00  0.377425348503808E+00 
 0.458178963995386E+00  0.193594415790404E+00  0.384627819165522E+00 
 0.446178070274060E+00  0.219845151139684E+00  0.389854360062282E+00 
 0.455550398602414E+00  0.199701264909101E+00  0.338875454005832E+00 
 0.443783814170545E+00  0.224639015207417E+00  0.343550651921724E+00 
 0.428663117407723E+00  0.252298816183122E+00  0.347074533487393E+00 
 0.478952610689363E+00  0.134205654079682E+00  0.264835075142111E+00 
 0.418109743321782E+00  0.269427176454980E+00  0.260043407921485E+00 
 0.492338635742835E+00  0.707773171856788E-01  0.179172585997348E+00 
 0.487179616118109E+00  0.100313421395789E+00  0.191106444552726E+00 
 0.486872466919955E+00  0.101793721949809E+00  0.162203406903432E+00 
 0.477872988072516E+00  0.138000609215163E+00  0.196965661915812E+00 
 0.478492423990519E+00  0.135837259457003E+00  0.163545647917605E+00 
 0.482365619810111E+00  0.121367910496644E+00  0.136896400338081E+00 
 0.462924635985026E+00  0.181954780841951E+00  0.202542539058183E+00 
 0.469065969604291E+00  0.165480745201057E+00  0.173158315114084E+00 
 0.473209185905092E+00  0.153231286779661E+00  0.143926972436892E+00 
 0.476705119293232E+00  0.141982358456029E+00  0.115120473903418E+00 
 0.446907148882251E+00  0.218359247917400E+00  0.210962432742765E+00 
 0.455744844820276E+00  0.199257113531377E+00  0.179329577505356E+00 
 0.462072188437414E+00  0.184108808984717E+00  0.150028579048615E+00 
 0.467404343008791E+00  0.170117432997418E+00  0.124644177108982E+00 
 0.467953982597459E+00  0.168599617568628E+00  0.949817710285666E-01 
 0.383707098919084E+00  0.316505328726392E+00  0.194298108691280E+00 
 0.384539516543727E+00  0.315493456492235E+00  0.165566627555269E+00 
 0.400610744556684E+00  0.294818235899415E+00  0.206597337030970E+00 
 0.401740571532352E+00  0.293276787451654E+00  0.176066579856438E+00 
 0.400152940176614E+00  0.295439309065525E+00  0.146898311815932E+00 
 0.487528025469278E+00  0.986062130656321E-01  0.267621858164137E-01 
 0.490618038806372E+00  0.818578088572393E-01  0.507757198261140E-01 
 0.493414547599797E+00  0.628398368075891E-01  0.725858285980296E-01 
 0.495577376623682E+00  0.425420339417164E-01  0.921609258757566E-01 
 0.496754552849093E+00  0.253313066540342E-01  0.110486199197420E+00 
 0.431272787967114E+00  0.247811507465223E+00  0.208230708419755E+00 
 0.420435037223032E+00  0.265784010708653E+00  0.186989781086420E+00 
 0.417129118014203E+00  0.270942908705509E+00  0.154622470721169E+00 
 0.413979763007431E+00  0.275730877294181E+00  0.126042074366744E+00 
 0.440315502095837E+00  0.231363392711997E+00  0.183068760361756E+00 
 0.433631090046408E+00  0.243661319495478E+00  0.158151657581866E+00 
 0.429369292851080E+00  0.251095143779556E+00  0.131269936232195E+00 
 0.426735973081628E+00  0.255544849588458E+00  0.104356617608085E+00 
 0.462896992517994E+00  0.182025094948219E+00  0.679192917497883E-01 
 0.438970143181620E+00  0.233905909006640E+00  0.830702128295189E-01 
 0.450015409171825E+00  0.211879428876494E+00  0.621529572692303E-01 
 0.458741221767888E+00  0.192258295852269E+00  0.449863227910698E-01 
 0.496889740937259E+00  0.225243473691648E-01  0.977278520236046E+00 
 0.496653694083342E+00  0.272372727429395E-01  0.950706784227110E+00 
 0.494927904286814E+00  0.495290867205756E-01  0.973675910080367E+00 
 0.496379409438699E+00  0.318471781857176E-01  0.922471237135407E+00 
 0.494116204832413E+00  0.570608183881674E-01  0.945103829308717E+00 
 0.490938813293443E+00  0.799114664810046E-01  0.970527566201726E+00 
 0.476440372578342E+00  0.142868233874860E+00  0.978480228509540E+00 
 0.496883375651448E+00  0.226643304407013E-01  0.875514099150364E+00 
 0.495799224632939E+00  0.398734213039761E-01  0.895023777899744E+00 
 0.493311814246640E+00  0.636412978953585E-01  0.915451336722702E+00 
 0.489476861000770E+00  0.884260335984345E-01  0.938706108296459E+00 
 0.483911743262603E+00  0.115048622789077E+00  0.966636407870619E+00 
 0.497206040255779E+00  0.138893630622671E-01  0.826733116918194E+00 
 0.496748756878577E+00  0.254447128632243E-01  0.846993739028239E+00 
 0.495245451262906E+00  0.462461228267923E-01  0.866512004608736E+00 
 0.492595611322705E+00  0.689661118139079E-01  0.885212487636799E+00 
 0.488367791986053E+00  0.943592105932741E-01  0.905268739137761E+00 
 0.482845970758711E+00  0.119442577815416E+00  0.929613542467127E+00 
 0.474384225208007E+00  0.149553895793152E+00  0.950350340369400E+00 
 0.469146333081373E+00  0.165252773136828E+00  0.976835427050194E+00 
 0.367037869137765E+00  0.335693258037618E+00  0.969904513912822E+00 
 0.385164636362508E+00  0.314729985493657E+00  0.966026443034384E+00 
 0.368584416683530E+00  0.333994444042358E+00  0.940862065569855E+00 
 0.479059355765927E+00  0.133824117879575E+00  0.305798515400518E-01 
 0.483942267196800E+00  0.114920158777890E+00  0.555989941956076E-01 
 0.488137315145508E+00  0.955443480047520E-01  0.785453068633459E-01 
 0.491698262474967E+00  0.750971341145426E-01  0.999772873857428E-01 
 0.494506174393658E+00  0.535761547674191E-01  0.119601490884139E+00 
 0.496565443839805E+00  0.288014037380264E-01  0.136152001849043E+00 
 0.413610729929660E+00  0.276284138090048E+00  0.974174630229263E+00 
 0.401113697962757E+00  0.294133578803485E+00  0.956816710163500E+00 
 0.387216430609080E+00  0.312202172861536E+00  0.934781190330250E+00 
 0.372685344320601E+00  0.329412196194580E+00  0.913703467533355E+00 
 0.361407475168243E+00  0.341747564388716E+00  0.892930177808295E+00 
 0.441073980955637E+00  0.229914123526723E+00  0.978243804464320E+00 
 0.428516195163441E+00  0.252548275297537E+00  0.969072558116695E+00 
 0.416577042044100E+00  0.271790965476957E+00  0.945883477687151E+00 
 0.403801939976042E+00  0.290432012947419E+00  0.925610680002101E+00 
 0.390433898383158E+00  0.308168998873072E+00  0.905190579863868E+00 
 0.377197852225716E+00  0.324235317554100E+00  0.885669224475152E+00 
 0.363656575243870E+00  0.339353291062578E+00  0.865270116915724E+00 
 0.496538270932642E+00  0.292661301221405E-01  0.811328543620077E+00 
 0.494134020047222E+00  0.569063362472610E-01  0.805756869967012E+00 
 0.489871954175636E+00  0.862103786400582E-01  0.802916690966682E+00 
 0.483717954085958E+00  0.115860699842570E+00  0.800234450492893E+00 
 0.475852354041792E+00  0.144814702382029E+00  0.795249230374044E+00 
 0.467100061427700E+00  0.170951143568416E+00  0.787232966289797E+00 
 0.456758098478730E+00  0.196923336217952E+00  0.801659419471958E+00 
 0.442296218311585E+00  0.227553985112074E+00  0.810301835254604E+00 
 0.427770046639843E+00  0.253810062981866E+00  0.803414475753192E+00 
 0.411227868788619E+00  0.279818514049154E+00  0.810457853857290E+00 
 0.392536007489281E+00  0.305486896114182E+00  0.804872784692275E+00 
 0.372315316060096E+00  0.329830359882429E+00  0.810597667157975E+00 
 0.452142294564374E+00  0.207301968970815E+00  0.971162326584907E+00 
 0.442273882118713E+00  0.227597394687984E+00  0.951509911871767E+00 
 0.430902970709134E+00  0.248454001189669E+00  0.935029493936537E+00 
 0.419104677470669E+00  0.267876893731647E+00  0.915374986315924E+00 
 0.406659134395911E+00  0.286417718176571E+00  0.895173063612524E+00 
 0.393005502236225E+00  0.304882659535032E+00  0.875384830125420E+00 
 0.379391331643162E+00  0.321665942162252E+00  0.859834781463901E+00 
 0.367574048142097E+00  0.335106072767316E+00  0.838156429518761E+00 
 0.420450499926866E+00  0.265759549187528E+00  0.780639770789498E+00 
 0.403006686678016E+00  0.291534511449179E+00  0.780914821964797E+00 
 0.381843694379404E+00  0.318750927741065E+00  0.781126037602343E+00 
 0.496440009378203E+00  0.308881524483707E-01  0.776561343161814E+00 
 0.493538534844718E+00  0.618585119158642E-01  0.773065463811163E+00 
 0.488720550152241E+00  0.925147811541978E-01  0.772661967833883E+00 
 0.482260265067637E+00  0.121785867858326E+00  0.769848726361003E+00 
 0.474557476998858E+00  0.149003227809294E+00  0.764514587310308E+00 
 0.465758032024258E+00  0.174574386660818E+00  0.758789944390735E+00 
 0.455503422853160E+00  0.199808389819268E+00  0.755983574312603E+00 
 0.443725545605698E+00  0.224754090174218E+00  0.755969566027753E+00 
 0.429933576974944E+00  0.250127727896455E+00  0.755125171709541E+00 
 0.413981606622777E+00  0.275728109287268E+00  0.754830469498323E+00 
 0.395447813830269E+00  0.301708116248078E+00  0.754325403202463E+00 
 0.373265248806812E+00  0.328754946588321E+00  0.753145351448896E+00 
 0.496037512911805E+00  0.367905783778568E-01  0.714926889226450E+00 
 0.493922083598661E+00  0.587174267715561E-01  0.698997435757584E+00 
 0.488060368564987E+00  0.959366327808477E-01  0.712178083334073E+00 
 0.496249368276689E+00  0.338130944767279E-01  0.744064210747236E+00 
 0.492646561386494E+00  0.686012130153811E-01  0.737383357572419E+00 
 0.487025312774064E+00  0.101059910896667E+00  0.746142075754054E+00 
 0.480964505684911E+00  0.126806565856749E+00  0.739350261702741E+00 
 0.472717561033736E+00  0.154741294952013E+00  0.735207900556965E+00 
 0.462866023777668E+00  0.182103830012889E+00  0.733061723946039E+00 
 0.451769491531606E+00  0.208113160070162E+00  0.732927192154742E+00 
 0.439285306022620E+00  0.233313481791619E+00  0.730341825766818E+00 
 0.424862657689790E+00  0.258647410530010E+00  0.728323820551756E+00 
 0.408317535808705E+00  0.284048500830778E+00  0.729255159690473E+00 
 0.389964328553951E+00  0.308762988922843E+00  0.726892809057795E+00 
 0.369472093424221E+00  0.333012211568624E+00  0.721721877879235E+00 
 0.496750066766542E+00  0.254191274543354E-01  0.683231146612774E+00 
 0.495068023513507E+00  0.481083461318444E-01  0.670564497855438E+00 
 0.491634138738762E+00  0.755157897377398E-01  0.675520761772629E+00 
 0.485675224102721E+00  0.107360782252591E+00  0.679130553033777E+00 
 0.477332076788304E+00  0.139860106327985E+00  0.677996322318864E+00 
 0.466028309798116E+00  0.173851589983590E+00  0.677264997772189E+00 
 0.452625364587510E+00  0.206245097408732E+00  0.687466496737660E+00 
 0.437265032060170E+00  0.237078157177192E+00  0.698810924425270E+00 
 0.419360927591271E+00  0.267475556421327E+00  0.701592717333914E+00 
 0.403265561660525E+00  0.291176317120272E+00  0.705968597680473E+00 
 0.388004018754621E+00  0.311222817774283E+00  0.697605601013378E+00 
 0.367386141600622E+00  0.335312069321864E+00  0.689837208159888E+00 
 0.409588450470410E+00  0.282212795801952E+00  0.676074097919465E+00 
 0.390593372195272E+00  0.307966846381599E+00  0.668263860777859E+00 
 0.373713690910665E+00  0.328245088461395E+00  0.660555778656177E+00 
 0.496684592717916E+00  0.266678876130251E-01  0.648462472981046E+00 
 0.494308932818680E+00  0.553664140862664E-01  0.645084451060834E+00 
 0.490016113673483E+00  0.853871724174956E-01  0.648769945993693E+00 
 0.483705509585224E+00  0.115912643270754E+00  0.649333699412110E+00 
 0.475438561165127E+00  0.146167491017478E+00  0.646938121319923E+00 
 0.465520382411065E+00  0.175207118670922E+00  0.643234830851149E+00 
 0.453848067381762E+00  0.203540395516352E+00  0.639670649849958E+00 
 0.440475741287506E+00  0.231058179275992E+00  0.643546864671956E+00 
 0.425037610700221E+00  0.258359807948834E+00  0.645370605395261E+00 
 0.407887132603035E+00  0.284666204404350E+00  0.643684600739032E+00 
 0.389890578883379E+00  0.308856111111768E+00  0.639266640865455E+00 
 0.370294790651240E+00  0.332097167843473E+00  0.636756110087224E+00 
 0.471798952071541E+00  0.157519870801453E+00  0.582187680391296E+00 
 0.460635616101011E+00  0.187674159255754E+00  0.590447523011233E+00 
 0.451852574673765E+00  0.207932709388888E+00  0.582832207759350E+00 
 0.471441917480518E+00  0.158585243056859E+00  0.194153720282350E-01 
 0.438078485149747E+00  0.235571648807784E+00  0.591364847860869E+00 
 0.496584959767086E+00  0.284629339005191E-01  0.587424637006064E+00 
 0.494427344272891E+00  0.542988223479098E-01  0.580927158283053E+00 
 0.489563635894756E+00  0.879443419591348E-01  0.591020380878216E+00 
 0.496533786799698E+00  0.293421103442824E-01  0.618117107384452E+00 
 0.493477570428626E+00  0.623429896377823E-01  0.613865209039742E+00 
 0.488288951687836E+00  0.947663470474212E-01  0.624187273349289E+00 
 0.482379203655810E+00  0.121313909975319E+00  0.618781742875859E+00 
 0.473822089389140E+00  0.151325438971842E+00  0.615417195442582E+00 
 0.463203441425742E+00  0.181243848790684E+00  0.615143237066354E+00 
 0.449716544153650E+00  0.212513036747425E+00  0.612167256857804E+00 
 0.435510512731506E+00  0.240285984138599E+00  0.621444469794710E+00 
 0.422314190311761E+00  0.262787909795013E+00  0.616978871289183E+00 
 0.406142696645992E+00  0.287149561786583E+00  0.614034811126248E+00 
 0.388272027591976E+00  0.310888393901601E+00  0.611214023901917E+00 
 0.368778459069007E+00  0.333780180657556E+00  0.610442370059026E+00 
 0.404724245447395E+00  0.289145371777142E+00  0.584998876232087E+00 
 0.386882773414467E+00  0.312615547451229E+00  0.582242927864339E+00 
 0.367718691444303E+00  0.334947346362964E+00  0.580669048103660E+00 
 0.496502681307389E+00  0.298638297556918E-01  0.557221584237286E+00 
 0.493580912249969E+00  0.615194598123635E-01  0.554812567130702E+00 
 0.488384966341044E+00  0.942702791190056E-01  0.559176866563299E+00 
 0.481404299587296E+00  0.125126580757158E+00  0.555970287873213E+00 
 0.473844505162781E+00  0.151255233959521E+00  0.548109108651663E+00 
 0.462241146662478E+00  0.183684194217330E+00  0.559225603803303E+00 
 0.448468882638615E+00  0.215133498502644E+00  0.560165747708345E+00 
 0.434502254645300E+00  0.242104422886624E+00  0.562358903585414E+00 
 0.419414127217699E+00  0.267392129209753E+00  0.559544073861725E+00 
 0.403221986522770E+00  0.291236657132538E+00  0.555917145992977E+00 
 0.385761432027072E+00  0.313998214061042E+00  0.552386014484084E+00 
 0.366983679241012E+00  0.335752498194477E+00  0.548850280582090E+00 
 0.473830129888988E+00  0.151300260682179E+00  0.486932226072949E+00 
 0.463485534595483E+00  0.180521245547030E+00  0.495783805120700E+00 
 0.446340067049227E+00  0.219516070982528E+00  0.505674166599287E+00 
 0.429810029434426E+00  0.250339967785192E+00  0.510349900762902E+00 
 0.496443693793562E+00  0.308288787617815E-01  0.495510652332516E+00 
 0.493930790971871E+00  0.586441352823738E-01  0.488705945673176E+00 
 0.488589868340244E+00  0.932024754412728E-01  0.500892050358109E+00 
 0.448551938606108E+00  0.214960273645659E+00  0.295416862436877E-01 
 0.435916418863275E+00  0.239548818904482E+00  0.548343037014115E-01 
 0.423620142900772E+00  0.260677454724877E+00  0.774695331818631E-01 
 0.410744755979812E+00  0.280527193527100E+00  0.991307263744153E-01 
 0.397330463589822E+00  0.299224436797197E+00  0.119703519237603E+00 
 0.383217927820975E+00  0.317097430878428E+00  0.138403801644249E+00 
 0.369215539825720E+00  0.333296633682827E+00  0.154131715672147E+00 
 0.496370123491381E+00  0.319915829282626E-01  0.526867718419619E+00 
 0.492797790528693E+00  0.675062850641031E-01  0.522985822144777E+00 
 0.486908665862912E+00  0.101620430921724E+00  0.532967920128385E+00 
 0.480777581735243E+00  0.127513441542155E+00  0.525344528054657E+00 
 0.471008499194389E+00  0.159867928490238E+00  0.519233283466738E+00 
 0.456625952917585E+00  0.197229561666655E+00  0.530091502292118E+00 
 0.444036168771699E+00  0.224139781599934E+00  0.538170753552104E+00 
 0.431892768335936E+00  0.246729401434517E+00  0.535220383811538E+00 
 0.417642683729755E+00  0.270150605403942E+00  0.531367253965170E+00 
 0.402151708934624E+00  0.292712766845017E+00  0.526612897338582E+00 
 0.385153607754120E+00  0.314743481754725E+00  0.522418414020527E+00 
 0.366875268790184E+00  0.335870954420344E+00  0.518704168639549E+00 
 0.401754185861824E+00  0.293258137168616E+00  0.496879229288294E+00 
 0.384836225314694E+00  0.315131465516599E+00  0.492348724291351E+00 
 0.366679305419812E+00  0.336084881912214E+00  0.489116137472602E+00 
 0.472463061388071E+00  0.155516611643009E+00  0.426541331147369E+00 
 0.463039905937063E+00  0.181661240728195E+00  0.442474935329547E+00 
 0.448173334696137E+00  0.215748517817525E+00  0.444387722242350E+00 
 0.431232435510250E+00  0.247881720659292E+00  0.451194342607498E+00 
 0.496331036610289E+00  0.325923759560465E-01  0.433528345860333E+00 
 0.493516659632242E+00  0.620327940572584E-01  0.428778489769476E+00 
 0.488162691495194E+00  0.954146084480050E-01  0.441172253893548E+00 
 0.496360193583284E+00  0.321452811322187E-01  0.464554767492105E+00 
 0.492710531461546E+00  0.681402455234698E-01  0.461206003821705E+00 
 0.486806343310417E+00  0.102109475494969E+00  0.473235673676929E+00 
 0.480565708393573E+00  0.128309628591529E+00  0.465309784604114E+00 
 0.470855659830933E+00  0.160317523927632E+00  0.460184421467102E+00 
 0.457907289398516E+00  0.194236132552150E+00  0.471061436159592E+00 
 0.446750169299553E+00  0.218680239399759E+00  0.475407284039219E+00 
 0.433468272312675E+00  0.243950851138869E+00  0.480285373192835E+00 
 0.417704453278757E+00  0.270055088054648E+00  0.472887482310970E+00 
 0.401723355624941E+00  0.293300368936932E+00  0.466627869059634E+00 
 0.384470697807122E+00  0.315577317627243E+00  0.461685153356287E+00 
 0.366150741967664E+00  0.336660652630557E+00  0.456922702684640E+00 
 0.401455147487747E+00  0.293667372087359E+00  0.435854355833590E+00 
 0.383891782933174E+00  0.316281298640134E+00  0.431290973106178E+00 
 0.365701094290455E+00  0.337149033081613E+00  0.426146853300809E+00 
 0.496533100395450E+00  0.293537235250633E-01  0.374698957825635E+00 
 0.494211819869576E+00  0.562266660430506E-01  0.371638626709858E+00 
 0.365173902104456E+00  0.337719975860044E+00  0.181250722759988E+00 
 0.487521939741023E+00  0.986362972960158E-01  0.382046555095948E+00 
 0.496038715686098E+00  0.367743580989903E-01  0.401513355316566E+00 
 0.491564051550234E+00  0.759706791903172E-01  0.405504685075727E+00 
 0.486139719459721E+00  0.105237512497878E+00  0.414536618055568E+00 
 0.480306105599154E+00  0.129278017455742E+00  0.406170163988900E+00 
 0.473313763673790E+00  0.152907952671082E+00  0.399559090007218E+00 
 0.463259588623109E+00  0.181100288298666E+00  0.411496560575615E+00 
 0.451005154335037E+00  0.209764419376461E+00  0.410715580426876E+00 
 0.435760779998590E+00  0.239831823343223E+00  0.417163493911838E+00 
 0.418292249465371E+00  0.269143743955361E+00  0.409338100709098E+00 
 0.400450209944536E+00  0.295036252397024E+00  0.405172502534574E+00 
 0.382420698655393E+00  0.318058438204400E+00  0.402309826057587E+00 
 0.364739430744709E+00  0.338189160874693E+00  0.399792986741783E+00 
 0.496806886947016E+00  0.242832855091314E-01  0.348988763210387E+00 
 0.495020754731816E+00  0.485923168603319E-01  0.341578026243115E+00 
 0.491480476395854E+00  0.765094908806925E-01  0.347991807213459E+00 
 0.485190527967291E+00  0.109530417893556E+00  0.350402748014040E+00 
 0.476553347656704E+00  0.142490939046310E+00  0.349346051756789E+00 
 0.464808682233669E+00  0.177086560171323E+00  0.350905413736189E+00 
 0.451106605404424E+00  0.209546155855008E+00  0.364104428263135E+00 
 0.434658619777561E+00  0.241823582651029E+00  0.376996539148162E+00 
 0.415850917567480E+00  0.272900669166262E+00  0.376847972512157E+00 
 0.397342142139542E+00  0.299208928598501E+00  0.375153554017256E+00 
 0.378617872542550E+00  0.322575987116919E+00  0.374879709181978E+00 
 0.361943127210477E+00  0.341180206838270E+00  0.378082145473380E+00 
 0.411384275957629E+00  0.279588516158879E+00  0.346555534623093E+00 
 0.392219813710715E+00  0.305892756707042E+00  0.345639904084880E+00 
 0.368688458766836E+00  0.333879590938466E+00  0.348432295777273E+00 
 0.496587841676590E+00  0.284126093854401E-01  0.317718373836786E+00 
 0.493992713446472E+00  0.581202196735982E-01  0.319242485299071E+00 
 0.489531462187145E+00  0.881232568737355E-01  0.321857448714337E+00 
 0.462225636187524E+00  0.183723221515819E+00  0.220783893280263E-01 
 0.468682756776248E+00  0.166563004216804E+00  0.427071158843017E-01 
 0.474553044595297E+00  0.149017343750466E+00  0.634061305884823E-01 
 0.480243473352667E+00  0.129510490599329E+00  0.856107627715195E-01 
 0.485423361626690E+00  0.108493874758716E+00  0.107546108579862E+00 
 0.489726483813003E+00  0.870329358649423E-01  0.129409062314081E+00 
 0.493496579899920E+00  0.621923347382830E-01  0.148844120134841E+00 
 0.496285094780672E+00  0.332846146386653E-01  0.166183967612115E+00 
 0.496983150401812E+00  0.203594963050208E-01  0.187014197629934E+00 
 0.482917822051727E+00  0.119151743662991E+00  0.321591976656189E+00 
 0.473984015919288E+00  0.150817484152650E+00  0.320113051396550E+00 
 0.463333827208991E+00  0.180910269020254E+00  0.317245772287774E+00 
 0.451627312092800E+00  0.208421524428133E+00  0.317441991493344E+00 
 0.438629285264808E+00  0.234544475486417E+00  0.319492327617697E+00 
 0.424004822260746E+00  0.260051286427782E+00  0.318593553628053E+00 
 0.407204003594576E+00  0.285642539425860E+00  0.316774854606798E+00 
 0.388320875025613E+00  0.310827377964754E+00  0.314570639200580E+00 
 0.367989121262984E+00  0.334650216651953E+00  0.311010774998990E+00 
 0.469450184653621E+00  0.164387605985948E+00  0.260070122728970E+00 
 0.458228402347644E+00  0.193477368586197E+00  0.254506765652970E+00 
 0.446818656296493E+00  0.218540269191998E+00  0.272696595442280E+00 
 0.433483644772656E+00  0.243923534304765E+00  0.265462450996970E+00 
 0.496609814985325E+00  0.280259260925533E-01  0.256093200871627E+00 
 0.493134514713991E+00  0.650008559244730E-01  0.266143587573570E+00 
 0.431824883496749E+00  0.246848193969760E+00  0.267982192182361E-01 
 0.419811568918310E+00  0.266767703209097E+00  0.509425236610296E-01 
 0.406952947290549E+00  0.286000104133969E+00  0.733008573590860E-01 
 0.393476693897317E+00  0.304274304259724E+00  0.941538176682195E-01 
 0.379933346144360E+00  0.321025564964304E+00  0.113486491638619E+00 
 0.365262206273633E+00  0.337624468220568E+00  0.131003636094005E+00 
 0.486746522301612E+00  0.102394257165154E+00  0.267261437764300E+00 
 0.496112427114375E+00  0.357661926376011E-01  0.287573760513178E+00 
 0.492617163877361E+00  0.688119955134481E-01  0.297230448144311E+00 
 0.487992271668265E+00  0.962824161784717E-01  0.294477074379540E+00 
 0.480877437957474E+00  0.127136346245157E+00  0.293030002477274E+00 
 0.471454410456007E+00  0.158548099120391E+00  0.290247989309548E+00 
 0.458812667239367E+00  0.192087733220554E+00  0.287391684958632E+00 
 0.446545751420215E+00  0.219097359093328E+00  0.297692481813125E+00 
 0.435085635068767E+00  0.241054456565154E+00  0.293252801004888E+00 
 0.420620821608284E+00  0.265489896799638E+00  0.289757075880287E+00 
 0.403960699828951E+00  0.290211153932457E+00  0.286921507301100E+00 
 0.385678401944332E+00  0.314100192847390E+00  0.282859910909105E+00 
 0.366544843299199E+00  0.336231525475926E+00  0.275311479315212E+00 
 0.401155052445517E+00  0.294077174854728E+00  0.258117505893505E+00 
 0.383533290375859E+00  0.316715923260212E+00  0.252866438934174E+00 
 0.365982552114795E+00  0.336843483565652E+00  0.243667966814526E+00 
 0.495211194976179E+00  0.466115140643936E-01  0.202961831180704E+00 
 0.490816921047251E+00  0.806567473111549E-01  0.206171246357364E+00 
 0.485358315725610E+00  0.108784494433331E+00  0.217585330012960E+00 
 0.495968453396920E+00  0.377101326989714E-01  0.231294675341751E+00 
 0.491059340463164E+00  0.791674492263196E-01  0.235523204475470E+00 
 0.484424983885255E+00  0.112868046234908E+00  0.243980907594171E+00 
 0.477681130871448E+00  0.138663254261849E+00  0.234505067159965E+00 
 0.467608940554091E+00  0.169554237891570E+00  0.229800943303747E+00 
 0.456709607107109E+00  0.197035772511449E+00  0.227983339929488E+00 
 0.446061685778019E+00  0.220081197184100E+00  0.244173774176651E+00 
 0.432131378684496E+00  0.246311251122132E+00  0.236189872827040E+00 
 0.414923538326027E+00  0.274308618559676E+00  0.227209687507102E+00 
 0.397052216649292E+00  0.299593554882254E+00  0.233519429173196E+00 
 0.382750626481455E+00  0.317661327204232E+00  0.223581093556872E+00 
 0.365758972680434E+00  0.337086242342900E+00  0.213949990074453E+00 
 0.365683820400400E+00  0.337167768878449E+00  0.463716123153556E-01 
 0.379563048494045E+00  0.321463299757544E+00  0.237612064632449E-01 
 0.368912099457053E+00  0.333632468065222E+00  0.676629902360510E-01 
 0.384439532823127E+00  0.315615282386384E+00  0.467424853649236E-01 
 0.398004405583965E+00  0.298327427516911E+00  0.240628419552079E-01 
 0.363032156992317E+00  0.340021196196074E+00  0.108145096597168E+00 
 0.415201443162489E+00  0.273887791748545E+00  0.250986151131505E-01 
 0.402656449739980E+00  0.292018054845756E+00  0.483651570011543E-01 
 0.388957538721187E+00  0.310030311332711E+00  0.699547246636464E-01 
 0.374664323101213E+00  0.327159603050577E+00  0.896613856506603E-01 
