 0.500000000000000E+00 -0.462592926927149E-17  0.000000000000000E+00 
 0.325131316139733E+00  0.379854744955549E+00  0.000000000000000E+00 
 0.339363056433964E+00  0.367195746064409E+00  0.000000000000000E+00 
 0.356771728813332E+00  0.350305485996931E+00  0.000000000000000E+00 
 0.375449068179503E+00  0.330209020475127E+00  0.000000000000000E+00 
 0.391454294188162E+00  0.311068377630462E+00  0.000000000000000E+00 
 0.406896860033169E+00  0.290576918035738E+00  0.000000000000000E+00 
 0.425094051596845E+00  0.263239524572164E+00  0.000000000000000E+00 
 0.442690062402540E+00  0.232433880168179E+00  0.000000000000000E+00 
 0.458193372140956E+00  0.200147030270497E+00  0.000000000000000E+00 
 0.470868429426967E+00  0.168175272168594E+00  0.000000000000000E+00 
 0.480669438258714E+00  0.137684026393960E+00  0.000000000000000E+00 
 0.487171326954174E+00  0.112534875455164E+00  0.000000000000000E+00 
 0.492215584877520E+00  0.878852547568744E-01  0.000000000000000E+00 
 0.496320494568169E+00  0.605472267870954E-01  0.000000000000000E+00 
 0.498558097611452E+00  0.379450037033758E-01  0.000000000000000E+00 
 0.499698921456223E+00  0.173490027231546E-01  0.000000000000000E+00 
 0.313600000785664E+00  0.389429120004182E+00  0.000000000000000E+00 
 0.313600000785664E+00  0.355343405303361E+00  0.000000000000000E+00 
 0.313600000785664E+00  0.371191151403510E+00  0.000000000000000E+00 
 0.313600000785664E+00  0.341438135297887E+00  0.000000000000000E+00 
 0.463140870547842E+00  0.206275242490398E-01  0.000000000000000E+00 
 0.460521578842537E+00  0.533370054356656E-01  0.000000000000000E+00 
 0.455398621234363E+00  0.868162225987294E-01  0.000000000000000E+00 
 0.447578621783301E+00  0.120823582346441E+00  0.000000000000000E+00 
 0.437305748902209E+00  0.153911151985625E+00  0.000000000000000E+00 
 0.424770442886991E+00  0.185728381186222E+00  0.000000000000000E+00 
 0.410038891972330E+00  0.216317053878260E+00  0.000000000000000E+00 
 0.394042694438162E+00  0.244244376984154E+00  0.000000000000000E+00 
 0.376299173749338E+00  0.270783848417933E+00  0.000000000000000E+00 
 0.357439718477181E+00  0.295231787555833E+00  0.000000000000000E+00 
 0.340725103758745E+00  0.314374560670951E+00  0.000000000000000E+00 
 0.325625341053318E+00  0.329989542246984E+00  0.000000000000000E+00 
 0.463600000785682E+00 -0.693889390390723E-17  0.000000000000000E+00 
 0.487260515529494E+00  0.000000000000000E+00  0.000000000000000E+00 
 0.474129037599416E+00  0.000000000000000E+00  0.000000000000000E+00 
 0.339581551264292E+00  0.329897801497459E+00  0.000000000000000E+00 
 0.334498323922883E+00  0.348864219738545E+00  0.000000000000000E+00 
 0.356875066202951E+00  0.326255111350107E+00  0.000000000000000E+00 
 0.378995188553011E+00  0.297438430748127E+00  0.000000000000000E+00 
 0.400566304035327E+00  0.267317558286547E+00  0.000000000000000E+00 
 0.418160995718443E+00  0.238878850682093E+00  0.000000000000000E+00 
 0.434056751545967E+00  0.208503178358643E+00  0.000000000000000E+00 
 0.447846107870133E+00  0.176881424200972E+00  0.000000000000000E+00 
 0.459182909942145E+00  0.144859441856729E+00  0.000000000000000E+00 
 0.469320504724700E+00  0.108248857884418E+00  0.000000000000000E+00 
 0.476015915723595E+00  0.721349620063529E-01  0.000000000000000E+00 
 0.480303080461765E+00  0.371248467316801E-01  0.000000000000000E+00 
 0.313600000785664E+00  0.389429120004182E+00  0.100000000000000E+01 
 0.499611063222523E+00  0.197176445261739E-01  0.100000000000000E+01 
 0.497748916487059E+00  0.473921526833105E-01  0.100000000000000E+01 
 0.493771738505620E+00  0.786731863670055E-01  0.100000000000000E+01 
 0.487124464814987E+00  0.112737552655328E+00  0.100000000000000E+01 
 0.478115139534434E+00  0.146307598394506E+00  0.100000000000000E+01 
 0.468328284207473E+00  0.175124579118080E+00  0.100000000000000E+01 
 0.456315966774941E+00  0.204391140870270E+00  0.100000000000000E+01 
 0.442002395244953E+00  0.233738919732517E+00  0.100000000000000E+01 
 0.428360431283195E+00  0.257890172187455E+00  0.100000000000000E+01 
 0.414755725496617E+00  0.279244853431133E+00  0.100000000000000E+01 
 0.397925763368942E+00  0.302745911363381E+00  0.100000000000000E+01 
 0.379580190138153E+00  0.325451807883569E+00  0.100000000000000E+01 
 0.362424529207106E+00  0.344453858490521E+00  0.100000000000000E+01 
 0.348046559955258E+00  0.358975754199794E+00  0.100000000000000E+01 
 0.335451367700900E+00  0.370772679559316E+00  0.100000000000000E+01 
 0.323737793952342E+00  0.381043095681933E+00  0.100000000000000E+01 
 0.500000000000000E+00 -0.462592926927149E-17  0.100000000000000E+01 
 0.475199646615887E+00  0.000000000000000E+00  0.100000000000000E+01 
 0.487934083045782E+00  0.000000000000000E+00  0.100000000000000E+01 
 0.463600000785682E+00  0.115648231731787E-16  0.100000000000000E+01 
 0.328613501225783E+00  0.327013956186270E+00  0.100000000000000E+01 
 0.346986196858651E+00  0.307450060852213E+00  0.100000000000000E+01 
 0.366943177005540E+00  0.283333135332845E+00  0.100000000000000E+01 
 0.387434680637509E+00  0.254596404074712E+00  0.100000000000000E+01 
 0.406938565103474E+00  0.222094495564370E+00  0.100000000000000E+01 
 0.421416048349344E+00  0.193218723011228E+00  0.100000000000000E+01 
 0.433078350316682E+00  0.165433077754860E+00  0.100000000000000E+01 
 0.443837553287512E+00  0.133914849886856E+00  0.100000000000000E+01 
 0.451585729781191E+00  0.104858425443343E+00  0.100000000000000E+01 
 0.457362487710244E+00  0.757925825128545E-01  0.100000000000000E+01 
 0.461313648064896E+00  0.459856372960331E-01  0.100000000000000E+01 
 0.463210407939622E+00  0.190020710678198E-01  0.100000000000000E+01 
 0.313600000785664E+00  0.341438135297887E+00  0.100000000000000E+01 
 0.313600000785664E+00  0.371538204572574E+00  0.100000000000000E+01 
 0.313600000785664E+00  0.355269237974480E+00  0.100000000000000E+01 
 0.480863119442083E+00  0.274228672781784E-01  0.100000000000000E+01 
 0.477613702024035E+00  0.617221257995767E-01  0.100000000000000E+01 
 0.472554982522326E+00  0.930762835206988E-01  0.100000000000000E+01 
 0.465293701979684E+00  0.124347408401846E+00  0.100000000000000E+01 
 0.455825540670448E+00  0.154944074535173E+00  0.100000000000000E+01 
 0.444834549419083E+00  0.184467956181206E+00  0.100000000000000E+01 
 0.431566065421926E+00  0.213670464682118E+00  0.100000000000000E+01 
 0.412902262367141E+00  0.247766732197828E+00  0.100000000000000E+01 
 0.392030720040009E+00  0.279379005183164E+00  0.100000000000000E+01 
 0.373101743277299E+00  0.304287444178171E+00  0.100000000000000E+01 
 0.354216866904922E+00  0.326242256794380E+00  0.100000000000000E+01 
 0.333632802593584E+00  0.348835671497268E+00  0.100000000000000E+01 
 0.500000000000000E+00 -0.138777878078145E-16  0.975925982840085E+00 
 0.500000000000000E+00 -0.138777878078145E-16  0.946771975879937E+00 
 0.500000000000000E+00 -0.138777878078145E-16  0.922699922282092E+00 
 0.500000000000000E+00 -0.138777878078145E-16  0.894071892924196E+00 
 0.500000000000000E+00 -0.138777878078145E-16  0.863785639281495E+00 
 0.500000000000000E+00 -0.138777878078145E-16  0.832252808072035E+00 
 0.500000000000000E+00 -0.138777878078145E-16  0.799392345857303E+00 
 0.500000000000000E+00 -0.138777878078145E-16  0.762594665681393E+00 
 0.500000000000000E+00 -0.138777878078145E-16  0.727711597125280E+00 
 0.500000000000000E+00 -0.138777878078145E-16  0.695883676320456E+00 
 0.500000000000000E+00 -0.138777878078145E-16  0.664954443831903E+00 
 0.500000000000000E+00 -0.138777878078145E-16  0.634448098438800E+00 
 0.500000000000000E+00 -0.138777878078145E-16  0.603886064000558E+00 
 0.500000000000000E+00 -0.138777878078145E-16  0.573318724242464E+00 
 0.500000000000000E+00 -0.138777878078145E-16  0.542615421378536E+00 
 0.500000000000000E+00 -0.138777878078145E-16  0.511591816311122E+00 
 0.500000000000000E+00 -0.138777878078145E-16  0.480803995199756E+00 
 0.500000000000000E+00 -0.138777878078145E-16  0.450626495899525E+00 
 0.500000000000000E+00 -0.138777878078145E-16  0.421311775736042E+00 
 0.500000000000000E+00 -0.138777878078145E-16  0.392690248530835E+00 
 0.500000000000000E+00 -0.138777878078145E-16  0.364259573424669E+00 
 0.500000000000000E+00 -0.138777878078145E-16  0.335647556156999E+00 
 0.500000000000000E+00 -0.138777878078145E-16  0.306771315694130E+00 
 0.500000000000000E+00 -0.138777878078145E-16  0.277847997179883E+00 
 0.500000000000000E+00 -0.138777878078145E-16  0.250499023336977E+00 
 0.500000000000000E+00 -0.138777878078145E-16  0.219917575446959E+00 
 0.500000000000000E+00 -0.138777878078145E-16  0.190332262336000E+00 
 0.500000000000000E+00 -0.138777878078145E-16  0.164290152229234E+00 
 0.500000000000000E+00 -0.138777878078145E-16  0.135751437862749E+00 
 0.500000000000000E+00 -0.138777878078145E-16  0.103608479709017E+00 
 0.500000000000000E+00 -0.138777878078145E-16  0.708815515796900E-01 
 0.500000000000000E+00 -0.138777878078145E-16  0.405806899902830E-01 
 0.500000000000000E+00 -0.138777878078145E-16  0.168908310560636E-01 
 0.313600000785664E+00  0.389429120004182E+00  0.221273466302107E-01 
 0.313600000785664E+00  0.389429120004182E+00  0.476845959563765E-01 
 0.313600000785664E+00  0.389429120004182E+00  0.711229543474194E-01 
 0.313600000785664E+00  0.389429120004182E+00  0.107183268321454E+00 
 0.313600000785664E+00  0.389429120004182E+00  0.140330264951272E+00 
 0.313600000785664E+00  0.389429120004182E+00  0.174139734147849E+00 
 0.313600000785664E+00  0.389429120004182E+00  0.206954208755365E+00 
 0.313600000785664E+00  0.389429120004182E+00  0.238889480314337E+00 
 0.313600000785664E+00  0.389429120004182E+00  0.281390278682367E+00 
 0.313600000785664E+00  0.389429120004182E+00  0.310762991329174E+00 
 0.313600000785664E+00  0.389429120004182E+00  0.339479775474279E+00 
 0.313600000785664E+00  0.389429120004182E+00  0.374282645054082E+00 
 0.313600000785664E+00  0.389429120004182E+00  0.409483597108984E+00 
 0.313600000785664E+00  0.389429120004182E+00  0.433839120433464E+00 
 0.313600000785664E+00  0.389429120004182E+00  0.461987941110781E+00 
 0.313600000785664E+00  0.389429120004182E+00  0.493034744136830E+00 
 0.313600000785664E+00  0.389429120004182E+00  0.521209164228120E+00 
 0.313600000785664E+00  0.389429120004182E+00  0.550187775537039E+00 
 0.313600000785664E+00  0.389429120004182E+00  0.579668407920303E+00 
 0.313600000785664E+00  0.389429120004182E+00  0.609397577530366E+00 
 0.313600000785664E+00  0.389429120004182E+00  0.639226542621295E+00 
 0.313600000785664E+00  0.389429120004182E+00  0.669039459318082E+00 
 0.313600000785664E+00  0.389429120004182E+00  0.698679900822851E+00 
 0.313600000785664E+00  0.389429120004182E+00  0.727633429567153E+00 
 0.313600000785664E+00  0.389429120004182E+00  0.753193120899269E+00 
 0.313600000785664E+00  0.389429120004182E+00  0.781230346476074E+00 
 0.313600000785664E+00  0.389429120004182E+00  0.804840530848737E+00 
 0.313600000785664E+00  0.389429120004182E+00  0.833526382555564E+00 
 0.313600000785664E+00  0.389429120004182E+00  0.873140408106177E+00 
 0.313600000785664E+00  0.389429120004182E+00  0.904140823359607E+00 
 0.313600000785664E+00  0.389429120004182E+00  0.934848651207521E+00 
 0.313600000785664E+00  0.389429120004182E+00  0.958600645662081E+00 
 0.313600000785664E+00  0.389429120004182E+00  0.981844052011983E+00 
 0.447367688125493E+00  0.223298346660363E+00  0.875081693088411E+00 
 0.438229241649977E+00  0.240738720946354E+00  0.851379792408046E+00 
 0.447713733035530E+00  0.222603713471699E+00  0.144765939294773E+00 
 0.425454348751872E+00  0.262656804838788E+00  0.903310903222186E+00 
 0.440841311416785E+00  0.235921466060911E+00  0.904257134833213E+00 
 0.432318935272291E+00  0.251197806927195E+00  0.876361653129036E+00 
 0.456556031486480E+00  0.203854335527396E+00  0.906203289017205E+00 
 0.460633852533264E+00  0.194464531214212E+00  0.872334308670159E+00 
 0.434699012682702E+00  0.247056204886022E+00  0.822442499159359E+00 
 0.451285246747082E+00  0.215271052555669E+00  0.838470512017082E+00 
 0.443518881867790E+00  0.230848438215956E+00  0.796759423113902E+00 
 0.453032442573088E+00  0.211569388088783E+00  0.216029188779169E+00 
 0.442059522462423E+00  0.233630859691726E+00  0.198953779308408E+00 
 0.455213756936339E+00  0.206834318950952E+00  0.190248528173255E+00 
 0.331705145581465E+00  0.374127914482171E+00  0.162196138283943E-01 
 0.430576963547994E+00  0.254172143363095E+00  0.175025390017874E+00 
 0.444751416408216E+00  0.228464827933942E+00  0.169799896534597E+00 
 0.457241288496422E+00  0.202312639481897E+00  0.161697698236781E+00 
 0.426065755415312E+00  0.261663853182628E+00  0.118842958052390E+00 
 0.434647378250733E+00  0.247147034333338E+00  0.146118899077572E+00 
 0.442420275068642E+00  0.232946990124765E+00  0.120350354117304E+00 
 0.457844809257510E+00  0.200943102981800E+00  0.128585365683505E+00 
 0.477287006077987E+00  0.148986958587359E+00  0.773466477228902E+00 
 0.440103699012899E+00  0.237294614593682E+00  0.959898064313562E+00 
 0.432504309147266E+00  0.250878501607942E+00  0.931238277054038E+00 
 0.446956855319935E+00  0.224119542839341E+00  0.933677907058555E+00 
 0.457988090051133E+00  0.200616323790750E+00  0.937178172607044E+00 
 0.467101885087077E+00  0.178369921646278E+00  0.926707435567435E+00 
 0.482224895600297E+00  0.132133077097608E+00  0.805941763120811E+00 
 0.483321614427022E+00  0.128063332096494E+00  0.844745161441798E+00 
 0.478817802797594E+00  0.143991359893866E+00  0.874199104208124E+00 
 0.484761139538708E+00  0.122501582002575E+00  0.778914557854894E+00 
 0.489294582077312E+00  0.102911670619948E+00  0.826484022773810E+00 
 0.491420942098426E+00  0.922250381788772E-01  0.795519585280983E+00 
 0.339475241631765E+00  0.367092032491928E+00  0.774741058809285E+00 
 0.346572950189458E+00  0.360398654543792E+00  0.190870697574286E-01 
 0.335091176041130E+00  0.371098240011149E+00  0.359679395674669E-01 
 0.326211635578556E+00  0.378927392534722E+00  0.524797354044382E-01 
 0.350646817284210E+00  0.356436262925721E+00  0.764509547713615E+00 
 0.355699312166781E+00  0.351394364388615E+00  0.792437050684562E+00 
 0.365093772538291E+00  0.341623385109624E+00  0.766885733772414E+00 
 0.367797565288235E+00  0.338710718708526E+00  0.821440455843467E+00 
 0.375244367180603E+00  0.330441621015314E+00  0.794895877861417E+00 
 0.381741981169279E+00  0.322913393672288E+00  0.767250615017438E+00 
 0.375895562635215E+00  0.329700661193082E+00  0.844701217099347E+00 
 0.388647845446604E+00  0.314567722803394E+00  0.860487400452826E+00 
 0.388132118027793E+00  0.315203837151865E+00  0.826848814573535E+00 
 0.393565010484584E+00  0.308393551362977E+00  0.795205699322464E+00 
 0.398747213361897E+00  0.301663156245707E+00  0.766433417827312E+00 
 0.400927449682418E+00  0.298759401678261E+00  0.881084999987436E+00 
 0.404513607887813E+00  0.293885591742067E+00  0.851882811576747E+00 
 0.406336155683128E+00  0.291360478762403E+00  0.821661992573046E+00 
 0.410505751181599E+00  0.285455825386050E+00  0.792644283996033E+00 
 0.415342001112241E+00  0.278372092911771E+00  0.765170989657760E+00 
 0.411336425160907E+00  0.284257533472458E+00  0.900434636003979E+00 
 0.416770056838925E+00  0.276229469323024E+00  0.875840879966164E+00 
 0.422299151217818E+00  0.267700255660526E+00  0.845376300809242E+00 
 0.420524863701851E+00  0.270478906771932E+00  0.815188622984383E+00 
 0.426768885189016E+00  0.260515486362183E+00  0.792189604826174E+00 
 0.431095973721301E+00  0.253290863319788E+00  0.764429010621165E+00 
 0.470936102836571E+00  0.167985675118750E+00  0.897002170812848E+00 
 0.470500453180910E+00  0.169202019954132E+00  0.868220980339639E+00 
 0.363326115226556E+00  0.343502742338950E+00  0.208623966387750E-01 
 0.351784726514376E+00  0.355313250795978E+00  0.402797851671359E-01 
 0.340761118407065E+00  0.365898702077455E+00  0.587295994687010E-01 
 0.329007312785878E+00  0.376502573873560E+00  0.779737442096209E-01 
 0.465781706805451E+00  0.181789443052672E+00  0.843397175830191E+00 
 0.460899719392472E+00  0.193833559178850E+00  0.810214415402363E+00 
 0.453798859134611E+00  0.209920450285638E+00  0.782626390445811E+00 
 0.444995538666736E+00  0.227988970274226E+00  0.762139464728181E+00 
 0.462985249349792E+00  0.188797931356545E+00  0.781850977551485E+00 
 0.457152562756247E+00  0.202513047395459E+00  0.758957937829174E+00 
 0.475137409111349E+00  0.155706269825446E+00  0.850128356408061E+00 
 0.474033981788394E+00  0.159033908679377E+00  0.823465908084482E+00 
 0.471623075964412E+00  0.166047204787875E+00  0.793483392016935E+00 
 0.468185201728977E+00  0.175506743124008E+00  0.762383438255995E+00 
 0.349235488922965E+00  0.357819190760833E+00  0.226141137527835E+00 
 0.365004639699869E+00  0.341718616697377E+00  0.207441125089050E+00 
 0.370619791479587E+00  0.335620276746843E+00  0.180507857546167E+00 
 0.384676416302042E+00  0.319412045391244E+00  0.226349021696017E+00 
 0.388158908648789E+00  0.315170845156371E+00  0.196428073645974E+00 
 0.382946878372068E+00  0.321483573989541E+00  0.163345764434717E+00 
 0.407933639677977E+00  0.289119604349271E+00  0.232315704953568E+00 
 0.407560675226604E+00  0.289645120809646E+00  0.198623657826322E+00 
 0.401017635472100E+00  0.298638336521562E+00  0.171146773317716E+00 
 0.395633792074833E+00  0.305735020186579E+00  0.142055623765554E+00 
 0.428734510009583E+00  0.257267798075941E+00  0.240901462273880E+00 
 0.443540966841845E+00  0.230806002376458E+00  0.234145044060713E+00 
 0.425619851742882E+00  0.262388532147210E+00  0.207806866671902E+00 
 0.416457301844816E+00  0.276700769316125E+00  0.179645821934172E+00 
 0.416387487873736E+00  0.276805816308472E+00  0.149372699453318E+00 
 0.407508936562189E+00  0.289717908700781E+00  0.117943247070586E+00 
 0.497261313600595E+00  0.522607500540354E-01  0.231943077270336E+00 
 0.494211872161756E+00  0.758592473886490E-01  0.241844145719873E+00 
 0.494065661397983E+00  0.768057434530401E-01  0.213227286013368E+00 
 0.489463769257888E+00  0.102103959687476E+00  0.222871541101565E+00 
 0.489663844983975E+00  0.101140095488931E+00  0.193162190492856E+00 
 0.484235331715113E+00  0.124563813038758E+00  0.171461662980790E+00 
 0.483232473922238E+00  0.128399284059505E+00  0.230459624375957E+00 
 0.483443711463549E+00  0.127601637318447E+00  0.200350352444365E+00 
 0.476357284212990E+00  0.151933333331512E+00  0.177633767497050E+00 
 0.380481272506155E+00  0.324397905776374E+00  0.222990972639442E-01 
 0.368685999329379E+00  0.337743443901576E+00  0.430947432412869E-01 
 0.357210920516926E+00  0.349857625704300E+00  0.629127065279820E-01 
 0.345850052604380E+00  0.361092427383278E+00  0.819876100766214E-01 
 0.334998717428329E+00  0.371181706609276E+00  0.998664556850824E-01 
 0.477896146101342E+00  0.147021337027946E+00  0.148891039173851E+00 
 0.475598887822723E+00  0.154290952106040E+00  0.236795322354318E+00 
 0.475451129759460E+00  0.154745672671171E+00  0.207390109871954E+00 
 0.458223819963765E+00  0.200077312101636E+00  0.241236647013534E+00 
 0.468021938556609E+00  0.175941652344501E+00  0.245091747577356E+00 
 0.465182933754687E+00  0.183316224441217E+00  0.216441006686835E+00 
 0.466644535735854E+00  0.179563017539441E+00  0.184471115884181E+00 
 0.468246174113937E+00  0.175344005964449E+00  0.154266823164064E+00 
 0.470675637592282E+00  0.168714090037255E+00  0.125420408763011E+00 
 0.417992180382121E+00  0.274376633734363E+00  0.883270665755142E-01 
 0.436172811209032E+00  0.244444837871473E+00  0.926828343078099E-01 
 0.450800492886630E+00  0.216284339731687E+00  0.976233102445881E-01 
 0.463574489868212E+00  0.187346450042234E+00  0.100918866791350E+00 
 0.458034079260404E+00  0.200511302015807E+00  0.776214121543106E-01 
 0.430777607648843E+00  0.253831937999023E+00  0.664045683448015E-01 
 0.446346700763053E+00  0.225332249618065E+00  0.637098258310929E-01 
 0.326267862284497E+00  0.378878980731717E+00  0.977776445357392E+00 
 0.328045551815626E+00  0.377340848483147E+00  0.953069309820403E+00 
 0.339796108478761E+00  0.366795044490366E+00  0.975557568239002E+00 
 0.326815127502141E+00  0.378407019538168E+00  0.890473038902856E+00 
 0.329666087668396E+00  0.375925884505727E+00  0.923388584968384E+00 
 0.343460929798126E+00  0.363365641884599E+00  0.949937095950918E+00 
 0.354623390437286E+00  0.352480142638935E+00  0.974253453363834E+00 
 0.339386877019752E+00  0.367173729597829E+00  0.904047102076669E+00 
 0.348213810314794E+00  0.358813520238651E+00  0.924837078388448E+00 
 0.359989400971247E+00  0.346998027643332E+00  0.948128008226071E+00 
 0.370948102863562E+00  0.335257371256658E+00  0.973091370660894E+00 
 0.328584425121185E+00  0.376871696427020E+00  0.860213953458494E+00 
 0.341402910002315E+00  0.365299949414110E+00  0.880116764711206E+00 
 0.353646679307607E+00  0.353460077257252E+00  0.899973595679800E+00 
 0.364988672373101E+00  0.341735671300673E+00  0.921823070823548E+00 
 0.377226898822771E+00  0.328176578695913E+00  0.945327694583778E+00 
 0.388817861430283E+00  0.314357552212097E+00  0.971215640323137E+00 
 0.325497724639941E+00  0.379540816321804E+00  0.806123810458858E+00 
 0.333235202552979E+00  0.372765743838507E+00  0.829938407052655E+00 
 0.344806429031353E+00  0.362089114029470E+00  0.852809656983408E+00 
 0.357009173039125E+00  0.350063494763336E+00  0.874141574098131E+00 
 0.369320892687229E+00  0.337049073911661E+00  0.895186182876039E+00 
 0.381785907427479E+00  0.322861457733462E+00  0.917137101116224E+00 
 0.395197065936989E+00  0.306299329210489E+00  0.940584545735480E+00 
 0.408033543779217E+00  0.288978592893961E+00  0.968446233761872E+00 
 0.421508493362661E+00  0.268943469939577E+00  0.980485319365490E+00 
 0.328034611084500E+00  0.377350359653520E+00  0.784117472914943E+00 
 0.339606864965547E+00  0.366970267553480E+00  0.801740049299909E+00 
 0.350348838871821E+00  0.356729156505558E+00  0.824492929092913E+00 
 0.360903640597053E+00  0.346047052008529E+00  0.847793895309183E+00 
 0.372836320727936E+00  0.333156236540839E+00  0.868830805460223E+00 
 0.385404576271070E+00  0.318533063573183E+00  0.888889937257547E+00 
 0.397948425623069E+00  0.302716122041957E+00  0.910278307490411E+00 
 0.414008040058241E+00  0.280352176319596E+00  0.930357064275755E+00 
 0.424969680813323E+00  0.263440259621461E+00  0.956744112878988E+00 
 0.432262634815105E+00  0.251294676709840E+00  0.978691490031397E+00 
 0.397183572624912E+00  0.303718964895034E+00  0.237017599025384E-01 
 0.385630497406657E+00  0.318259515914127E+00  0.453568411265153E-01 
 0.374243854255971E+00  0.331574331864871E+00  0.662595479263796E-01 
 0.363010531669646E+00  0.343836231216143E+00  0.864802507644702E-01 
 0.351469217163123E+00  0.355625349752715E+00  0.105850869388921E+00 
 0.338717586890268E+00  0.367791240150215E+00  0.124062684048701E+00 
 0.328923652314050E+00  0.376575664307169E+00  0.144422308206331E+00 
 0.498968414291282E+00  0.321017373306087E-01  0.977548368136427E+00 
 0.499617014162188E+00  0.195662760805611E-01  0.957910447758040E+00 
 0.496377512633513E+00  0.600779905769740E-01  0.974627867282707E+00 
 0.498169872054192E+00  0.427408303324775E-01  0.952823854509921E+00 
 0.499469587990244E+00  0.230245667246153E-01  0.935030763458290E+00 
 0.492083868823207E+00  0.886197835925181E-01  0.970166605286971E+00 
 0.495215229565709E+00  0.690063504772005E-01  0.946634111729603E+00 
 0.497628642174628E+00  0.486388166738827E-01  0.925906347734782E+00 
 0.499337462365967E+00  0.257312782021583E-01  0.908402259664533E+00 
 0.481374879525572E+00  0.135196987250977E+00  0.977402710772585E+00 
 0.486514072883932E+00  0.115343213436633E+00  0.961190567340214E+00 
 0.490670031961562E+00  0.961401047161931E-01  0.939266421614655E+00 
 0.494182388542507E+00  0.760510805605180E-01  0.917378775015419E+00 
 0.497089679910607E+00  0.538688233245379E-01  0.896968123689805E+00 
 0.499170939806681E+00  0.287814671709905E-01  0.878818671503630E+00 
 0.463525663958046E+00  0.187467220740727E+00  0.978914552873638E+00 
 0.473107122531832E+00  0.161770363817513E+00  0.973210941512139E+00 
 0.479704060226313E+00  0.141010689674186E+00  0.952327272196163E+00 
 0.484517414743009E+00  0.123462037933736E+00  0.931438226840713E+00 
 0.488946443111076E+00  0.104553219792734E+00  0.909268237556897E+00 
 0.492962135271113E+00  0.835962510459963E-01  0.887224046391094E+00 
 0.496360808301714E+00  0.602158449419212E-01  0.865992350985945E+00 
 0.498895100237112E+00  0.332216640071165E-01  0.846490794705870E+00 
 0.481837175824495E+00  0.133540016450033E+00  0.756023970779948E+00 
 0.488454844833794E+00  0.106826328956836E+00  0.758635921123723E+00 
 0.495053635741680E+00  0.701562380615128E-01  0.766268330883145E+00 
 0.498224732646245E+00  0.420965055506689E-01  0.752636489054557E+00 
 0.453460752130011E+00  0.210649819078216E+00  0.965850164285484E+00 
 0.499056074134426E+00  0.307088728144492E-01  0.779722569140462E+00 
 0.464895532370864E+00  0.184043864286781E+00  0.954679266789194E+00 
 0.472628565960561E+00  0.163163226978578E+00  0.946455535206765E+00 
 0.476677014591751E+00  0.150927213450376E+00  0.925262632996580E+00 
 0.481701918775853E+00  0.134027092215201E+00  0.902493935605292E+00 
 0.486764392032694E+00  0.114282223679110E+00  0.878857075321463E+00 
 0.491286672414596E+00  0.929376431151231E-01  0.856131765917017E+00 
 0.495122474679535E+00  0.696687524447914E-01  0.832599334264714E+00 
 0.498220842574988E+00  0.421425203786986E-01  0.809062045144702E+00 
 0.326378335478886E+00  0.378783819783834E+00  0.756113346353312E+00 
 0.339304387174452E+00  0.367249959624463E+00  0.746707162643647E+00 
 0.354015129491757E+00  0.353091047877080E+00  0.741757836131419E+00 
 0.369744467673429E+00  0.336584355882582E+00  0.740404234037373E+00 
 0.386316469599160E+00  0.317426503802756E+00  0.739362388859933E+00 
 0.403000321657475E+00  0.295957329262128E+00  0.738158146974535E+00 
 0.419215947870833E+00  0.272503190900142E+00  0.736901186578036E+00 
 0.434414954632086E+00  0.247555341675357E+00  0.735558281800243E+00 
 0.448294579459685E+00  0.221431637367076E+00  0.734003228914279E+00 
 0.461123127873992E+00  0.193301476817188E+00  0.733852432559996E+00 
 0.473663702606956E+00  0.160133372014296E+00  0.738572596029050E+00 
 0.482743195283833E+00  0.130226753807177E+00  0.731239362546544E+00 
 0.489930763924883E+00  0.998391033612623E-01  0.730785346595866E+00 
 0.495345449808112E+00  0.680653021325770E-01  0.730020943162591E+00 
 0.498740293162066E+00  0.354699869835891E-01  0.726814129638390E+00 
 0.327173011261147E+00  0.378097633822685E+00  0.723363296964799E+00 
 0.414246790131306E+00  0.279999280116770E+00  0.265696380024413E-01 
 0.402008332943765E+00  0.297303380814572E+00  0.478667758687354E-01 
 0.390941967369523E+00  0.311712011557538E+00  0.689203634857624E-01 
 0.380709407883464E+00  0.324130138600257E+00  0.902581597058897E-01 
 0.369462001142138E+00  0.336894389552642E+00  0.110891405334974E+00 
 0.357590841442872E+00  0.349469297816245E+00  0.130543072210168E+00 
 0.346321982725419E+00  0.360639826254859E+00  0.149945042758750E+00 
 0.335727552313613E+00  0.370522618226621E+00  0.168635383285693E+00 
 0.341381526522617E+00  0.365319932865821E+00  0.718661125872595E+00 
 0.356762526225793E+00  0.350314858207570E+00  0.715114604476997E+00 
 0.372994087755239E+00  0.332979594719612E+00  0.712833709216065E+00 
 0.389700937039536E+00  0.313262158056966E+00  0.711136415781060E+00 
 0.406292105285549E+00  0.291421902372893E+00  0.709640155440313E+00 
 0.422287023810712E+00  0.267719385777517E+00  0.708253937035408E+00 
 0.437298462162447E+00  0.242425359627162E+00  0.706963502758448E+00 
 0.451139969035832E+00  0.215575342602879E+00  0.705986155144518E+00 
 0.463746200562670E+00  0.186921003270602E+00  0.705790756358498E+00 
 0.474742158692564E+00  0.156907242534958E+00  0.705501055010944E+00 
 0.483655018075758E+00  0.126798357600321E+00  0.702790663240869E+00 
 0.490660429140392E+00  0.961891016475724E-01  0.701287437381302E+00 
 0.495772202022984E+00  0.648839248295075E-01  0.699633554913502E+00 
 0.498924679830228E+00  0.327744390692493E-01  0.697534445684169E+00 
 0.328024780767926E+00  0.377358905025645E+00  0.694223250935513E+00 
 0.342975717077828E+00  0.363823662637479E+00  0.690266504633090E+00 
 0.358837592417711E+00  0.348189003657297E+00  0.687033994828075E+00 
 0.375385843963431E+00  0.330280892804690E+00  0.684500370602617E+00 
 0.392217805568119E+00  0.310105132165415E+00  0.682506175209349E+00 
 0.408781267056628E+00  0.287919911960909E+00  0.680831408125208E+00 
 0.424659856762408E+00  0.263939398450726E+00  0.679379808323709E+00 
 0.439518427986248E+00  0.238376910502039E+00  0.678137144399993E+00 
 0.453128545453745E+00  0.211363481460194E+00  0.677144948022237E+00 
 0.465280538854894E+00  0.183068348337171E+00  0.676323211617492E+00 
 0.475737592878352E+00  0.153862739876524E+00  0.675151403580606E+00 
 0.484363997107458E+00  0.124062558034591E+00  0.673287502628650E+00 
 0.491139999802886E+00  0.937096611541268E-01  0.671504803998604E+00 
 0.496036034711601E+00  0.628351196990321E-01  0.669563047435365E+00 
 0.499006472277307E+00  0.315046127631709E-01  0.667366404556101E+00 
 0.328662619143834E+00  0.376803506854056E+00  0.664992523789301E+00 
 0.344122702583986E+00  0.362738977180966E+00  0.661382212105977E+00 
 0.360340302762094E+00  0.346633619554310E+00  0.658273517712744E+00 
 0.377118021735087E+00  0.328301686993251E+00  0.655658832456263E+00 
 0.394044386982293E+00  0.307780800388440E+00  0.653526127529968E+00 
 0.410599540201004E+00  0.285320902821233E+00  0.651740857062298E+00 
 0.426387351913974E+00  0.261139476387215E+00  0.650231067832874E+00 
 0.441089495789149E+00  0.235457122857803E+00  0.648931575747327E+00 
 0.454459156896532E+00  0.208487109224752E+00  0.647778441966374E+00 
 0.466302571406007E+00  0.180449194789408E+00  0.646615601546996E+00 
 0.476466370818544E+00  0.151590888509190E+00  0.645211835941938E+00 
 0.484867030818380E+00  0.122081785805123E+00  0.643474133168358E+00 
 0.491455196099085E+00  0.920423284538708E-01  0.641568096537393E+00 
 0.496193836428563E+00  0.615765920647188E-01  0.639435934543365E+00 
 0.499048771425925E+00  0.308273212958080E-01  0.637053760286071E+00 
 0.329109914549406E+00  0.376412890514237E+00  0.635545413548071E+00 
 0.344921452643826E+00  0.361979545701235E+00  0.632156317163519E+00 
 0.361391775842059E+00  0.345537240183635E+00  0.629118342429422E+00 
 0.378329086784045E+00  0.326905341181741E+00  0.626474388223315E+00 
 0.395324267548020E+00  0.306135139256541E+00  0.624260012913247E+00 
 0.411867822106074E+00  0.283487031649773E+00  0.622400750285879E+00 
 0.427581918609870E+00  0.259178901297738E+00  0.620820138678237E+00 
 0.442150492886911E+00  0.233458650813933E+00  0.619439325064492E+00 
 0.455342756279530E+00  0.206550173816825E+00  0.618146953190724E+00 
 0.466985214471120E+00  0.178675150665564E+00  0.616815448292420E+00 
 0.476963821981984E+00  0.150018373942454E+00  0.615300208602826E+00 
 0.485203905229404E+00  0.120735953013738E+00  0.613539598081511E+00 
 0.491658110199794E+00  0.909521999446294E-01  0.611532422132665E+00 
 0.496289357470228E+00  0.608019215303972E-01  0.609251816331559E+00 
 0.499073293694069E+00  0.304277426266428E-01  0.606692215382676E+00 
 0.329412331021096E+00  0.376148263549426E+00  0.605982164229740E+00 
 0.345461804860521E+00  0.361463886692034E+00  0.602728909056792E+00 
 0.362101052320386E+00  0.344793891924537E+00  0.599727620322377E+00 
 0.379147974997164E+00  0.325955231673844E+00  0.597052244535395E+00 
 0.396184676474371E+00  0.305020822448071E+00  0.594782990669437E+00 
 0.412719290793620E+00  0.282245968982395E+00  0.592856666103938E+00 
 0.428373292967094E+00  0.257868807482658E+00  0.591215668927445E+00 
 0.442847894712333E+00  0.232133026837749E+00  0.589755698857961E+00 
 0.455917603647718E+00  0.205278198267916E+00  0.588374074493369E+00 
 0.467432860413058E+00  0.177500763395728E+00  0.586943009240028E+00 
 0.477289233218106E+00  0.148979823647608E+00  0.585360136386515E+00 
 0.485422871491413E+00  0.119852558725425E+00  0.583541266817392E+00 
 0.451502804811046E+00  0.214814378587092E+00  0.290726745879136E-01 
 0.460556756021141E+00  0.194647051052111E+00  0.522436738319223E-01 
 0.467994490829789E+00  0.176014648688586E+00  0.749373118289454E-01 
 0.474066804108212E+00  0.158936041358232E+00  0.984260728334235E-01 
 0.480057110238338E+00  0.139804044682607E+00  0.121550935255062E+00 
 0.485576253175788E+00  0.119229620278534E+00  0.143949394565069E+00 
 0.490323515090331E+00  0.978920351686626E-01  0.165474951231486E+00 
 0.494291514525512E+00  0.753385602999963E-01  0.185591406852645E+00 
 0.497291852906887E+00  0.519693470464553E-01  0.204183882251512E+00 
 0.499090948061403E+00  0.301367809025820E-01  0.221777483868994E+00 
 0.499798222803228E+00  0.142033968731084E-01  0.235855418757688E+00 
 0.491786335294647E+00  0.902563040316947E-01  0.581446275982104E+00 
 0.496348305281846E+00  0.603188183226339E-01  0.579029926651960E+00 
 0.499087989568222E+00  0.301857361803517E-01  0.576303402953715E+00 
 0.329615356606738E+00  0.375970366769794E+00  0.576416705479790E+00 
 0.345819711499235E+00  0.361121485290734E+00  0.573218863880910E+00 
 0.362570435601261E+00  0.344300274800807E+00  0.570199253987124E+00 
 0.379685331783247E+00  0.325329139224641E+00  0.567482272505828E+00 
 0.396751924486602E+00  0.304282616026906E+00  0.565153491433917E+00 
 0.413275184225747E+00  0.281431380807427E+00  0.563176281307252E+00 
 0.428890980046687E+00  0.257006862232495E+00  0.561475549602999E+00 
 0.443298796023851E+00  0.231270788133313E+00  0.559962199500301E+00 
 0.456291618757389E+00  0.204445490661354E+00  0.558514625036433E+00 
 0.467722710700570E+00  0.176735581858635E+00  0.557028979299852E+00 
 0.477501617456376E+00  0.148297691575238E+00  0.555391613870042E+00 
 0.485564064225058E+00  0.119279250220833E+00  0.553521658937921E+00 
 0.491869111171157E+00  0.898041061182407E-01  0.551340363085665E+00 
 0.496386049278009E+00  0.600074168929947E-01  0.548793663185392E+00 
 0.499097771055372E+00  0.300235728646540E-01  0.545867304754978E+00 
 0.329756193182432E+00  0.375846847875342E+00  0.546969489514704E+00 
 0.346061264349609E+00  0.360890012769473E+00  0.543704853425767E+00 
 0.362881569714113E+00  0.343972333715695E+00  0.540608903547699E+00 
 0.380046412748144E+00  0.324907254700887E+00  0.537820012297886E+00 
 0.397131812167943E+00  0.303786641846224E+00  0.535438400678329E+00 
 0.413653435215404E+00  0.280875124449453E+00  0.533406441832265E+00 
 0.429240109584739E+00  0.256423338102603E+00  0.531665636563748E+00 
 0.443607433298155E+00  0.230678228540586E+00  0.530103906117632E+00 
 0.456545965893845E+00  0.203876877124542E+00  0.528620520184068E+00 
 0.467923606304131E+00  0.176203004126877E+00  0.527093692687979E+00 
 0.477648068167564E+00  0.147825312364946E+00  0.525425840238294E+00 
 0.485663160455570E+00  0.118875121772000E+00  0.523509551377220E+00 
 0.491927034075132E+00  0.894862735063006E-01  0.521258717508362E+00 
 0.433199455372763E+00  0.249676254106677E+00  0.339242834519933E-01 
 0.417618029182620E+00  0.274945779566852E+00  0.550671834516594E-01 
 0.405728426018130E+00  0.292206167492835E+00  0.708208882602809E-01 
 0.398582682473833E+00  0.301880514826585E+00  0.927976606466681E-01 
 0.388145137166658E+00  0.315187805116055E+00  0.115209568308880E+00 
 0.376362096095029E+00  0.329168000606007E+00  0.136325576958183E+00 
 0.364346108905073E+00  0.342420666615981E+00  0.155982979903113E+00 
 0.353215110483746E+00  0.353891347345418E+00  0.176470731597074E+00 
 0.341355463640771E+00  0.365344286177565E+00  0.195815790434605E+00 
 0.329959312006605E+00  0.375668540631403E+00  0.214523514350252E+00 
 0.496413352928645E+00  0.597811260695211E-01  0.518577840878913E+00 
 0.499105293138134E+00  0.298982668644449E-01  0.515396448295538E+00 
 0.329857607813110E+00  0.375757845650377E+00  0.517715108512158E+00 
 0.346225818356937E+00  0.360732148141899E+00  0.514219653043577E+00 
 0.363110029325635E+00  0.343731154542524E+00  0.510986543266440E+00 
 0.380317792346534E+00  0.324589551317750E+00  0.508120790511266E+00 
 0.397429095515188E+00  0.303397617060483E+00  0.505677759335350E+00 
 0.413949708100210E+00  0.280438298318456E+00  0.503607244749420E+00 
 0.429521849607035E+00  0.255951129534823E+00  0.501823275729957E+00 
 0.443855436956954E+00  0.230200675680485E+00  0.500234638046053E+00 
 0.456756841412501E+00  0.203404001491799E+00  0.498719511911998E+00 
 0.468090280519756E+00  0.175759748756467E+00  0.497176929917425E+00 
 0.477773699037773E+00  0.147418765792431E+00  0.495487370925205E+00 
 0.485748354886992E+00  0.118526519077298E+00  0.493550680768614E+00 
 0.491978214219430E+00  0.892044658829430E-01  0.491250252548635E+00 
 0.496437107900533E+00  0.595835371504139E-01  0.488470101696217E+00 
 0.499111477346557E+00  0.297948515844178E-01  0.485068865736458E+00 
 0.329879499998805E+00  0.375738626548481E+00  0.488441891902639E+00 
 0.346363239326870E+00  0.360600203054571E+00  0.484708190449841E+00 
 0.363328182343505E+00  0.343500555916530E+00  0.481358619254530E+00 
 0.380593135291404E+00  0.324266657812762E+00  0.478413225676865E+00 
 0.397732852372410E+00  0.302999303866704E+00  0.475926483803972E+00 
 0.414263994548131E+00  0.279973825242693E+00  0.473813259977363E+00 
 0.429819628801854E+00  0.255450751998573E+00  0.472002856624979E+00 
 0.444126611191154E+00  0.229677062920661E+00  0.470383338858601E+00 
 0.456987517260261E+00  0.202885211556443E+00  0.468858157345471E+00 
 0.468279852955176E+00  0.175254042225219E+00  0.467305262902837E+00 
 0.477917536616790E+00  0.146951788672812E+00  0.465621455969681E+00 
 0.485849504029306E+00  0.118111216378789E+00  0.463684879370211E+00 
 0.492039114015752E+00  0.888679372923351E-01  0.461381985572903E+00 
 0.496465724323406E+00  0.593446254688277E-01  0.458568433465337E+00 
 0.499118573027719E+00  0.296757486640718E-01  0.455079351300805E+00 
 0.330052299546043E+00  0.375586846900113E+00  0.458792968129760E+00 
 0.346603586789359E+00  0.360369190726332E+00  0.455176424466354E+00 
 0.363629393145407E+00  0.343181678474687E+00  0.451740372347991E+00 
 0.380956457642367E+00  0.323839740273764E+00  0.448742277640016E+00 
 0.398144329845733E+00  0.302458414681576E+00  0.446219931317183E+00 
 0.414685649351464E+00  0.279348907679903E+00  0.444081984487147E+00 
 0.430227068164191E+00  0.254763949213473E+00  0.442235434463115E+00 
 0.444494660318419E+00  0.228963964300964E+00  0.440600953627422E+00 
 0.457309335715944E+00  0.202158777862951E+00  0.439066779440427E+00 
 0.468544790804810E+00  0.174544490058198E+00  0.437529718687958E+00 
 0.478124649710502E+00  0.146276516704526E+00  0.435865126717508E+00 
 0.485995894780513E+00  0.117507405113417E+00  0.433967777921478E+00 
 0.492129738952383E+00  0.883646990526181E-01  0.431710869387459E+00 
 0.496508775283431E+00  0.589833541479893E-01  0.428957043938344E+00 
 0.499129558371795E+00  0.294904045339583E-01  0.425552665758525E+00 
 0.330243155912009E+00  0.375419043168133E+00  0.430071163352746E+00 
 0.346885653695902E+00  0.360097685718704E+00  0.425796792521899E+00 
 0.364050688013913E+00  0.342734732054684E+00  0.422159283694733E+00 
 0.381506166166675E+00  0.323191963354298E+00  0.419143501990326E+00 
 0.398765080061694E+00  0.301639538063879E+00  0.416625969494869E+00 
 0.415321861807781E+00  0.278402139188115E+00  0.414453570231506E+00 
 0.430830560071204E+00  0.253742051124233E+00  0.412574206951493E+00 
 0.445045673018007E+00  0.227891090058276E+00  0.410919378040081E+00 
 0.457789512044034E+00  0.201069049489188E+00  0.409404078849185E+00 
 0.468947655277566E+00  0.173459207336115E+00  0.407894743293049E+00 
 0.478439821231667E+00  0.145242340451433E+00  0.406278278111429E+00 
 0.486222670472051E+00  0.116565495405063E+00  0.404445847254721E+00 
 0.492271318835734E+00  0.875725336605443E-01  0.402294920957803E+00 
 0.496578410842875E+00  0.583941939302576E-01  0.399673866664816E+00 
 0.499148297404563E+00  0.291715134699236E-01  0.396475359491097E+00 
 0.330250740097636E+00  0.375412371486294E+00  0.401083351096094E+00 
 0.347246872672235E+00  0.359749370283469E+00  0.396131729811038E+00 
 0.364729828009020E+00  0.342011918740430E+00  0.392560650537148E+00 
 0.382388268169068E+00  0.322147811364070E+00  0.389703004045381E+00 
 0.399729671858454E+00  0.300360099607009E+00  0.387216828115394E+00 
 0.416274675374212E+00  0.276975440503476E+00  0.384987850979452E+00 
 0.431727097602310E+00  0.252213626110656E+00  0.383044646643224E+00 
 0.445858948949990E+00  0.226295818876997E+00  0.381393511502045E+00 
 0.458506548092106E+00  0.199428546995313E+00  0.379925821672517E+00 
 0.469549185330131E+00  0.171824219933659E+00  0.378479724642396E+00 
 0.478914818115771E+00  0.143668357647527E+00  0.376914817706926E+00 
 0.471701346745593E+00  0.165824725172074E+00  0.492759661855918E-01 
 0.477409704209421E+00  0.148593318580186E+00  0.726141109162922E-01 
 0.482597608098058E+00  0.130765242545692E+00  0.955393320395185E-01 
 0.487347529965962E+00  0.111769338532874E+00  0.117830054400717E+00 
 0.491445172821348E+00  0.920958311249521E-01  0.139302557536538E+00 
 0.494734715242212E+00  0.723709992621887E-01  0.159663748399939E+00 
 0.497498617494411E+00  0.499512321284416E-01  0.177661891937153E+00 
 0.499312987178577E+00  0.262019242577013E-01  0.195768792436509E+00 
 0.486564442987754E+00  0.115130546858845E+00  0.375176517684344E+00 
 0.492487794915190E+00  0.863468115194395E-01  0.373187337777232E+00 
 0.496687029441148E+00  0.574629862165903E-01  0.370740422710075E+00 
 0.499178791170940E+00  0.286449724230813E-01  0.367719460805910E+00 
 0.330702581293529E+00  0.375014403357787E+00  0.369397806491597E+00 
 0.348121783617046E+00  0.358902805465890E+00  0.365835058162805E+00 
 0.365946442477754E+00  0.340709849047361E+00  0.363096218011167E+00 
 0.383800885271602E+00  0.320463539992828E+00  0.360609494634070E+00 
 0.401162989460569E+00  0.298443053005191E+00  0.358099283760741E+00 
 0.417637829833849E+00  0.274915701791791E+00  0.355697472464809E+00 
 0.432994895074417E+00  0.250030839776806E+00  0.353665824293281E+00 
 0.447021077705731E+00  0.223991419672288E+00  0.352066714701167E+00 
 0.459533934500848E+00  0.197049646135613E+00  0.350738652918708E+00 
 0.470415183337064E+00  0.169438942648838E+00  0.349378394157578E+00 
 0.479595715286540E+00  0.141378746206041E+00  0.347840311536944E+00 
 0.487057017077482E+00  0.113028589815082E+00  0.346193028519463E+00 
 0.492801463881920E+00  0.845382587698406E-01  0.344486999209792E+00 
 0.496847182072368E+00  0.560613741068434E-01  0.342218597178933E+00 
 0.499223618275549E+00  0.278528087608530E-01  0.339178532950327E+00 
 0.331608744768017E+00  0.374213362125646E+00  0.337757292277077E+00 
 0.349718179580172E+00  0.357347442793608E+00  0.335840017776745E+00 
 0.367955145686364E+00  0.338539526145658E+00  0.334356545921039E+00 
 0.385906355412616E+00  0.317924967330582E+00  0.332201172604355E+00 
 0.403119920434821E+00  0.295794404525549E+00  0.329294674216667E+00 
 0.419439173944329E+00  0.272159474134006E+00  0.326508411938282E+00 
 0.434705624252316E+00  0.247044571370036E+00  0.324403278837168E+00 
 0.448617059930527E+00  0.220777565751799E+00  0.323023414378561E+00 
 0.460950181018859E+00  0.193713527195911E+00  0.322015307569760E+00 
 0.471596064882037E+00  0.166123904323781E+00  0.320740972426013E+00 
 0.480517584649385E+00  0.138213063213000E+00  0.319063770618988E+00 
 0.487731656924137E+00  0.110081019408597E+00  0.317460757377877E+00 
 0.493238042149500E+00  0.819526312971586E-01  0.316428517868819E+00 
 0.465276952497255E+00  0.183077463044655E+00  0.254935825407381E-01 
 0.497070361583848E+00  0.540467911619419E-01  0.314301463053964E+00 
 0.499281338736043E+00  0.267982236341289E-01  0.310799287558654E+00 
 0.333024368476821E+00  0.372954112459716E+00  0.307297465438170E+00 
 0.352544534973885E+00  0.354559375648208E+00  0.306798926632134E+00 
 0.371138732986939E+00  0.335046326463744E+00  0.307286691775739E+00 
 0.388716084179211E+00  0.314483395269736E+00  0.304723031480730E+00 
 0.405410108512557E+00  0.292647644644267E+00  0.300429728789388E+00 
 0.421648077525253E+00  0.268724577810178E+00  0.297205761689456E+00 
 0.436954354455689E+00  0.243045041344629E+00  0.295218384525040E+00 
 0.450769931766744E+00  0.216348026602983E+00  0.294415168449253E+00 
 0.462825571532232E+00  0.189189033339310E+00  0.294130284401135E+00 
 0.473102227654285E+00  0.161784678472818E+00  0.292743774721331E+00 
 0.481665115870274E+00  0.134159293951913E+00  0.290404681579363E+00 
 0.488638671585607E+00  0.105982303386242E+00  0.288622964117905E+00 
 0.493851662138017E+00  0.781699162307220E-01  0.289786835224223E+00 
 0.497357968697916E+00  0.513327475660771E-01  0.287286882320916E+00 
 0.499329530246987E+00  0.258847488557189E-01  0.282262312380300E+00 
 0.334647218904268E+00  0.371498639135648E+00  0.241415000664871E+00 
 0.350113652977124E+00  0.356959983750299E+00  0.254478293533374E+00 
 0.371307434020907E+00  0.334859357702320E+00  0.250942679377114E+00 
 0.392929698558491E+00  0.309202606701064E+00  0.250867520367691E+00 
 0.335753162543549E+00  0.370499411392252E+00  0.274061890449297E+00 
 0.358696709485422E+00  0.348334136432723E+00  0.279823412656465E+00 
 0.375910858684176E+00  0.329683221173486E+00  0.283668549472703E+00 
 0.391015695170117E+00  0.311619521420963E+00  0.276961543303244E+00 
 0.407610344500678E+00  0.289575218304396E+00  0.270462668651177E+00 
 0.424346158746119E+00  0.264443448694449E+00  0.267797542512808E+00 
 0.439964232958767E+00  0.237553096626846E+00  0.266028883788210E+00 
 0.453701463612795E+00  0.210130868545312E+00  0.266575848812426E+00 
 0.465220106069134E+00  0.183221867988031E+00  0.267927328495908E+00 
 0.474774578099425E+00  0.156809119602504E+00  0.265380063289583E+00 
 0.482850201755617E+00  0.129829436818311E+00  0.261093760243254E+00 
 0.490011849729597E+00  0.994403696924902E-01  0.257915413375100E+00 
 0.494881051938281E+00  0.713634670714699E-01  0.267307172376478E+00 
 0.497489108351443E+00  0.500458496949128E-01  0.259858730431201E+00 
 0.499297556544919E+00  0.264943395515559E-01  0.252244499517460E+00 
 0.499507502651788E+00  0.221868157826804E-01  0.213961405234667E-01 
 0.499246686344190E+00  0.274362201176815E-01  0.445041527804477E-01 
 0.497849626867238E+00  0.463222303883503E-01  0.224958913519152E-01 
 0.499525481684578E+00  0.217782723784708E-01  0.879237593458586E-01 
 0.475960563696024E+00  0.153171609008205E+00  0.241890092748399E-01 
 0.480719826101036E+00  0.137507995379867E+00  0.477157734847784E-01 
 0.485219288200448E+00  0.120674116355791E+00  0.706264599185587E-01 
 0.489323568194390E+00  0.102773759343087E+00  0.929412910551522E-01 
 0.492883852528053E+00  0.840565756922358E-01  0.114582997229239E+00 
 0.495704236204727E+00  0.654011483743879E-01  0.135257890629823E+00 
 0.497537515559690E+00  0.495622902082881E-01  0.154112375234405E+00 
 0.499397268816559E+00  0.245431843606593E-01  0.164294580698355E+00 
 0.498653145955198E+00  0.366747873747580E-01  0.668007750131442E-01 
 0.496943460107806E+00  0.552014262141965E-01  0.450118719697281E-01 
 0.494788713977705E+00  0.720008924964784E-01  0.226826277583122E-01 
 0.499253645452121E+00  0.273092933406844E-01  0.110992067854212E+00 
 0.497762107109266E+00  0.472534096774333E-01  0.894098822935064E-01 
 0.495751293651908E+00  0.650434842429275E-01  0.677086380295135E-01 
 0.493156812664380E+00  0.824400274303084E-01  0.456577198839090E-01 
 0.490201329160146E+00  0.985020654079219E-01  0.231557966495936E-01 
 0.498668176058557E+00  0.364698531177749E-01  0.134883847146498E+00 
 0.496853892052086E+00  0.560018745462475E-01  0.112475024447452E+00 
 0.494362229093552E+00  0.748731356739825E-01  0.908911977761196E-01 
 0.491305234458603E+00  0.928394667885257E-01  0.689814322610398E-01 
 0.487799203331613E+00  0.109781315482391E+00  0.465894820810281E-01 
 0.484093257425731E+00  0.125114819725503E+00  0.236384768480296E-01 
 0.313600000785664E+00  0.341438135297887E+00  0.206921728137179E-01 
 0.313600000785664E+00  0.341438135297887E+00  0.508282689993644E-01 
 0.313600000785664E+00  0.341438135297887E+00  0.821777701764712E-01 
 0.313600000785664E+00  0.341438135297887E+00  0.113875070786901E+00 
 0.313600000785664E+00  0.341438135297887E+00  0.146297419812917E+00 
 0.313600000785664E+00  0.341438135297887E+00  0.177988356911393E+00 
 0.313600000785664E+00  0.341438135297887E+00  0.206409201107386E+00 
 0.313600000785664E+00  0.341438135297887E+00  0.236642212138602E+00 
 0.313600000785664E+00  0.341438135297887E+00  0.266015471901979E+00 
 0.313600000785664E+00  0.341438135297887E+00  0.291117687854470E+00 
 0.313600000785664E+00  0.341438135297887E+00  0.316295480066781E+00 
 0.313600000785664E+00  0.341438135297887E+00  0.357635652726984E+00 
 0.313600000785664E+00  0.341438135297887E+00  0.398316372761465E+00 
 0.313600000785664E+00  0.341438135297887E+00  0.426317053120437E+00 
 0.313600000785664E+00  0.341438135297887E+00  0.451298489015443E+00 
 0.313600000785664E+00  0.341438135297887E+00  0.480690204678795E+00 
 0.313600000785664E+00  0.341438135297887E+00  0.510052636301885E+00 
 0.313600000785664E+00  0.341438135297887E+00  0.539608501208732E+00 
 0.313600000785664E+00  0.341438135297887E+00  0.569450663941801E+00 
 0.313600000785664E+00  0.341438135297887E+00  0.599483643662386E+00 
 0.313600000785664E+00  0.341438135297887E+00  0.629603096286733E+00 
 0.313600000785664E+00  0.341438135297887E+00  0.659748165371355E+00 
 0.313600000785664E+00  0.341438135297887E+00  0.689908824646826E+00 
 0.313600000785664E+00  0.341438135297887E+00  0.720178888373408E+00 
 0.313600000785664E+00  0.341438135297887E+00  0.750964990508549E+00 
 0.313600000785664E+00  0.341438135297887E+00  0.783439419514309E+00 
 0.313600000785664E+00  0.341438135297887E+00  0.810594700917495E+00 
 0.313600000785664E+00  0.341438135297887E+00  0.840969880823317E+00 
 0.313600000785664E+00  0.341438135297887E+00  0.879265881294736E+00 
 0.313600000785664E+00  0.341438135297887E+00  0.911761392396527E+00 
 0.313600000785664E+00  0.341438135297887E+00  0.940389830789046E+00 
 0.313600000785664E+00  0.341438135297887E+00  0.962600247434608E+00 
 0.313600000785664E+00  0.341438135297887E+00  0.982569498115955E+00 
 0.313600000785664E+00  0.357559219049581E+00  0.898438416285537E+00 
 0.313600000785664E+00  0.373470275531813E+00  0.885893433085139E+00 
 0.313600000785664E+00  0.365666301729626E+00  0.834759149698340E+00 
 0.313600000785664E+00  0.357479245712982E+00  0.712199941012416E+00 
 0.313600000785664E+00  0.373405051769731E+00  0.705038619424291E+00 
 0.313600000785664E+00  0.357541272921842E+00  0.652232112130039E+00 
 0.313600000785664E+00  0.373458845541298E+00  0.645457940074275E+00 
 0.313600000785664E+00  0.357546905096574E+00  0.592235520494053E+00 
 0.313600000785664E+00  0.373469505850172E+00  0.585714702063326E+00 
 0.313600000785664E+00  0.357688999610994E+00  0.504236597349058E+00 
 0.313600000785664E+00  0.373819570830415E+00  0.499346699974028E+00 
 0.313600000785664E+00  0.365736623311886E+00  0.452481071884573E+00 
 0.313600000785664E+00  0.364622754366723E+00  0.365996417430442E+00 
 0.313600000785664E+00  0.357702288209206E+00  0.196540576194847E+00 
 0.313600000785664E+00  0.373516895586068E+00  0.185575346400808E+00 
 0.313600000785664E+00  0.357602573246192E+00  0.133371287027085E+00 
 0.313600000785664E+00  0.373446699801198E+00  0.120409929526159E+00 
 0.313600000785664E+00  0.357465141243751E+00  0.696146049909661E-01 
 0.313600000785664E+00  0.373133855185341E+00  0.573777583459651E-01 
 0.313600000785664E+00  0.369838531370833E+00  0.979273098318547E+00 
 0.313600000785664E+00  0.356661874502030E+00  0.963572011687105E+00 
 0.313600000785664E+00  0.373119977750156E+00  0.953433896616493E+00 
 0.313600000785664E+00  0.357690714548330E+00  0.930245668486082E+00 
 0.313600000785664E+00  0.373442340922887E+00  0.917143225191834E+00 
 0.313600000785664E+00  0.357891532644308E+00  0.866076399460715E+00 
 0.313600000785664E+00  0.372545909690672E+00  0.288914449202186E-01 
 0.313600000785664E+00  0.357241097156180E+00  0.392007277355179E-01 
 0.313600000785664E+00  0.374960034941781E+00  0.858534990359987E+00 
 0.313600000785664E+00  0.356779208089455E+00  0.807514050654978E+00 
 0.313600000785664E+00  0.373082560482461E+00  0.800204371394553E+00 
 0.313600000785664E+00  0.357570842069239E+00  0.774096422886027E+00 
 0.313600000785664E+00  0.373344951287093E+00  0.763426131600760E+00 
 0.313600000785664E+00  0.357449799307274E+00  0.742325674870491E+00 
 0.313600000785664E+00  0.373280705017102E+00  0.734146543439490E+00 
 0.313600000785664E+00  0.357526645415203E+00  0.682247375565707E+00 
 0.313600000785664E+00  0.373446905308560E+00  0.675349402628934E+00 
 0.313600000785664E+00  0.357545550803876E+00  0.622204218744977E+00 
 0.313600000785664E+00  0.373464301648996E+00  0.615542902858082E+00 
 0.313600000785664E+00  0.357548782523136E+00  0.562433623106383E+00 
 0.313600000785664E+00  0.373479994922084E+00  0.556121823557433E+00 
 0.313600000785664E+00  0.357561263844779E+00  0.532980730592250E+00 
 0.313600000785664E+00  0.373523589999879E+00  0.527062649610442E+00 
 0.313600000785664E+00  0.358888710210015E+00  0.476858874439138E+00 
 0.313600000785664E+00  0.375790910855172E+00  0.475888415464029E+00 
 0.313600000785664E+00  0.356362902889290E+00  0.425645490178056E+00 
 0.313600000785664E+00  0.372833860303386E+00  0.424389305217708E+00 
 0.313600000785664E+00  0.358586940224707E+00  0.394254917743646E+00 
 0.313600000785664E+00  0.375346255234873E+00  0.392257957550833E+00 
 0.313600000785664E+00  0.357484456792632E+00  0.331101205502084E+00 
 0.313600000785664E+00  0.373927309098817E+00  0.344368829739984E+00 
 0.313600000785664E+00  0.355864535642073E+00  0.294873184799674E+00 
 0.313600000785664E+00  0.372909701269238E+00  0.304102721536095E+00 
 0.313600000785664E+00  0.373525402576489E+00  0.873918085614327E-01 
 0.313600000785664E+00  0.357648179283778E+00  0.100962585388667E+00 
 0.313600000785664E+00  0.358135997968345E+00  0.260620632705472E+00 
 0.313600000785664E+00  0.373894283542369E+00  0.251451553338396E+00 
 0.313600000785664E+00  0.357754492462656E+00  0.227712440898665E+00 
 0.313600000785664E+00  0.373517380471487E+00  0.217525767586373E+00 
 0.313600000785664E+00  0.357624548765732E+00  0.165534480692692E+00 
 0.313600000785664E+00  0.373471151923935E+00  0.153200438097944E+00 
 0.463600000785682E+00  0.346944695195361E-16  0.197206491373839E-01 
 0.463600000785682E+00 -0.208166817117217E-16  0.480882452675581E-01 
 0.463600000785682E+00  0.346944695195361E-16  0.788927429315230E-01 
 0.463600000785682E+00 -0.208166817117217E-16  0.110378400533533E+00 
 0.463600000785682E+00  0.346944695195361E-16  0.138106587166560E+00 
 0.463600000785682E+00 -0.208166817117217E-16  0.169318341733879E+00 
 0.463600000785682E+00  0.346944695195361E-16  0.197857592228915E+00 
 0.463600000785682E+00 -0.208166817117217E-16  0.230348744193551E+00 
 0.463600000785682E+00  0.346944695195361E-16  0.259151728660369E+00 
 0.463600000785682E+00 -0.208166817117217E-16  0.291617603084857E+00 
 0.463600000785682E+00  0.346944695195361E-16  0.321163759647028E+00 
 0.463600000785682E+00 -0.208166817117217E-16  0.349737288994755E+00 
 0.463600000785682E+00  0.346944695195361E-16  0.377203614290433E+00 
 0.463600000785682E+00 -0.208166817117217E-16  0.403451727421763E+00 
 0.463600000785682E+00  0.346944695195361E-16  0.430202262389190E+00 
 0.463600000785682E+00 -0.208166817117217E-16  0.461215129308834E+00 
 0.463600000785682E+00  0.346944695195361E-16  0.491627610623968E+00 
 0.463600000785682E+00 -0.208166817117217E-16  0.526207247118200E+00 
 0.463600000785682E+00  0.346944695195361E-16  0.557354356434318E+00 
 0.463600000785682E+00 -0.208166817117217E-16  0.586834999186281E+00 
 0.463600000785682E+00  0.346944695195361E-16  0.619301277060660E+00 
 0.463600000785682E+00 -0.208166817117217E-16  0.647695609855104E+00 
 0.463600000785682E+00  0.346944695195361E-16  0.679355132422744E+00 
 0.463600000785682E+00 -0.208166817117217E-16  0.708052843678274E+00 
 0.463600000785682E+00  0.346944695195361E-16  0.741841477864995E+00 
 0.463600000785682E+00 -0.208166817117217E-16  0.773124779295194E+00 
 0.463600000785682E+00  0.346944695195361E-16  0.807341779789000E+00 
 0.463600000785682E+00 -0.208166817117217E-16  0.838778456910664E+00 
 0.463600000785682E+00  0.346944695195361E-16  0.865462082161281E+00 
 0.463600000785682E+00 -0.208166817117217E-16  0.896629833168428E+00 
 0.463600000785682E+00  0.346944695195361E-16  0.928868337291054E+00 
 0.463600000785682E+00 -0.208166817117217E-16  0.955964293869874E+00 
 0.463600000785682E+00  0.346944695195361E-16  0.981931875991165E+00 
 0.432380735664036E+00  0.167247900300995E+00  0.929432913336852E+00 
 0.406029174142745E+00  0.223752699365676E+00  0.899485520049791E+00 
 0.408468435474206E+00  0.219268096059870E+00  0.929905679638049E+00 
 0.427533237930452E+00  0.179277135165554E+00  0.107906256696436E+00 
 0.421304574676628E+00  0.193461665673103E+00  0.816115174973177E-01 
 0.433873236480245E+00  0.163336999466201E+00  0.797918482445593E-01 
 0.459981190575066E+00  0.578123260699104E-01  0.827729219264748E+00 
 0.372631723043724E+00  0.275808918836802E+00  0.880440941879218E+00 
 0.443408470919718E+00  0.135328816757933E+00  0.155541675902574E+00 
 0.456092428306559E+00  0.830942691760217E-01  0.819936240737622E+00 
 0.455383729759260E+00  0.868943001526347E-01  0.849078398549606E+00 
 0.449993557180252E+00  0.111493314708688E+00  0.825686073792328E+00 
 0.452205691550734E+00  0.102151716860712E+00  0.876328278747046E+00 
 0.445316961905749E+00  0.128909907173571E+00  0.859647791787753E+00 
 0.440239441778756E+00  0.145307242182877E+00  0.827865150671380E+00 
 0.446630728406175E+00  0.124281749150207E+00  0.894672995150589E+00 
 0.441499022875002E+00  0.141433990005523E+00  0.917688150604812E+00 
 0.434675175083479E+00  0.161190734518492E+00  0.892396111624341E+00 
 0.432635334957783E+00  0.166588197884578E+00  0.857410620829410E+00 
 0.428802138450532E+00  0.176220562899780E+00  0.828074069651314E+00 
 0.431945643851775E+00  0.168368410000036E+00  0.961737490596845E+00 
 0.421842191332237E+00  0.192286573479488E+00  0.849200438483133E+00 
 0.462073142745804E+00  0.375948331752827E-01  0.204472534331001E-01 
 0.462973521345687E+00  0.240931372227007E-01  0.389842315821295E-01 
 0.418528269365579E+00  0.199396711282607E+00  0.876892882766010E+00 
 0.420755086931589E+00  0.194653840315719E+00  0.911667100485800E+00 
 0.420922798958076E+00  0.194290910867608E+00  0.944645067765576E+00 
 0.417752734441717E+00  0.201016451055466E+00  0.829192153185457E+00 
 0.396210011185598E+00  0.240712666398702E+00  0.918161608547548E+00 
 0.409293695659685E+00  0.217723750247195E+00  0.847420769948168E+00 
 0.400058924645052E+00  0.234260149279193E+00  0.870899751788863E+00 
 0.387631032268775E+00  0.254297352622293E+00  0.894908686651973E+00 
 0.391427164167130E+00  0.248414443784057E+00  0.839617527494302E+00 
 0.384484716285592E+00  0.259029850926973E+00  0.866588660824872E+00 
 0.367358489313498E+00  0.282794450189115E+00  0.851560015455402E+00 
 0.425075376221178E+00  0.185029417279765E+00  0.784683219981276E+00 
 0.413960561495348E+00  0.208714192749134E+00  0.788343468540949E+00 
 0.400320782009035E+00  0.233812386797920E+00  0.787919829742332E+00 
 0.391098511772275E+00  0.248931546449973E+00  0.736239695557170E+00 
 0.389525850236690E+00  0.251385307299068E+00  0.679827761932276E+00 
 0.390164099314718E+00  0.250393562885307E+00  0.617887561266858E+00 
 0.386765780142040E+00  0.255611408273538E+00  0.523675301836063E+00 
 0.436224352654041E+00  0.156949912010255E+00  0.474487035985253E+00 
 0.423745011559384E+00  0.188056177529490E+00  0.474812743784094E+00 
 0.411590295992199E+00  0.213350390141477E+00  0.476481015747461E+00 
 0.424295793480534E+00  0.186810172001391E+00  0.365278284493658E+00 
 0.412657236450402E+00  0.211279355199659E+00  0.367825879036159E+00 
 0.397819646139333E+00  0.238043042061810E+00  0.368769998497513E+00 
 0.385544992803985E+00  0.257449061470881E+00  0.288367531197475E+00 
 0.458343905359504E+00  0.696119612442351E-01  0.227626336070465E-01 
 0.460677739529161E+00  0.519709633427151E-01  0.438176354845607E-01 
 0.462604030352891E+00  0.303722213497852E-01  0.620955154090842E-01 
 0.383369044134146E+00  0.260678224499349E+00  0.231358774315066E+00 
 0.350630496044720E+00  0.303287348849062E+00  0.162745194526258E+00 
 0.366687793376176E+00  0.283663573476346E+00  0.175854559668156E+00 
 0.367813605112041E+00  0.282202254815484E+00  0.144872072756509E+00 
 0.396718658901692E+00  0.239873438312181E+00  0.181307451779965E+00 
 0.386495693065496E+00  0.256019608565993E+00  0.158051797992490E+00 
 0.383493605826642E+00  0.260494942404919E+00  0.123972859917135E+00 
 0.409607197397571E+00  0.217133379673816E+00  0.183884407501168E+00 
 0.406373109994332E+00  0.223127443856646E+00  0.157909345027710E+00 
 0.401217327153730E+00  0.232270568777196E+00  0.130026397545134E+00 
 0.396523535970962E+00  0.240195849567701E+00  0.100950660009435E+00 
 0.422476498738603E+00  0.190888891091224E+00  0.167717969471189E+00 
 0.418180716948575E+00  0.200124582949826E+00  0.134824302097307E+00 
 0.412592930124283E+00  0.211404907085727E+00  0.106047194335444E+00 
 0.407286224706045E+00  0.221456297930682E+00  0.789051167045555E-01 
 0.461428709342852E+00  0.448163689142101E-01  0.150487137480389E+00 
 0.458344012274865E+00  0.696112572810572E-01  0.135831744181601E+00 
 0.449039652358419E+00  0.115275111530188E+00  0.129003297188516E+00 
 0.449376004375611E+00  0.113956866488499E+00  0.979294285364820E-01 
 0.435237178437815E+00  0.159667026132364E+00  0.167034812134233E+00 
 0.434401075656436E+00  0.161927966074411E+00  0.136694868998758E+00 
 0.440456268068494E+00  0.144648666249084E+00  0.105367866324145E+00 
 0.444516454375735E+00  0.131643771283299E+00  0.762515433796895E-01 
 0.415628584333131E+00  0.205372443657138E+00  0.588653693327230E-01 
 0.427125511494909E+00  0.180246381818548E+00  0.545384832370543E-01 
 0.438768398868065E+00  0.149690523692112E+00  0.520802885602584E-01 
 0.463114081773665E+00  0.212204616206411E-01  0.151261006491167E+00 
 0.463130519030462E+00  0.208586449951188E-01  0.214363971849892E+00 
 0.463166844380634E+00  0.200358427560067E-01  0.276594885542867E+00 
 0.463137343061431E+00  0.207065736049166E-01  0.371262642613924E+00 
 0.463080956159006E+00  0.219314562060643E-01  0.395149903252074E+00 
 0.463131191235012E+00  0.208437144889290E-01  0.442927208518012E+00 
 0.463081555972643E+00  0.219187875215098E-01  0.419796042551848E+00 
 0.463052784951634E+00  0.225184163962231E-01  0.510930841477571E+00 
 0.452103868608269E+00  0.102601426490601E+00  0.243180611023171E-01 
 0.455866622617762E+00  0.843242735607346E-01  0.474839745815207E-01 
 0.459048348056021E+00  0.648041269944166E-01  0.693387986788673E-01 
 0.461634190871065E+00  0.426477965114364E-01  0.865309452825021E-01 
 0.462948196260740E+00  0.245749528460401E-01  0.103215915376615E+00 
 0.463234203486353E+00  0.184128609624290E-01  0.605184549908115E+00 
 0.463342834856958E+00  0.154394985403194E-01  0.664261637467039E+00 
 0.463205092594974E+00  0.191312028513387E-01  0.725443888183551E+00 
 0.463273140381292E+00  0.174056924514390E-01  0.790286423729174E+00 
 0.463000863360895E+00  0.235618601880983E-01  0.933267472163617E+00 
 0.459262909092428E+00  0.632656388605236E-01  0.979419263527352E+00 
 0.462327432671631E+00  0.343264581295319E-01  0.967121461283020E+00 
 0.462107064420130E+00  0.371755530082803E-01  0.910874339188277E+00 
 0.460575109501832E+00  0.528727645942821E-01  0.933751027162380E+00 
 0.458025733168818E+00  0.716755780139805E-01  0.955003663852959E+00 
 0.454780996457694E+00  0.899955887219901E-01  0.976597983288721E+00 
 0.463000074889631E+00  0.235773488894316E-01  0.862870624037806E+00 
 0.461598602772661E+00  0.430312752168803E-01  0.884596663930210E+00 
 0.459092929660906E+00  0.644875388260099E-01  0.906437665255787E+00 
 0.456006178353784E+00  0.835662972235090E-01  0.928722335034705E+00 
 0.452041457546266E+00  0.102876048660105E+00  0.951078427099992E+00 
 0.448055089003928E+00  0.119044520857318E+00  0.975147003956386E+00 
 0.462715631862106E+00  0.286217532466195E-01  0.833662012935877E+00 
 0.460614297563495E+00  0.525302732579543E-01  0.856239001964764E+00 
 0.457675256843525E+00  0.738804439732485E-01  0.878940194620909E+00 
 0.453977100263689E+00  0.939667662774605E-01  0.901883800040306E+00 
 0.449350541596320E+00  0.114057229036833E+00  0.923834821468386E+00 
 0.442818286426838E+00  0.137247680980275E+00  0.947916497282079E+00 
 0.440199260257312E+00  0.145428924211722E+00  0.976631965986090E+00 
 0.331153316364373E+00  0.324441738667115E+00  0.977431840023791E+00 
 0.348818066096324E+00  0.305370131960021E+00  0.971892029974912E+00 
 0.331965385670398E+00  0.323610790062949E+00  0.952899124407048E+00 
 0.378736470410000E+00  0.267364258474906E+00  0.977863910470689E+00 
 0.364963701980560E+00  0.285878395415086E+00  0.962821288602939E+00 
 0.349606703722486E+00  0.304466933246875E+00  0.943326895416194E+00 
 0.332669709747696E+00  0.322886706051590E+00  0.925711457114894E+00 
 0.393450468425317E+00  0.245197246363745E+00  0.972382951475899E+00 
 0.380456248122444E+00  0.264911313448585E+00  0.952184439158043E+00 
 0.366527069754253E+00  0.283871217043610E+00  0.933780882663743E+00 
 0.351420677347901E+00  0.302371407809670E+00  0.914183899652130E+00 
 0.443312222621848E+00  0.135643776129028E+00  0.255177693617215E-01 
 0.448516002969585E+00  0.117296017872107E+00  0.499249387189565E-01 
 0.453022781289842E+00  0.984648178837765E-01  0.736922222756390E-01 
 0.456843735573003E+00  0.788591275387635E-01  0.100768290115419E+00 
 0.460934176353412E+00  0.496451991421899E-01  0.111383584237910E+00 
 0.462683095102989E+00  0.291429963177671E-01  0.128378021765557E+00 
 0.334330381665737E+00  0.321166867257046E+00  0.894868664545725E+00 
 0.462266484365177E+00  0.351377028435258E-01  0.806604277426343E+00 
 0.459254688035641E+00  0.633252891486186E-01  0.798058717950474E+00 
 0.453897406948317E+00  0.943509655173903E-01  0.796978135643196E+00 
 0.446071147833177E+00  0.126275460004141E+00  0.797876969665237E+00 
 0.434621602515402E+00  0.161335127468906E+00  0.796846280543495E+00 
 0.421692705137424E+00  0.192614182142301E+00  0.807333790625487E+00 
 0.406970105000130E+00  0.222036695986607E+00  0.815506398587203E+00 
 0.391635919534604E+00  0.248085201611763E+00  0.810073332824158E+00 
 0.374724730931649E+00  0.272958489072355E+00  0.817378687134865E+00 
 0.352431654390348E+00  0.301192446306580E+00  0.824466885594699E+00 
 0.336622092510302E+00  0.318764062532851E+00  0.801907820610368E+00 
 0.421006633087968E+00  0.194109184801747E+00  0.975138351427104E+00 
 0.408128874087102E+00  0.219899483548417E+00  0.961103006698246E+00 
 0.395188488699907E+00  0.242386095161311E+00  0.943630545310759E+00 
 0.382515815623144E+00  0.261928638233056E+00  0.924606412645634E+00 
 0.369405698243623E+00  0.280114960031771E+00  0.905679294423007E+00 
 0.355200261913580E+00  0.297922363485830E+00  0.883467360144086E+00 
 0.338512153721425E+00  0.316756187802770E+00  0.857834012762349E+00 
 0.331402183971509E+00  0.324187527809718E+00  0.827534802833582E+00 
 0.383587164289713E+00  0.260357154924996E+00  0.787312406331713E+00 
 0.361500245434834E+00  0.290245642997468E+00  0.789450989941822E+00 
 0.342642155629476E+00  0.312284027631972E+00  0.775789074907376E+00 
 0.442307659797275E+00  0.138884465701252E+00  0.731473387977478E+00 
 0.430339561953592E+00  0.172432079805514E+00  0.729898453476675E+00 
 0.419671778091039E+00  0.196978575998436E+00  0.743573797572446E+00 
 0.406316048905431E+00  0.223231335457963E+00  0.739483303351592E+00 
 0.461979895210476E+00  0.387238576304015E-01  0.743678154721433E+00 
 0.458878857521297E+00  0.659935970259232E-01  0.734308469336324E+00 
 0.452539541020106E+00  0.100662428650321E+00  0.742297432754860E+00 
 0.462317571886053E+00  0.344590112139704E-01  0.773383777678457E+00 
 0.457947168522833E+00  0.721758378572162E-01  0.766541880493544E+00 
 0.451261891402729E+00  0.106243428484304E+00  0.773448961237616E+00 
 0.443449663054572E+00  0.135193775985624E+00  0.766162979467810E+00 
 0.431490093655322E+00  0.169532474192368E+00  0.760371639423100E+00 
 0.420008066894440E+00  0.196260501558672E+00  0.767480741843336E+00 
 0.409133603579528E+00  0.218024437048914E+00  0.764497079685087E+00 
 0.394896627839576E+00  0.242861306200465E+00  0.762426904103762E+00 
 0.377770107450744E+00  0.268727941690316E+00  0.760058239765488E+00 
 0.358707987235376E+00  0.293689531005115E+00  0.755720634491856E+00 
 0.337669614807830E+00  0.317654201867365E+00  0.750909765753030E+00 
 0.374520014022183E+00  0.273239308711766E+00  0.731333388769544E+00 
 0.355948241968975E+00  0.297028297924045E+00  0.726438794743338E+00 
 0.335540895578517E+00  0.319901966425386E+00  0.722455333235330E+00 
 0.442916416879100E+00  0.136930670002902E+00  0.671123032378342E+00 
 0.430799762824668E+00  0.171279085350997E+00  0.681139356639732E+00 
 0.419521054653826E+00  0.197299380208371E+00  0.671310282224057E+00 
 0.404822425247444E+00  0.225928671808701E+00  0.689820233262338E+00 
 0.462605810360057E+00  0.303450976201008E-01  0.678661130991630E+00 
 0.459984329890721E+00  0.577873427616519E-01  0.679747099013905E+00 
 0.453350970309764E+00  0.969425523063300E-01  0.681285909581523E+00 
 0.462101876664538E+00  0.372399827010393E-01  0.707295576504886E+00 
 0.456972618230293E+00  0.781088145872288E-01  0.709114112894760E+00 
 0.416848174155113E+00  0.202885584584059E+00  0.300940850764183E-01 
 0.403573510913577E+00  0.228152102811600E+00  0.513013356301195E-01 
 0.392139358596503E+00  0.247288665668257E+00  0.723228567649697E-01 
 0.379734910333920E+00  0.265944277250237E+00  0.936395081410654E-01 
 0.365867434075345E+00  0.284720883342937E+00  0.114655387240198E+00 
 0.350442941679686E+00  0.303504045039515E+00  0.133538736594821E+00 
 0.335303910798421E+00  0.320150352384229E+00  0.150331200852509E+00 
 0.323855367579298E+00  0.331726787610742E+00  0.163604393214937E+00 
 0.450794668035401E+00  0.108208724229241E+00  0.713707586135998E+00 
 0.445338644832355E+00  0.128834980293966E+00  0.699536819143310E+00 
 0.436007343286187E+00  0.157551760793033E+00  0.704027947767499E+00 
 0.419330881275622E+00  0.197703244123803E+00  0.709280754490110E+00 
 0.402407933433155E+00  0.230201685133978E+00  0.716389035438788E+00 
 0.389211586339394E+00  0.251871597818482E+00  0.708605013434145E+00 
 0.372893702451923E+00  0.275454619493224E+00  0.702256110333965E+00 
 0.354517180798423E+00  0.298734881202710E+00  0.696949326696462E+00 
 0.334641628295957E+00  0.320842549141931E+00  0.692802347623148E+00 
 0.372489886400937E+00  0.276000444306667E+00  0.672627409125532E+00 
 0.353953159215043E+00  0.299402942220262E+00  0.667043991360147E+00 
 0.334274475745900E+00  0.321225054429547E+00  0.662761372279869E+00 
 0.446294035813449E+00  0.125485434715783E+00  0.608658734992399E+00 
 0.435971622757083E+00  0.157650578429067E+00  0.615580328718323E+00 
 0.422321404966507E+00  0.191231774649459E+00  0.605847748451998E+00 
 0.406824083092225E+00  0.222304129841612E+00  0.626309912671397E+00 
 0.462075430213009E+00  0.375667076268826E-01  0.623760236244138E+00 
 0.458508303472438E+00  0.685207733121671E-01  0.619475319794850E+00 
 0.452780187112163E+00  0.995744087963557E-01  0.615728970837137E+00 
 0.462504110643390E+00  0.318576265033326E-01  0.650480251146661E+00 
 0.459011374273716E+00  0.650654978911624E-01  0.650064006657171E+00 
 0.452877094355207E+00  0.991327298971150E-01  0.646573923464668E+00 
 0.444793886830477E+00  0.130703324237380E+00  0.636193082770101E+00 
 0.433190756922616E+00  0.165138514118526E+00  0.651491066877663E+00 
 0.421128939269186E+00  0.193843692800350E+00  0.638409919294022E+00 
 0.405784871953551E+00  0.224195446925459E+00  0.658918853474155E+00 
 0.389937343312295E+00  0.250746543383977E+00  0.649399204592870E+00 
 0.372402624940703E+00  0.276118173370993E+00  0.642317349141790E+00 
 0.353681194413989E+00  0.299724162266497E+00  0.636810735027150E+00 
 0.334076942332240E+00  0.321430486000322E+00  0.632571001139798E+00 
 0.372117775247881E+00  0.276501938642440E+00  0.611592075538616E+00 
 0.432002977044081E+00  0.168221248816894E+00  0.268425969862922E-01 
 0.353331043520420E+00  0.300136859471193E+00  0.606390753651446E+00 
 0.333852046006661E+00  0.321664067165776E+00  0.602330397471744E+00 
 0.462210296929288E+00  0.358692366938577E-01  0.589729189418539E+00 
 0.457993843676223E+00  0.718790642896159E-01  0.588315310539857E+00 
 0.451741098247160E+00  0.104187047577511E+00  0.587857207184226E+00 
 0.443679418052936E+00  0.134437847069463E+00  0.585876785817129E+00 
 0.433840297825623E+00  0.163424467908078E+00  0.583750702540669E+00 
 0.423182494484941E+00  0.189318612634808E+00  0.576914568170904E+00 
 0.408251384009887E+00  0.219671955839789E+00  0.590148283366442E+00 
 0.389193219634060E+00  0.251899977211863E+00  0.586515734402431E+00 
 0.371318900823264E+00  0.277573836338843E+00  0.580745816813624E+00 
 0.352735222870679E+00  0.300836871534777E+00  0.575891866725704E+00 
 0.333508196149806E+00  0.322020564295767E+00  0.572116207357032E+00 
 0.440706399356983E+00  0.143884781315701E+00  0.531715665917449E+00 
 0.430249801301065E+00  0.172655927233496E+00  0.527611613681474E+00 
 0.419546166548176E+00  0.197245975531052E+00  0.522368435769437E+00 
 0.404780580845797E+00  0.226003632932317E+00  0.529926485048542E+00 
 0.461518214608730E+00  0.438850579677659E-01  0.530797939661119E+00 
 0.457582892200849E+00  0.744503693313672E-01  0.524561054812877E+00 
 0.450513152476538E+00  0.109374860795884E+00  0.535559839927068E+00 
 0.461896560403197E+00  0.397055187116151E-01  0.559418039252943E+00 
 0.456650607021062E+00  0.799698933084589E-01  0.556887162368350E+00 
 0.400432563475216E+00  0.233620895549033E+00  0.244697986091746E-01 
 0.388273960393221E+00  0.253314611519009E+00  0.447426034303670E-01 
 0.375249869312875E+00  0.272236103978019E+00  0.639845745819936E-01 
 0.362698748666757E+00  0.288746564384804E+00  0.859051302343237E-01 
 0.348462146316040E+00  0.305776214433495E+00  0.105614528773336E+00 
 0.332294121638114E+00  0.323273224151362E+00  0.123558022849292E+00 
 0.449438571170449E+00  0.113709856532897E+00  0.564780868586178E+00 
 0.441980414785499E+00  0.139922384465469E+00  0.559159677582119E+00 
 0.431841672158479E+00  0.168634904203824E+00  0.555081020626832E+00 
 0.417805946920685E+00  0.200905827307661E+00  0.551666540049486E+00 
 0.402129494343488E+00  0.230687733760416E+00  0.562887827695762E+00 
 0.387501558434063E+00  0.254494602967597E+00  0.555315670176144E+00 
 0.370222203245828E+00  0.279034909916778E+00  0.549749359334142E+00 
 0.351881976705705E+00  0.301834449985659E+00  0.545390112535813E+00 
 0.332989029822178E+00  0.322557385199203E+00  0.542032850442421E+00 
 0.368935032553175E+00  0.280734576572690E+00  0.518577062635154E+00 
 0.350621490911444E+00  0.303297759371044E+00  0.515080287343179E+00 
 0.332139004437080E+00  0.323432593379220E+00  0.512226816479372E+00 
 0.461578912631195E+00  0.432419720025234E-01  0.461371917790815E+00 
 0.457676826315269E+00  0.738707207386940E-01  0.473729098113382E+00 
 0.449203195196055E+00  0.114636164250737E+00  0.474663317880703E+00 
 0.461381974595288E+00  0.452949693345457E-01  0.493910970239270E+00 
 0.454576984191392E+00  0.910204711695638E-01  0.501900897906617E+00 
 0.447358751451660E+00  0.121635143885631E+00  0.509457187269330E+00 
 0.438847250177953E+00  0.149459197574832E+00  0.503030291653323E+00 
 0.427776301985803E+00  0.178696379895666E+00  0.500351468364247E+00 
 0.415124698963514E+00  0.206389062304469E+00  0.499941618864318E+00 
 0.400818688311719E+00  0.232957806970573E+00  0.497691768035651E+00 
 0.384667845744597E+00  0.258757819550779E+00  0.491508878074310E+00 
 0.366737284177261E+00  0.283599585900167E+00  0.486965632121508E+00 
 0.348405666512859E+00  0.305840566750374E+00  0.485637485019837E+00 
 0.330614184984933E+00  0.324991109747961E+00  0.482722089534848E+00 
 0.461680893897432E+00  0.421392090401714E-01  0.435343950265367E+00 
 0.457609902739148E+00  0.742841681890469E-01  0.438810297369799E+00 
 0.450736678427405E+00  0.108450022815572E+00  0.442218067267292E+00 
 0.442593056430446E+00  0.137972269416794E+00  0.442038044333903E+00 
 0.431005879940825E+00  0.170759749897039E+00  0.450092735369638E+00 
 0.417468446304404E+00  0.201606193031498E+00  0.448075638555392E+00 
 0.399839804974141E+00  0.234633951266022E+00  0.464617384887039E+00 
 0.382690395900102E+00  0.261673501933773E+00  0.458622946935136E+00 
 0.362697743052727E+00  0.288747827546662E+00  0.453726747408077E+00 
 0.343939218192634E+00  0.310854909752926E+00  0.460205368252369E+00 
 0.329230026978109E+00  0.326393244514124E+00  0.448879026018836E+00 
 0.461292658502365E+00  0.461957134405921E-01  0.411254197952190E+00 
 0.458147951727030E+00  0.708901619182650E-01  0.399514112274093E+00 
 0.451333934844376E+00  0.105936962323643E+00  0.412555619603704E+00 
 0.443415846810864E+00  0.135304647094875E+00  0.413036545489812E+00 
 0.432065174992544E+00  0.168061433074714E+00  0.415364085910337E+00 
 0.418397739530183E+00  0.199670459218432E+00  0.420417124617404E+00 
 0.402428406474671E+00  0.230165893196021E+00  0.424661871002859E+00 
 0.380260799794690E+00  0.265191788839632E+00  0.427140267973819E+00 
 0.363769771937639E+00  0.287396092097469E+00  0.422224183663710E+00 
 0.347496655526722E+00  0.306872995107426E+00  0.432716750166223E+00 
 0.332596684973830E+00  0.322961926351824E+00  0.416923550715953E+00 
 0.461596389182770E+00  0.430550138995762E-01  0.384213832275029E+00 
 0.459440196291106E+00  0.619650446660040E-01  0.371990892161814E+00 
 0.454753055573427E+00  0.901366694253887E-01  0.376258457476239E+00 
 0.445394784899305E+00  0.128640764584820E+00  0.381683491674962E+00 
 0.434022732982679E+00  0.162939338352377E+00  0.375858537685767E+00 
 0.386041939173992E+00  0.256703295513023E+00  0.201493295251928E-01 
 0.370123379991026E+00  0.279165979862301E+00  0.310776309137432E-01 
 0.356775793802963E+00  0.296033771189580E+00  0.574975199309186E-01 
 0.346693680501215E+00  0.307779876907151E+00  0.801047941218314E-01 
 0.331204813022740E+00  0.324389168375016E+00  0.941833110651656E-01 
 0.419460867568546E+00  0.197427306386703E+00  0.393231292181102E+00 
 0.404987046926832E+00  0.225633447320982E+00  0.391090709111312E+00 
 0.390115962075386E+00  0.250468554638020E+00  0.397657360898604E+00 
 0.373740480876538E+00  0.274304600184967E+00  0.401789811740276E+00 
 0.354167458990326E+00  0.299149413706253E+00  0.395334291898193E+00 
 0.335142703838991E+00  0.320319104631541E+00  0.392586205294886E+00 
 0.378542220300220E+00  0.267639212707407E+00  0.371426926051132E+00 
 0.360660951759849E+00  0.291287896425751E+00  0.361047409597655E+00 
 0.338044018204088E+00  0.317255736724958E+00  0.363516650389222E+00 
 0.462274391211075E+00  0.350335262126250E-01  0.352190022853986E+00 
 0.458730627748086E+00  0.670162062065428E-01  0.347192963455630E+00 
 0.452638394754723E+00  0.100216986196637E+00  0.347030034268050E+00 
 0.443376039793684E+00  0.135435032636810E+00  0.345621340991644E+00 
 0.432094638980752E+00  0.167985665140089E+00  0.343080712749458E+00 
 0.420077640139467E+00  0.196111542198113E+00  0.343634056270197E+00 
 0.407079390578838E+00  0.221836269564804E+00  0.344457011957893E+00 
 0.392096464669147E+00  0.247356671877716E+00  0.342771749410657E+00 
 0.374948145152262E+00  0.272651515996773E+00  0.339195223650844E+00 
 0.355887139754695E+00  0.297101505357481E+00  0.333877317629715E+00 
 0.335012727827432E+00  0.320455040406739E+00  0.328741899170232E+00 
 0.442187491941102E+00  0.139266588596482E+00  0.277052118257504E+00 
 0.430467597444672E+00  0.172112196774884E+00  0.283125623516936E+00 
 0.415523008011197E+00  0.205585968737639E+00  0.298022244475492E+00 
 0.401162782241808E+00  0.232364762544748E+00  0.292857174684681E+00 
 0.461741216879480E+00  0.414729955889370E-01  0.294406601645050E+00 
 0.457391618076543E+00  0.756165884035583E-01  0.287612041245638E+00 
 0.450271729611730E+00  0.110364533437732E+00  0.284892173279717E+00 
 0.462129702630582E+00  0.368930708267924E-01  0.321973834267005E+00 
 0.458017668466622E+00  0.717270946077614E-01  0.318568600256194E+00 
 0.451137423552358E+00  0.106770716018057E+00  0.315838167948262E+00 
 0.440318338018195E+00  0.145067990726273E+00  0.310163416291796E+00 
 0.426298402358596E+00  0.182193943024936E+00  0.316611415947506E+00 
 0.414820584789766E+00  0.206999621166665E+00  0.323888140641497E+00 
 0.403243876565161E+00  0.228734205446337E+00  0.319080729505904E+00 
 0.388411659878238E+00  0.253103423918158E+00  0.315316936098649E+00 
 0.371554344233819E+00  0.277258597719596E+00  0.310516438517320E+00 
 0.353189683546632E+00  0.300303193730418E+00  0.304795829777255E+00 
 0.349104630879976E+00  0.305042484625692E+00  0.291579240845352E-01 
 0.334493215916391E+00  0.320997272939152E+00  0.596450422009182E-01 
 0.333771066432793E+00  0.321748093919417E+00  0.298248736651368E+00 
 0.369190104802436E+00  0.280399050006283E+00  0.282243285075383E+00 
 0.351477124732484E+00  0.302305791407054E+00  0.276174806463209E+00 
 0.332891753103047E+00  0.322657777597941E+00  0.270272182664290E+00 
 0.440916740471578E+00  0.143238921737017E+00  0.213717990225451E+00 
 0.427263910315967E+00  0.179918069325941E+00  0.227455481070961E+00 
 0.412559485973666E+00  0.211470166363038E+00  0.229514351691686E+00 
 0.398972968248312E+00  0.236104915949661E+00  0.242763500581134E+00 
 0.461663978413796E+00  0.423241274406203E-01  0.231855079768583E+00 
 0.458006927069725E+00  0.717956508753767E-01  0.221625330149459E+00 
 0.450727506069546E+00  0.108488137604050E+00  0.226846836543193E+00 
 0.462002778565255E+00  0.384498807078258E-01  0.260318230782633E+00 
 0.456493368428170E+00  0.808626323438345E-01  0.253877431772810E+00 
 0.448453869074296E+00  0.117533348632464E+00  0.257604357044632E+00 
 0.439213313293795E+00  0.148380005910332E+00  0.247818478110420E+00 
 0.428384109119235E+00  0.177234352715786E+00  0.255344510945637E+00 
 0.414245999959918E+00  0.208147092811008E+00  0.262795803938144E+00 
 0.397151686551825E+00  0.239155804022202E+00  0.269184615266135E+00 
 0.383768611642396E+00  0.260089625795666E+00  0.260634900684067E+00 
 0.367613727086155E+00  0.282462578736168E+00  0.254035124110179E+00 
 0.350107657465706E+00  0.303890751607112E+00  0.248030828626747E+00 
 0.332083410652114E+00  0.323489673866294E+00  0.241955637325443E+00 
 0.366052945248130E+00  0.284482340407324E+00  0.226442584359845E+00 
 0.348676036827413E+00  0.305532293008101E+00  0.220339247230617E+00 
 0.331650990429504E+00  0.323932988865894E+00  0.212681388123251E+00 
 0.462303785017086E+00  0.346434854963509E-01  0.169982278413001E+00 
 0.459166237968361E+00  0.639634789426936E-01  0.169878447030808E+00 
 0.451850148670105E+00  0.103713084397643E+00  0.166285738224388E+00 
 0.330474092761135E+00  0.325133564465694E+00  0.271104081968644E-01 
 0.461836737342349E+00  0.403954053010594E-01  0.196749182899265E+00 
 0.455842323674344E+00  0.844555307581769E-01  0.196013137498261E+00 
 0.449022692309698E+00  0.115341157092415E+00  0.197608029271994E+00 
 0.442526249790029E+00  0.138186392149290E+00  0.183024568641975E+00 
 0.431756048574224E+00  0.168854005721028E+00  0.194240216146292E+00 
 0.418456794225119E+00  0.199546666460011E+00  0.202455357043239E+00 
 0.400734529865757E+00  0.233102546750858E+00  0.210061183970522E+00 
 0.380796540361711E+00  0.264421927186481E+00  0.198344129752091E+00 
 0.362540779879232E+00  0.288944879956398E+00  0.202247511107583E+00 
 0.348547567888387E+00  0.305678840693219E+00  0.191758948310268E+00 
 0.332373979459432E+00  0.323191117617368E+00  0.181316523643249E+00 
 0.480295923322544E+00  0.000000000000000E+00  0.976504851561383E+00 
 0.482047579424958E+00  0.000000000000000E+00  0.944840389793189E+00 
 0.481710879617041E+00  0.000000000000000E+00  0.910793142539996E+00 
 0.481777537890437E+00  0.000000000000000E+00  0.880070975260457E+00 
 0.481933698313757E+00  0.000000000000000E+00  0.850101576687180E+00 
 0.481838645177379E+00  0.000000000000000E+00  0.819241766809483E+00 
 0.481855127561924E+00  0.000000000000000E+00  0.785786582207445E+00 
 0.481877469322645E+00  0.000000000000000E+00  0.751798333606208E+00 
 0.481757755501416E+00  0.000000000000000E+00  0.718594898656586E+00 
 0.481853684517929E+00  0.000000000000000E+00  0.687472000955469E+00 
 0.481772858022627E+00  0.000000000000000E+00  0.656757701796059E+00 
 0.481853684898600E+00  0.000000000000000E+00  0.626627488238130E+00 
 0.481751975706016E+00  0.000000000000000E+00  0.595862830837211E+00 
 0.481827726504670E+00  0.000000000000000E+00  0.565298931257405E+00 
 0.481796532680095E+00  0.000000000000000E+00  0.534474350974020E+00 
 0.481705363709096E+00  0.000000000000000E+00  0.502568871807027E+00 
 0.481788633108061E+00  0.000000000000000E+00  0.471437298246709E+00 
 0.481753968783141E+00  0.000000000000000E+00  0.441238800068882E+00 
 0.481859361273903E+00  0.000000000000000E+00  0.412509266908160E+00 
 0.481874275326698E+00  0.000000000000000E+00  0.384795861393245E+00 
 0.481837979474569E+00  0.000000000000000E+00  0.356891426554741E+00 
 0.481808128159416E+00  0.000000000000000E+00  0.328380127531215E+00 
 0.481777278393025E+00  0.000000000000000E+00  0.299270838803103E+00 
 0.481653401971215E+00  0.000000000000000E+00  0.269498948110152E+00 
 0.481763673945704E+00  0.000000000000000E+00  0.260832000284111E-01 
 0.481841793499964E+00  0.000000000000000E+00  0.240022989714836E+00 
 0.481716501045885E+00  0.000000000000000E+00  0.209659608275022E+00 
 0.481717768305418E+00  0.000000000000000E+00  0.180423746070059E+00 
 0.481718813104881E+00  0.000000000000000E+00  0.151637763078553E+00 
 0.481919123719530E+00  0.000000000000000E+00  0.121924985372749E+00 
 0.481832581114628E+00  0.000000000000000E+00  0.909295944688865E-01 
 0.481791202842973E+00  0.000000000000000E+00  0.593965947523740E-01 
