 0.500000000000000E+00 -0.462592926927149E-17  0.000000000000000E+00 
 0.333825732671994E+00  0.372236994676787E+00  0.000000000000000E+00 
 0.346239967949336E+00  0.360718567022052E+00  0.000000000000000E+00 
 0.362160808598348E+00  0.344731125248926E+00  0.000000000000000E+00 
 0.379958600547305E+00  0.325009941186626E+00  0.000000000000000E+00 
 0.394932749240280E+00  0.306640055402933E+00  0.000000000000000E+00 
 0.409265779301165E+00  0.287230781590362E+00  0.000000000000000E+00 
 0.426906961823375E+00  0.260289158334987E+00  0.000000000000000E+00 
 0.443894912385196E+00  0.230124546188665E+00  0.000000000000000E+00 
 0.459038341374239E+00  0.198201415606417E+00  0.000000000000000E+00 
 0.471554838496901E+00  0.166240892352519E+00  0.000000000000000E+00 
 0.481281617940093E+00  0.135528610385285E+00  0.000000000000000E+00 
 0.487488768049383E+00  0.111151702756615E+00  0.000000000000000E+00 
 0.492328523396432E+00  0.872503584536432E-01  0.000000000000000E+00 
 0.496468580903705E+00  0.593207229849796E-01  0.000000000000000E+00 
 0.498608142125174E+00  0.372816389994033E-01  0.000000000000000E+00 
 0.499705339989135E+00  0.171631345139296E-01  0.000000000000000E+00 
 0.324000000813976E+00  0.380820166840654E+00  0.000000000000000E+00 
 0.324000000813976E+00  0.355779610130970E+00  0.000000000000000E+00 
 0.324000000813976E+00  0.366919998288131E+00  0.000000000000000E+00 
 0.324000000813976E+00  0.345976878193024E+00  0.000000000000000E+00 
 0.473629497456077E+00  0.187376602366226E-01  0.000000000000000E+00 
 0.470977945863041E+00  0.534394543598580E-01  0.000000000000000E+00 
 0.465854778110633E+00  0.874947226016865E-01  0.000000000000000E+00 
 0.457862202431363E+00  0.122630356585756E+00  0.000000000000000E+00 
 0.447505309328092E+00  0.156252996434675E+00  0.000000000000000E+00 
 0.434983377539406E+00  0.188322760270920E+00  0.000000000000000E+00 
 0.420259307308517E+00  0.219221612511664E+00  0.000000000000000E+00 
 0.404323939527939E+00  0.247382603867477E+00  0.000000000000000E+00 
 0.386508775124002E+00  0.274384707160923E+00  0.000000000000000E+00 
 0.367089139928821E+00  0.299869245035162E+00  0.000000000000000E+00 
 0.350726763692623E+00  0.318852219690157E+00  0.000000000000000E+00 
 0.336135500822715E+00  0.334198931563682E+00  0.000000000000000E+00 
 0.474000000813995E+00  0.231296463463574E-17  0.000000000000000E+00 
 0.490962677891753E+00  0.000000000000000E+00  0.000000000000000E+00 
 0.481862653440753E+00  0.000000000000000E+00  0.000000000000000E+00 
 0.348441270277369E+00  0.331994535612533E+00  0.000000000000000E+00 
 0.343002640807894E+00  0.348210964605969E+00  0.000000000000000E+00 
 0.363653251847766E+00  0.326568050167490E+00  0.000000000000000E+00 
 0.385160588003312E+00  0.297148903300401E+00  0.000000000000000E+00 
 0.406721780213356E+00  0.267710659690599E+00  0.000000000000000E+00 
 0.423849174800299E+00  0.239608321404243E+00  0.000000000000000E+00 
 0.439569260385431E+00  0.209310015881058E+00  0.000000000000000E+00 
 0.453301892048426E+00  0.177582788102911E+00  0.000000000000000E+00 
 0.464642928288650E+00  0.145452998912153E+00  0.000000000000000E+00 
 0.474291469339957E+00  0.108184823267195E+00  0.000000000000000E+00 
 0.481551969207377E+00  0.718722753200748E-01  0.000000000000000E+00 
 0.484865216021763E+00  0.365345031553045E-01  0.000000000000000E+00 
 0.324000000813976E+00  0.380820166840654E+00  0.100000000000000E+01 
 0.499652787712771E+00  0.186303980327089E-01  0.100000000000000E+01 
 0.497852422017797E+00  0.462921795880601E-01  0.100000000000000E+01 
 0.493853064559117E+00  0.781610556835608E-01  0.100000000000000E+01 
 0.487233120376944E+00  0.112267031704532E+00  0.100000000000000E+01 
 0.478276765918233E+00  0.145778376938404E+00  0.100000000000000E+01 
 0.468459567609666E+00  0.174773091507145E+00  0.100000000000000E+01 
 0.456521666290119E+00  0.203931283053124E+00  0.100000000000000E+01 
 0.442301087021275E+00  0.233173215485395E+00  0.100000000000000E+01 
 0.429382585887917E+00  0.256184689113548E+00  0.100000000000000E+01 
 0.416431452409897E+00  0.276739670889057E+00  0.100000000000000E+01 
 0.400280212724386E+00  0.299626019065968E+00  0.100000000000000E+01 
 0.382936702336619E+00  0.321495695155558E+00  0.100000000000000E+01 
 0.366939940886942E+00  0.339639632230821E+00  0.100000000000000E+01 
 0.353963898843809E+00  0.353142405150231E+00  0.100000000000000E+01 
 0.343014998494290E+00  0.363786628132429E+00  0.100000000000000E+01 
 0.332770111649666E+00  0.373180992003436E+00  0.100000000000000E+01 
 0.500000000000000E+00 -0.462592926927149E-17  0.100000000000000E+01 
 0.482450176150758E+00  0.000000000000000E+00  0.100000000000000E+01 
 0.491375128955616E+00  0.000000000000000E+00  0.100000000000000E+01 
 0.474000000813995E+00 -0.161907524424502E-16  0.100000000000000E+01 
 0.339804563205858E+00  0.330467637744030E+00  0.100000000000000E+01 
 0.358484116808255E+00  0.310105044731370E+00  0.100000000000000E+01 
 0.377874431781594E+00  0.286158897428296E+00  0.100000000000000E+01 
 0.397768938751087E+00  0.257790364708378E+00  0.100000000000000E+01 
 0.417330676829937E+00  0.224746761819420E+00  0.100000000000000E+01 
 0.431808487121400E+00  0.195492790715093E+00  0.100000000000000E+01 
 0.443419423307272E+00  0.167496912823767E+00  0.100000000000000E+01 
 0.454184890256935E+00  0.135617425996595E+00  0.100000000000000E+01 
 0.462005184807574E+00  0.105958529541371E+00  0.100000000000000E+01 
 0.467852576626656E+00  0.760918347488881E-01  0.100000000000000E+01 
 0.471836561739752E+00  0.452356029832142E-01  0.100000000000000E+01 
 0.473656532986232E+00  0.180413284184457E-01  0.100000000000000E+01 
 0.324000000813976E+00  0.345976878193024E+00  0.100000000000000E+01 
 0.324000000813976E+00  0.367038104390556E+00  0.100000000000000E+01 
 0.324000000813976E+00  0.355633601457494E+00  0.100000000000000E+01 
 0.486252570263440E+00  0.261907111098572E-01  0.100000000000000E+01 
 0.483002304127964E+00  0.614660985264035E-01  0.100000000000000E+01 
 0.477902836817726E+00  0.932680251952240E-01  0.100000000000000E+01 
 0.470597920883053E+00  0.125015390722477E+00  0.100000000000000E+01 
 0.461109608581176E+00  0.156002883197428E+00  0.100000000000000E+01 
 0.450135331008173E+00  0.185588022520261E+00  0.100000000000000E+01 
 0.437093585854995E+00  0.214597914521832E+00  0.100000000000000E+01 
 0.417994058607997E+00  0.248764376112878E+00  0.100000000000000E+01 
 0.398089826690811E+00  0.280186960867231E+00  0.100000000000000E+01 
 0.379976124851499E+00  0.304283410914575E+00  0.100000000000000E+01 
 0.362033402309841E+00  0.325416819638695E+00  0.100000000000000E+01 
 0.341630071361339E+00  0.347409931192342E+00  0.100000000000000E+01 
 0.500000000000000E+00 -0.138777878078145E-16  0.976604703083589E+00 
 0.500000000000000E+00 -0.138777878078145E-16  0.947401331614767E+00 
 0.500000000000000E+00 -0.138777878078145E-16  0.923962055241390E+00 
 0.500000000000000E+00 -0.138777878078145E-16  0.894801992990811E+00 
 0.500000000000000E+00 -0.138777878078145E-16  0.864283292781937E+00 
 0.500000000000000E+00 -0.138777878078145E-16  0.832810394053113E+00 
 0.500000000000000E+00 -0.138777878078145E-16  0.799964796527114E+00 
 0.500000000000000E+00 -0.138777878078145E-16  0.763262058510247E+00 
 0.500000000000000E+00 -0.138777878078145E-16  0.728301227630336E+00 
 0.500000000000000E+00 -0.138777878078145E-16  0.696273559290421E+00 
 0.500000000000000E+00 -0.138777878078145E-16  0.665177853621879E+00 
 0.500000000000000E+00 -0.138777878078145E-16  0.634547946069327E+00 
 0.500000000000000E+00 -0.138777878078145E-16  0.603831780117151E+00 
 0.500000000000000E+00 -0.138777878078145E-16  0.573089175806186E+00 
 0.500000000000000E+00 -0.138777878078145E-16  0.542251179395326E+00 
 0.500000000000000E+00 -0.138777878078145E-16  0.510979419220318E+00 
 0.500000000000000E+00 -0.138777878078145E-16  0.479880241838415E+00 
 0.500000000000000E+00 -0.138777878078145E-16  0.449516056417729E+00 
 0.500000000000000E+00 -0.138777878078145E-16  0.420236019970680E+00 
 0.500000000000000E+00 -0.138777878078145E-16  0.391899938560828E+00 
 0.500000000000000E+00 -0.138777878078145E-16  0.363893481988563E+00 
 0.500000000000000E+00 -0.138777878078145E-16  0.335700675957637E+00 
 0.500000000000000E+00 -0.138777878078145E-16  0.307167394949099E+00 
 0.500000000000000E+00 -0.138777878078145E-16  0.278393614228730E+00 
 0.500000000000000E+00 -0.138777878078145E-16  0.251140148625602E+00 
 0.500000000000000E+00 -0.138777878078145E-16  0.220807268127988E+00 
 0.500000000000000E+00 -0.138777878078145E-16  0.191108286962541E+00 
 0.500000000000000E+00 -0.138777878078145E-16  0.165009489284776E+00 
 0.500000000000000E+00 -0.138777878078145E-16  0.136414559638135E+00 
 0.500000000000000E+00 -0.138777878078145E-16  0.104360151084715E+00 
 0.500000000000000E+00 -0.138777878078145E-16  0.715233506975960E-01 
 0.500000000000000E+00 -0.138777878078145E-16  0.402024356636370E-01 
 0.500000000000000E+00 -0.138777878078145E-16  0.162989523213862E-01 
 0.324000000813976E+00  0.380820166840654E+00  0.209924916959586E-01 
 0.324000000813976E+00  0.380820166840654E+00  0.463726469548676E-01 
 0.324000000813976E+00  0.380820166840654E+00  0.700030140999492E-01 
 0.324000000813976E+00  0.380820166840654E+00  0.106351608707163E+00 
 0.324000000813976E+00  0.380820166840654E+00  0.139689149275378E+00 
 0.324000000813976E+00  0.380820166840654E+00  0.173610738089332E+00 
 0.324000000813976E+00  0.380820166840654E+00  0.206497347272162E+00 
 0.324000000813976E+00  0.380820166840654E+00  0.238397160910392E+00 
 0.324000000813976E+00  0.380820166840654E+00  0.282686974334726E+00 
 0.324000000813976E+00  0.380820166840654E+00  0.311660544627447E+00 
 0.324000000813976E+00  0.380820166840654E+00  0.339985504897687E+00 
 0.324000000813976E+00  0.380820166840654E+00  0.376139702146312E+00 
 0.324000000813976E+00  0.380820166840654E+00  0.412201122849964E+00 
 0.324000000813976E+00  0.380820166840654E+00  0.435628973343926E+00 
 0.324000000813976E+00  0.380820166840654E+00  0.464062134453406E+00 
 0.324000000813976E+00  0.380820166840654E+00  0.494838599876260E+00 
 0.324000000813976E+00  0.380820166840654E+00  0.522422618501505E+00 
 0.324000000813976E+00  0.380820166840654E+00  0.551171634891074E+00 
 0.324000000813976E+00  0.380820166840654E+00  0.580547933750116E+00 
 0.324000000813976E+00  0.380820166840654E+00  0.610204929308501E+00 
 0.324000000813976E+00  0.380820166840654E+00  0.639952156418890E+00 
 0.324000000813976E+00  0.380820166840654E+00  0.669648698565586E+00 
 0.324000000813976E+00  0.380820166840654E+00  0.699132198009586E+00 
 0.324000000813976E+00  0.380820166840654E+00  0.727919449068145E+00 
 0.324000000813976E+00  0.380820166840654E+00  0.753412088608647E+00 
 0.324000000813976E+00  0.380820166840654E+00  0.781698571089147E+00 
 0.324000000813976E+00  0.380820166840654E+00  0.804598735697843E+00 
 0.324000000813976E+00  0.380820166840654E+00  0.833988240592322E+00 
 0.324000000813976E+00  0.380820166840654E+00  0.874136245260502E+00 
 0.324000000813976E+00  0.380820166840654E+00  0.904508485590661E+00 
 0.324000000813976E+00  0.380820166840654E+00  0.935707443453804E+00 
 0.324000000813976E+00  0.380820166840654E+00  0.959023280089920E+00 
 0.324000000813976E+00  0.380820166840654E+00  0.982212738565448E+00 
 0.446945473797200E+00  0.224142239330734E+00  0.874522826514542E+00 
 0.437903251780459E+00  0.241331187541312E+00  0.850666080813551E+00 
 0.449398157760778E+00  0.219183247081566E+00  0.147864437171159E+00 
 0.426088572889682E+00  0.261626695986542E+00  0.902740244826644E+00 
 0.440866672625768E+00  0.235874070147366E+00  0.903849863909130E+00 
 0.432417332760531E+00  0.251028385503051E+00  0.875747647653620E+00 
 0.456228254243642E+00  0.204586852045283E+00  0.906096487770215E+00 
 0.459959159035065E+00  0.196055022939367E+00  0.872070944226917E+00 
 0.434330661777154E+00  0.247703201917577E+00  0.821723343960934E+00 
 0.450580864662606E+00  0.216741515173948E+00  0.837860068057148E+00 
 0.442644126562334E+00  0.232521347879863E+00  0.795799309462766E+00 
 0.454769880324862E+00  0.207808459763579E+00  0.219290415582977E+00 
 0.444134704721897E+00  0.229661411781765E+00  0.202119255939461E+00 
 0.456784647320908E+00  0.203341550038141E+00  0.193563144875073E+00 
 0.339974766650920E+00  0.366629456046091E+00  0.158071095408451E-01 
 0.433104405844192E+00  0.249841096776230E+00  0.177946711427411E+00 
 0.446632183054093E+00  0.224765862755747E+00  0.172955231963534E+00 
 0.458650400057701E+00  0.199097490006556E+00  0.164945204185946E+00 
 0.428581038320430E+00  0.257523384554068E+00  0.121107901568534E+00 
 0.436816948282636E+00  0.243291910455413E+00  0.149015208228885E+00 
 0.444219025932570E+00  0.229498272323604E+00  0.123185821254256E+00 
 0.459128803928344E+00  0.197991771049528E+00  0.131549715239897E+00 
 0.476330579442335E+00  0.152017035519473E+00  0.772861431809566E+00 
 0.440461896627583E+00  0.236629071796414E+00  0.959841382992847E+00 
 0.432909828226920E+00  0.250178097811417E+00  0.930988614590942E+00 
 0.446942056263570E+00  0.224149053852325E+00  0.933537664568921E+00 
 0.457794743586621E+00  0.201057138009223E+00  0.937171913451254E+00 
 0.466796721501064E+00  0.179167019274915E+00  0.926767921662206E+00 
 0.481452435586612E+00  0.134920540570066E+00  0.805543851731525E+00 
 0.482711118028881E+00  0.130345604188665E+00  0.844537935990443E+00 
 0.478210347529797E+00  0.145996107877679E+00  0.873982885909911E+00 
 0.484011419819680E+00  0.125431038758903E+00  0.778456751872193E+00 
 0.488828504262548E+00  0.105103251236299E+00  0.826375386183073E+00 
 0.490961238740008E+00  0.946417564021166E-01  0.795296872382915E+00 
 0.347398323151534E+00  0.359603121609785E+00  0.774975116427816E+00 
 0.353723926441128E+00  0.353382772448052E+00  0.186851071635467E-01 
 0.343653149856254E+00  0.363183855084274E+00  0.351753288753813E-01 
 0.335747962951709E+00  0.370504123288497E+00  0.516128443389435E-01 
 0.357202457052570E+00  0.349866266844357E+00  0.764586740412824E+00 
 0.361917575488279E+00  0.344986475898238E+00  0.792293933813526E+00 
 0.370203561845246E+00  0.336079340033113E+00  0.766836571545228E+00 
 0.372604893236212E+00  0.333415046955639E+00  0.821767371892961E+00 
 0.379159727098719E+00  0.325941561244382E+00  0.794700603438595E+00 
 0.384969802638422E+00  0.319058381893556E+00  0.767044462227835E+00 
 0.379795251399197E+00  0.325200810292073E+00  0.844744596335042E+00 
 0.391520293817622E+00  0.310985304361738E+00  0.860291073349428E+00 
 0.390891425813965E+00  0.311775389062584E+00  0.826838137259649E+00 
 0.395619689298773E+00  0.305753268893633E+00  0.794744519648432E+00 
 0.400368082719724E+00  0.299508594767049E+00  0.766049113957166E+00 
 0.402873508873632E+00  0.296129930685582E+00  0.880634863839642E+00 
 0.406069143310573E+00  0.291732498791302E+00  0.851476282084090E+00 
 0.407381187845640E+00  0.289897512561724E+00  0.821125943979442E+00 
 0.411201613068249E+00  0.284452515211363E+00  0.792079557528015E+00 
 0.415721616685813E+00  0.277804854925421E+00  0.764653602786201E+00 
 0.412682451084633E+00  0.282299830971929E+00  0.899780659786887E+00 
 0.417647139167181E+00  0.274901559008801E+00  0.875354656182228E+00 
 0.422575646224017E+00  0.267263583786408E+00  0.844624810225863E+00 
 0.420678425828172E+00  0.270240008219973E+00  0.814446536291276E+00 
 0.426576405298107E+00  0.260830539705275E+00  0.791527428164886E+00 
 0.430611751878312E+00  0.254113201436468E+00  0.763708877038056E+00 
 0.470398823547813E+00  0.169484355634476E+00  0.896905614978757E+00 
 0.469772177057694E+00  0.171213614127132E+00  0.867973905563521E+00 
 0.369143620497993E+00  0.337243217049111E+00  0.205800061099978E-01 
 0.358939265149597E+00  0.348084190870352E+00  0.397796953927405E-01 
 0.349162039463698E+00  0.357890863529024E+00  0.580171493420396E-01 
 0.338238174631581E+00  0.368232178417226E+00  0.771707438469699E-01 
 0.464926578712518E+00  0.183965421769072E+00  0.843055228318908E+00 
 0.459804947565242E+00  0.196416420379064E+00  0.809377829376331E+00 
 0.452632126867667E+00  0.212424475348893E+00  0.781704909436049E+00 
 0.444008663203819E+00  0.229904995595915E+00  0.761245265048736E+00 
 0.461801463340653E+00  0.191675268244058E+00  0.781014062988716E+00 
 0.456002680849777E+00  0.205089139297565E+00  0.758168728927934E+00 
 0.474371179637144E+00  0.158025263580430E+00  0.849836488187456E+00 
 0.473140576149691E+00  0.161672493642975E+00  0.823020891341714E+00 
 0.470546510857564E+00  0.169073892484240E+00  0.792790039027221E+00 
 0.467072421879706E+00  0.178447058590009E+00  0.761670852358699E+00 
 0.357544737415705E+00  0.349516467060330E+00  0.227112616475077E+00 
 0.371814646879223E+00  0.334296078897253E+00  0.208176571753551E+00 
 0.376918848719487E+00  0.328530335707339E+00  0.181226109470325E+00 
 0.390174941360238E+00  0.312671577113327E+00  0.228648034816567E+00 
 0.393092067445754E+00  0.308996159379405E+00  0.198073702464997E+00 
 0.388336415457669E+00  0.314952104977072E+00  0.164357427589244E+00 
 0.411861911658526E+00  0.283495618528726E+00  0.234978981291579E+00 
 0.411280285123301E+00  0.284338754074952E+00  0.200881467170232E+00 
 0.405128773562694E+00  0.293036988845415E+00  0.173100192558871E+00 
 0.400124030237784E+00  0.299834555090424E+00  0.143386590425049E+00 
 0.431536417539081E+00  0.252539740115365E+00  0.243920246939873E+00 
 0.445683157595425E+00  0.226641838670118E+00  0.237280978843129E+00 
 0.428441311393028E+00  0.257755781102621E+00  0.210645395669059E+00 
 0.419671356927306E+00  0.271801310105000E+00  0.182197785337900E+00 
 0.419553127065530E+00  0.271983774460050E+00  0.151751347186402E+00 
 0.411079597346760E+00  0.284628819070076E+00  0.119275497817219E+00 
 0.497375628527620E+00  0.511613540355866E-01  0.233458206974491E+00 
 0.494457453033498E+00  0.742416806088491E-01  0.243603346906754E+00 
 0.494301675537560E+00  0.752718643369561E-01  0.215201334544865E+00 
 0.489885525261223E+00  0.100060842188822E+00  0.225102236357021E+00 
 0.490046643397930E+00  0.992687629338770E-01  0.195562092142551E+00 
 0.484770376578452E+00  0.122465023545444E+00  0.174198895908043E+00 
 0.483905700605759E+00  0.125838280826025E+00  0.233019992951518E+00 
 0.484058371593616E+00  0.125249722116005E+00  0.203073232844386E+00 
 0.477166015057556E+00  0.149374007357679E+00  0.180655861651556E+00 
 0.385027731780247E+00  0.318988472770033E+00  0.223144729212310E-01 
 0.374483155575112E+00  0.331304038898572E+00  0.429125162215757E-01 
 0.364142266904590E+00  0.342637431483466E+00  0.625772321959541E-01 
 0.353802665731252E+00  0.353303939578177E+00  0.815176883949650E-01 
 0.343665031295678E+00  0.363172612217030E+00  0.992751022927383E-01 
 0.478585085491901E+00  0.144762964686101E+00  0.151770776367031E+00 
 0.476570333383132E+00  0.151263734381676E+00  0.239626068963877E+00 
 0.476363672473208E+00  0.151913302734943E+00  0.210399960658081E+00 
 0.459825586213851E+00  0.196368098893604E+00  0.244298542555476E+00 
 0.469285078483869E+00  0.172544241029333E+00  0.248028853365021E+00 
 0.466492635811175E+00  0.179957274745820E+00  0.219645407072910E+00 
 0.467802216905024E+00  0.176525028986671E+00  0.187684101636427E+00 
 0.469258545616246E+00  0.172616387884018E+00  0.157378895538779E+00 
 0.471517596275747E+00  0.166346495010691E+00  0.128209036904222E+00 
 0.420821617977535E+00  0.270016973249405E+00  0.896168856923732E-01 
 0.438103094917674E+00  0.240968209985375E+00  0.948255203257163E-01 
 0.452180768065286E+00  0.213383581823646E+00  0.100132607191331E+00 
 0.464573066316096E+00  0.184856338959907E+00  0.103385040216336E+00 
 0.459120730651683E+00  0.198010491353020E+00  0.798162195835108E-01 
 0.432920006845505E+00  0.250160483835653E+00  0.679961593621362E-01 
 0.447808430406463E+00  0.222413150818247E+00  0.656193278673392E-01 
 0.335349883289184E+00  0.370864470902688E+00  0.978080773460212E+00 
 0.337114335316321E+00  0.369261323352765E+00  0.953487254810616E+00 
 0.347538885313888E+00  0.359467276945732E+00  0.975696535656360E+00 
 0.335784587710547E+00  0.370470930919091E+00  0.890987018038292E+00 
 0.338424837060586E+00  0.368060633130624E+00  0.923731196938378E+00 
 0.351055292535289E+00  0.356033961277520E+00  0.950111242934857E+00 
 0.360821697259425E+00  0.346132493110409E+00  0.974283615702147E+00 
 0.347318491768128E+00  0.359680226417735E+00  0.904279488058787E+00 
 0.355252756006348E+00  0.351845817581927E+00  0.924786967278153E+00 
 0.365948118025675E+00  0.340708049381676E+00  0.948010464876741E+00 
 0.375698565235169E+00  0.329925124960551E+00  0.973022984731063E+00 
 0.337328204684195E+00  0.369065959314237E+00  0.860760170402764E+00 
 0.348996330477509E+00  0.358052456091608E+00  0.880610172534108E+00 
 0.360071727035385E+00  0.346912599064598E+00  0.900030939190469E+00 
 0.370412047638830E+00  0.335849542152448E+00  0.921615706361419E+00 
 0.381615022779225E+00  0.323063421620603E+00  0.945029629684306E+00 
 0.392047680099535E+00  0.310320183888468E+00  0.971121534729204E+00 
 0.334925275522758E+00  0.371247976177655E+00  0.805983835698346E+00 
 0.341555583288595E+00  0.365157203851147E+00  0.830067312393458E+00 
 0.351865647453951E+00  0.355233115210015E+00  0.853225837169462E+00 
 0.362861526219275E+00  0.343993477830349E+00  0.874252087254950E+00 
 0.374185132830656E+00  0.331640598191030E+00  0.894958140127291E+00 
 0.385568378460757E+00  0.318334769591923E+00  0.916694028032924E+00 
 0.398054690264339E+00  0.302576376405299E+00  0.940077010761468E+00 
 0.409835124130467E+00  0.286417825962290E+00  0.968529768206990E+00 
 0.422582063269546E+00  0.267253437401381E+00  0.980515300339788E+00 
 0.337025654308157E+00  0.369342264489401E+00  0.784351357029707E+00 
 0.347721690201964E+00  0.359290448193504E+00  0.801630726075851E+00 
 0.356971167489670E+00  0.350102250179947E+00  0.824785347619753E+00 
 0.366198015363955E+00  0.340439441815282E+00  0.847995517808222E+00 
 0.377135132020685E+00  0.328282031484729E+00  0.868644400206470E+00 
 0.388647057054004E+00  0.314568696858510E+00  0.888478053214419E+00 
 0.400284978316508E+00  0.299619652449823E+00  0.909677346584950E+00 
 0.415386849155568E+00  0.278305166226949E+00  0.929752450406617E+00 
 0.425832203227660E+00  0.262043764845258E+00  0.956857766198940E+00 
 0.432884558842153E+00  0.250221819024710E+00  0.978736641432304E+00 
 0.400625652062103E+00  0.299163979967199E+00  0.239310189565719E-01 
 0.390123126142569E+00  0.312736225034371E+00  0.455582785148150E-01 
 0.379765586556414E+00  0.325235452045841E+00  0.663008811436595E-01 
 0.369559061051662E+00  0.336787916046010E+00  0.863802900035230E-01 
 0.359000801224189E+00  0.348020724555866E+00  0.105583731317029E+00 
 0.347247789330796E+00  0.359748485479613E+00  0.123537500915921E+00 
 0.338343664963481E+00  0.368135252833900E+00  0.144097231764799E+00 
 0.498994828880809E+00  0.316884955498299E-01  0.977852521859020E+00 
 0.499620271309759E+00  0.194829283313247E-01  0.958443440853446E+00 
 0.496410717283820E+00  0.598030079992901E-01  0.974898437602177E+00 
 0.498174504557299E+00  0.426868013452540E-01  0.953309294824234E+00 
 0.499467250557915E+00  0.230752165779082E-01  0.935736214546592E+00 
 0.492064238904875E+00  0.887287145797025E-01  0.970354004914553E+00 
 0.495187742849790E+00  0.692033187884106E-01  0.947006304659362E+00 
 0.497602618535104E+00  0.489043354622862E-01  0.926458955106190E+00 
 0.499327776427655E+00  0.259185587526354E-01  0.909120398703241E+00 
 0.481302297301192E+00  0.135455153510653E+00  0.977351646103606E+00 
 0.486429297331875E+00  0.115700210445872E+00  0.961200817364591E+00 
 0.490559772212832E+00  0.967011369452047E-01  0.939481956475458E+00 
 0.494083613491613E+00  0.766901745927769E-01  0.917744461457920E+00 
 0.497024092123388E+00  0.544706512621373E-01  0.897463805902672E+00 
 0.499147561059872E+00  0.291841101968410E-01  0.879387573401440E+00 
 0.463465836849502E+00  0.187615079546903E+00  0.978942678567190E+00 
 0.473018095349501E+00  0.162030495499861E+00  0.973195528180534E+00 
 0.479521207304155E+00  0.141631252714808E+00  0.952335047350614E+00 
 0.484293968831005E+00  0.124335641526933E+00  0.931513093919340E+00 
 0.488721536667871E+00  0.105599524605914E+00  0.909433353546123E+00 
 0.492771066996636E+00  0.847152614999019E-01  0.887496289758938E+00 
 0.496236849045460E+00  0.612289935360168E-01  0.866352931263361E+00 
 0.498850429756733E+00  0.338858190327856E-01  0.846933358381555E+00 
 0.481024122891734E+00  0.136439705350892E+00  0.755489900206604E+00 
 0.487852250168991E+00  0.109545342233490E+00  0.758270955818638E+00 
 0.494790051580535E+00  0.719916999169444E-01  0.766362057355114E+00 
 0.498121699589409E+00  0.432986419897654E-01  0.752870961985687E+00 
 0.453468446844436E+00  0.210633254061403E+00  0.965855467812172E+00 
 0.499005264817132E+00  0.315237320884429E-01  0.780186974987495E+00 
 0.464721414560058E+00  0.184483080116574E+00  0.954711081858646E+00 
 0.472384661246166E+00  0.163868031718650E+00  0.946487503658467E+00 
 0.476365875385830E+00  0.151906394756414E+00  0.925307464011511E+00 
 0.481317283528571E+00  0.135401892810541E+00  0.902480819826586E+00 
 0.486378025313238E+00  0.115915557594293E+00  0.878893466014084E+00 
 0.490970647055020E+00  0.945929370004741E-01  0.856235088669861E+00 
 0.494903736156027E+00  0.712059824649991E-01  0.832765213373563E+00 
 0.498138245968307E+00  0.431078635937586E-01  0.809497877218579E+00 
 0.335545795627973E+00  0.370687225348258E+00  0.756561174871067E+00 
 0.347113425257952E+00  0.359878132158224E+00  0.747181556994258E+00 
 0.360164197306680E+00  0.346816595592591E+00  0.742232215891263E+00 
 0.374226464608569E+00  0.331593958308307E+00  0.740657066333912E+00 
 0.389070837091848E+00  0.314044397696645E+00  0.739344192706596E+00 
 0.404297760466466E+00  0.294182461886836E+00  0.737922907451547E+00 
 0.419393987170156E+00  0.272229101173110E+00  0.736459362284439E+00 
 0.433853525424425E+00  0.248537961842447E+00  0.734919822262882E+00 
 0.447352915165743E+00  0.223327941137493E+00  0.733277755332313E+00 
 0.460078454529141E+00  0.195774910747209E+00  0.733161352325691E+00 
 0.472717294735887E+00  0.162905982878420E+00  0.737919435553272E+00 
 0.482030464138992E+00  0.132840624968223E+00  0.730702318403917E+00 
 0.489461195462610E+00  0.102116297114187E+00  0.730456906445019E+00 
 0.495119831706619E+00  0.696875329654440E-01  0.729993869864850E+00 
 0.498670407359109E+00  0.364393307334293E-01  0.726972249021574E+00 
 0.336178747812114E+00  0.370113292816509E+00  0.723757458175077E+00 
 0.416854836581837E+00  0.276101512524524E+00  0.269990379466363E-01 
 0.405517348953804E+00  0.292499025122270E+00  0.484621191601562E-01 
 0.395214407132351E+00  0.306276953744522E+00  0.693790582353101E-01 
 0.385888019337320E+00  0.317947222871847E+00  0.905955631066416E-01 
 0.375632211806309E+00  0.330000668868262E+00  0.111097042617535E+00 
 0.364737348635947E+00  0.342003898384243E+00  0.130603797741640E+00 
 0.354446267254681E+00  0.352658253312216E+00  0.149884396605372E+00 
 0.344456941814785E+00  0.362421598743240E+00  0.168447204680342E+00 
 0.348981167678149E+00  0.358067234756261E+00  0.719303335757527E+00 
 0.362617457300692E+00  0.344250751140475E+00  0.715735393485497E+00 
 0.377130287674588E+00  0.328287596656472E+00  0.713299112581715E+00 
 0.392180380298114E+00  0.310152461394758E+00  0.711330238438708E+00 
 0.407421734029501E+00  0.289840526221567E+00  0.709583352283604E+00 
 0.422411153810728E+00  0.267523488943101E+00  0.707959197640895E+00 
 0.436785510951213E+00  0.243348345840048E+00  0.706478676102233E+00 
 0.450316906090941E+00  0.217289401694336E+00  0.705396556762739E+00 
 0.462861596454163E+00  0.189100879236199E+00  0.705169200021481E+00 
 0.473963745264607E+00  0.159243110289727E+00  0.704862751055046E+00 
 0.483072315047092E+00  0.129000536568817E+00  0.702250093510649E+00 
 0.490292086056514E+00  0.980493261086101E-01  0.700916444287022E+00 
 0.495594439566723E+00  0.662280263222909E-01  0.699484420989588E+00 
 0.498875811641634E+00  0.335100665308322E-01  0.697618257287645E+00 
 0.336982924816262E+00  0.369381250718384E+00  0.694819076193486E+00 
 0.350422266105153E+00  0.356657027713922E+00  0.691063893071969E+00 
 0.364530680825496E+00  0.342224170299089E+00  0.687815504870282E+00 
 0.379356688006515E+00  0.325712301371513E+00  0.685159937081475E+00 
 0.394593350501266E+00  0.307076680554197E+00  0.682913052042997E+00 
 0.409889278918681E+00  0.286340320296538E+00  0.680975620678542E+00 
 0.424846055168524E+00  0.263639582399425E+00  0.679269469720122E+00 
 0.439134163485505E+00  0.239084057310156E+00  0.677814954112883E+00 
 0.452471618591818E+00  0.212766149490233E+00  0.676674735785448E+00 
 0.464572235254025E+00  0.184858427535989E+00  0.675758720172891E+00 
 0.475119723016102E+00  0.155760228560125E+00  0.674546539577911E+00 
 0.483906876559971E+00  0.125833758657896E+00  0.672729396285839E+00 
 0.490856479326440E+00  0.951835947170103E-01  0.671064363829540E+00 
 0.495901699727666E+00  0.638866512443060E-01  0.669301875641321E+00 
 0.498971364244294E+00  0.320558522611387E-01  0.667335516976739E+00 
 0.337589482690928E+00  0.368826980000747E+00  0.665762570821117E+00 
 0.351505283638019E+00  0.355589701164918E+00  0.662333676046905E+00 
 0.365980862666067E+00  0.340672875589181E+00  0.659230721402712E+00 
 0.381059270722669E+00  0.323718754779990E+00  0.656517082828086E+00 
 0.396446966711492E+00  0.304679836197372E+00  0.654148621492723E+00 
 0.411794607203635E+00  0.283593373473366E+00  0.652097811610424E+00 
 0.426716874564037E+00  0.260600669535402E+00  0.650313129352273E+00 
 0.440884494960815E+00  0.235840755814484E+00  0.648770886762829E+00 
 0.453995077806769E+00  0.209495750141204E+00  0.647422020660126E+00 
 0.465777254377722E+00  0.181800850670041E+00  0.646118497627739E+00 
 0.476003929819355E+00  0.153036789029731E+00  0.644633841078977E+00 
 0.484525745137361E+00  0.123429341321607E+00  0.642891978600801E+00 
 0.491246188926532E+00  0.931513921804621E-01  0.641051957626641E+00 
 0.496096316368549E+00  0.623573963981533E-01  0.639063691054909E+00 
 0.499023957051365E+00  0.312264357363711E-01  0.636891881051262E+00 
 0.338037889787551E+00  0.368416048874068E+00  0.636451887974284E+00 
 0.352308946951708E+00  0.354793469356157E+00  0.633263497841498E+00 
 0.367065484205784E+00  0.339503947406762E+00  0.630262279897243E+00 
 0.382338022486473E+00  0.322207443367054E+00  0.627538094183520E+00 
 0.397841456376241E+00  0.302856691503475E+00  0.625102411356327E+00 
 0.413222450040472E+00  0.281508804094205E+00  0.622969071336264E+00 
 0.428103177961858E+00  0.258316993283365E+00  0.621094305291050E+00 
 0.442153686315021E+00  0.233452602637106E+00  0.619435291018521E+00 
 0.455081705008984E+00  0.207124701004289E+00  0.617907220358566E+00 
 0.466641792271437E+00  0.179570147033690E+00  0.616389473043047E+00 
 0.476647936123764E+00  0.151019021944113E+00  0.614750303051802E+00 
 0.484968759638857E+00  0.121677040456896E+00  0.612933475067168E+00 
 0.491514702369583E+00  0.917240282289241E-01  0.610945429751338E+00 
 0.496223534498148E+00  0.613368063251166E-01  0.608768031613980E+00 
 0.499056853996798E+00  0.306961964878186E-01  0.606392907410222E+00 
 0.338366564659404E+00  0.368114204997028E+00  0.607014020675959E+00 
 0.352900878263247E+00  0.354204700873702E+00  0.603999839613315E+00 
 0.367865737873495E+00  0.338636676836384E+00  0.601067300542914E+00 
 0.383283591356675E+00  0.321082058976719E+00  0.598329848092160E+00 
 0.398870092187378E+00  0.301500662616905E+00  0.595841806958397E+00 
 0.414271559563452E+00  0.279962631322228E+00  0.593633562972000E+00 
 0.429111554539555E+00  0.256638410532498E+00  0.591674062038226E+00 
 0.443068443842971E+00  0.231711790961462E+00  0.589907465824702E+00 
 0.455859819310404E+00  0.205406487575944E+00  0.588251328271382E+00 
 0.467263252383317E+00  0.177946770052633E+00  0.586595924396711E+00 
 0.477110338880000E+00  0.149551745338567E+00  0.584843824195075E+00 
 0.485283961022932E+00  0.120413774851110E+00  0.582923272503811E+00 
 0.452531243325864E+00  0.212639304489899E+00  0.300216504693823E-01 
 0.461501710738246E+00  0.192395870500569E+00  0.539526314467784E-01 
 0.468821494200082E+00  0.173799903843478E+00  0.769904508081012E-01 
 0.474770462294265E+00  0.156821580571330E+00  0.100806287249781E+00 
 0.480629834622714E+00  0.137822211818497E+00  0.124139293653474E+00 
 0.486024499980415E+00  0.117389034491249E+00  0.146547449394939E+00 
 0.490651019654382E+00  0.962370869889340E-01  0.167885861632753E+00 
 0.494502247859435E+00  0.739427269037749E-01  0.187663162120413E+00 
 0.497397204217610E+00  0.509511652124384E-01  0.205855443313399E+00 
 0.499125674222890E+00  0.295560709761282E-01  0.223055014706278E+00 
 0.499806334390795E+00  0.139150315428038E-01  0.236777287569414E+00 
 0.491701666393841E+00  0.907164332715994E-01  0.580798744276837E+00 
 0.496310132986832E+00  0.606321028382942E-01  0.578443605023826E+00 
 0.499078837653689E+00  0.303366742778827E-01  0.575862030133591E+00 
 0.338610519312878E+00  0.367889815312497E+00  0.577586591732480E+00 
 0.353338708359282E+00  0.353767942548494E+00  0.574670786125545E+00 
 0.368456544050403E+00  0.337993750158836E+00  0.571749771509433E+00 
 0.383980147137055E+00  0.320248726156101E+00  0.568975575270764E+00 
 0.399628495810237E+00  0.300494701012260E+00  0.566427254571215E+00 
 0.415042348028393E+00  0.278818667493908E+00  0.564151794143392E+00 
 0.429851577168658E+00  0.255396988246960E+00  0.562114982100855E+00 
 0.443736646499198E+00  0.230429573956221E+00  0.560266464079483E+00 
 0.456429630420254E+00  0.204137190326581E+00  0.558516418767236E+00 
 0.467718334122105E+00  0.176747163841582E+00  0.556770155857881E+00 
 0.477449822279212E+00  0.148464363419470E+00  0.554927169346853E+00 
 0.485514022843352E+00  0.119482775421671E+00  0.552911255659868E+00 
 0.491837754109200E+00  0.899756835640529E-01  0.550655763510460E+00 
 0.496372986827456E+00  0.601153719774782E-01  0.548121599104591E+00 
 0.499095098611102E+00  0.300679653846716E-01  0.545294290360941E+00 
 0.338801117095339E+00  0.367714295418264E+00  0.548321451236522E+00 
 0.353673029044482E+00  0.353433711644066E+00  0.545375182555822E+00 
 0.368902943742034E+00  0.337506471194942E+00  0.542383500908952E+00 
 0.384509683581718E+00  0.319612739470578E+00  0.539533038056159E+00 
 0.400207294670780E+00  0.299723407981919E+00  0.536917702781411E+00 
 0.415635656384672E+00  0.277933447324503E+00  0.534576399635930E+00 
 0.430422122379147E+00  0.254434267673657E+00  0.532480139966149E+00 
 0.444255996425755E+00  0.229426697748452E+00  0.530567204708645E+00 
 0.456873538992630E+00  0.203141746985571E+00  0.528756772008633E+00 
 0.468076354895811E+00  0.175796831562604E+00  0.526945557720473E+00 
 0.477717360227939E+00  0.147601232165755E+00  0.525039341702618E+00 
 0.485696813756369E+00  0.118737547165635E+00  0.522941618323096E+00 
 0.491946212250670E+00  0.893807823428470E-01  0.520570296536460E+00 
 0.435027936171346E+00  0.246476560245593E+00  0.348571085012728E-01 
 0.420396112177541E+00  0.270678977510276E+00  0.559575544739579E-01 
 0.409140799610205E+00  0.287408778735657E+00  0.716132149761532E-01 
 0.402568465247123E+00  0.296544483658988E+00  0.935284733036095E-01 
 0.392973677545526E+00  0.309146710731887E+00  0.115936833381845E+00 
 0.382162457450344E+00  0.322415657367185E+00  0.136937669339613E+00 
 0.371088640105799E+00  0.335101807193618E+00  0.156450573547741E+00 
 0.360743329057967E+00  0.346214168601135E+00  0.176639498390656E+00 
 0.349960513079632E+00  0.357110122070267E+00  0.195878497693407E+00 
 0.339513706769762E+00  0.367056457395120E+00  0.214773869945974E+00 
 0.496424138984695E+00  0.596914921350089E-01  0.517845672384051E+00 
 0.499109018940692E+00  0.298360052966118E-01  0.514686512186790E+00 
 0.338957767180470E+00  0.367569900927743E+00  0.519349654230480E+00 
 0.353932856859338E+00  0.353173516611010E+00  0.516148776309461E+00 
 0.369263576675763E+00  0.337111867101445E+00  0.512997273660757E+00 
 0.384948742143561E+00  0.319083791381026E+00  0.510045091464317E+00 
 0.400698282467774E+00  0.299066692273440E+00  0.507356628466154E+00 
 0.416144566104710E+00  0.277170886100115E+00  0.504962587387300E+00 
 0.430919394693554E+00  0.253591157726252E+00  0.502817798558121E+00 
 0.444711605921801E+00  0.228542310215096E+00  0.500865763621414E+00 
 0.457269048905005E+00  0.202249887301605E+00  0.499014426476608E+00 
 0.468397469964426E+00  0.174939447040753E+00  0.497169058578571E+00 
 0.477961029293942E+00  0.146810266930741E+00  0.495220998645493E+00 
 0.485864211950090E+00  0.118050699049681E+00  0.493071058701891E+00 
 0.492046676820010E+00  0.888260537814477E-01  0.490608998797201E+00 
 0.496471281336477E+00  0.592981180824212E-01  0.487721078304527E+00 
 0.499121469544023E+00  0.296269917510219E-01  0.484241375272321E+00 
 0.339017426456527E+00  0.367514876649631E+00  0.490466054673013E+00 
 0.354152265674070E+00  0.352953499370559E+00  0.486898665817397E+00 
 0.369604846011830E+00  0.336737669120298E+00  0.483589989404043E+00 
 0.385381136009407E+00  0.318561422661468E+00  0.480534778527481E+00 
 0.401189935986541E+00  0.298406828445857E+00  0.477788464402592E+00 
 0.416664281646919E+00  0.276388994715161E+00  0.475353670701747E+00 
 0.431431161785467E+00  0.252719513770588E+00  0.473182384896539E+00 
 0.445187752445137E+00  0.227613411452066E+00  0.471205803916480E+00 
 0.457685167391813E+00  0.201306451832842E+00  0.469341432690184E+00 
 0.468741142110676E+00  0.174016498335010E+00  0.467482822422774E+00 
 0.478223902055904E+00  0.145951702636265E+00  0.465525803976599E+00 
 0.486047563637771E+00  0.117293503152505E+00  0.463355101324697E+00 
 0.492156917988527E+00  0.882131967226829E-01  0.460853652678617E+00 
 0.496522780605202E+00  0.588653407369571E-01  0.457876085695560E+00 
 0.499134454653303E+00  0.294074170567456E-01  0.454219720282490E+00 
 0.339219634724109E+00  0.367328244786107E+00  0.460988779781095E+00 
 0.354468774532577E+00  0.352635630476237E+00  0.457570207050738E+00 
 0.370019268004499E+00  0.336282234596797E+00  0.454150995010761E+00 
 0.385891333448467E+00  0.317943200539599E+00  0.451027125564560E+00 
 0.401776354468615E+00  0.297616802264103E+00  0.448250460120909E+00 
 0.417286166643175E+00  0.275449187924461E+00  0.445802742945426E+00 
 0.432047800889992E+00  0.251663858641089E+00  0.443618273851220E+00 
 0.445761503570666E+00  0.226487708130969E+00  0.441640731063868E+00 
 0.458191917420827E+00  0.200150360504862E+00  0.439782351782702E+00 
 0.469161896586220E+00  0.172878902100924E+00  0.437942066995192E+00 
 0.478550210898079E+00  0.144878209712172E+00  0.436002680219919E+00 
 0.486276614294178E+00  0.116340252666873E+00  0.433854879464989E+00 
 0.492296283576498E+00  0.874320832233171E-01  0.431374201335032E+00 
 0.496588064294694E+00  0.583120433533976E-01  0.428416019132843E+00 
 0.499150920444020E+00  0.291265964350016E-01  0.424794157543559E+00 
 0.339464801415065E+00  0.367101687002703E+00  0.432396758051041E+00 
 0.354815669270114E+00  0.352286589072592E+00  0.428348347085306E+00 
 0.370531717094553E+00  0.335717510158410E+00  0.424692927031441E+00 
 0.386562031284454E+00  0.317127412831556E+00  0.421550093581871E+00 
 0.402555228583532E+00  0.296562452006421E+00  0.418800757566506E+00 
 0.418108349692828E+00  0.274199576799710E+00  0.416360525235399E+00 
 0.432853991360204E+00  0.250274693414137E+00  0.414178060007215E+00 
 0.446510960347015E+00  0.225006582770341E+00  0.412214431822960E+00 
 0.458853464910986E+00  0.198629045557749E+00  0.410395027858328E+00 
 0.469715658158953E+00  0.171368609961980E+00  0.408599312844202E+00 
 0.478981497499381E+00  0.143445895909400E+00  0.406709099431791E+00 
 0.486582434380672E+00  0.115054485145863E+00  0.404619328828624E+00 
 0.492484143748191E+00  0.863676337328459E-01  0.402225360846743E+00 
 0.496678136263559E+00  0.575398032474637E-01  0.399381884383370E+00 
 0.499174529684905E+00  0.287191384594583E-01  0.395959993965700E+00 
 0.339462759217493E+00  0.367103575444923E+00  0.403720095277931E+00 
 0.355201091111380E+00  0.351897975091198E+00  0.398709282234874E+00 
 0.371252381608875E+00  0.334920392257232E+00  0.395129426030381E+00 
 0.387527631608351E+00  0.315946727693170E+00  0.392171998830007E+00 
 0.403647476281720E+00  0.295074083733896E+00  0.389520737831131E+00 
 0.419226179772355E+00  0.272487449607275E+00  0.387086378473672E+00 
 0.433931938663777E+00  0.248401031816489E+00  0.384897486995062E+00 
 0.447505589852227E+00  0.223021853303686E+00  0.382976641407639E+00 
 0.459733722343593E+00  0.196583072872778E+00  0.381238768686976E+00 
 0.470453720739451E+00  0.169331912652064E+00  0.379524689780392E+00 
 0.479559123503813E+00  0.141502816453436E+00  0.377695611099625E+00 
 0.472380798921674E+00  0.163879165271613E+00  0.507258102960673E-01 
 0.477993180656483E+00  0.146705552880246E+00  0.744925409707413E-01 
 0.483074138046388E+00  0.128993709733224E+00  0.977229564097056E-01 
 0.487715580708695E+00  0.110152223463625E+00  0.120150867484439E+00 
 0.491712577036536E+00  0.906572754062762E-01  0.141578801226894E+00 
 0.494912846184782E+00  0.711426361704294E-01  0.161730100689336E+00 
 0.497591283532596E+00  0.490195323558256E-01  0.179378753545955E+00 
 0.499340516922313E+00  0.256719333077352E-01  0.197114932202764E+00 
 0.486993538294426E+00  0.113301781360557E+00  0.375691191953488E+00 
 0.492739867897139E+00  0.848965404755098E-01  0.373445050214064E+00 
 0.496803743055798E+00  0.564450253410182E-01  0.370769140244369E+00 
 0.499208946727216E+00  0.281145426337226E-01  0.367546017887919E+00 
 0.339913656216291E+00  0.366686114159881E+00  0.371521365769930E+00 
 0.356067147534726E+00  0.351021632448036E+00  0.368212647286371E+00 
 0.372471073839355E+00  0.333564535214639E+00  0.365574572410698E+00 
 0.388974260219242E+00  0.314164009534660E+00  0.363099552923065E+00 
 0.405169955589739E+00  0.292980045544759E+00  0.360526696957617E+00 
 0.420716371967314E+00  0.270180928932190E+00  0.358006085437829E+00 
 0.435344992339441E+00  0.245916119123924E+00  0.355789527824565E+00 
 0.448810709203789E+00  0.220383636652072E+00  0.353969903707213E+00 
 0.460890584513313E+00  0.193855278769955E+00  0.352404826265558E+00 
 0.471424851534416E+00  0.166609151476603E+00  0.350803067096805E+00 
 0.480317769803559E+00  0.138905867446033E+00  0.349007179869173E+00 
 0.487535806451325E+00  0.110945200111839E+00  0.347084320721922E+00 
 0.493080538253576E+00  0.828950106795605E-01  0.345097907965695E+00 
 0.496974792147107E+00  0.549186304485060E-01  0.342597442006416E+00 
 0.499256270918323E+00  0.272612536162592E-01  0.339372834651783E+00 
 0.340814412118716E+00  0.365849062445394E+00  0.339267380897205E+00 
 0.357577787119109E+00  0.349482655018816E+00  0.337995968595487E+00 
 0.374396644379713E+00  0.331401799447756E+00  0.336736019616096E+00 
 0.391048516380123E+00  0.311578333388098E+00  0.334715393518613E+00 
 0.407167148226730E+00  0.290198058926852E+00  0.331868695957993E+00 
 0.422593627924860E+00  0.267235150452377E+00  0.329043698674349E+00 
 0.437141305330906E+00  0.242708630200066E+00  0.326815191379884E+00 
 0.450491998437433E+00  0.216926161040683E+00  0.325259726616859E+00 
 0.462382134518071E+00  0.190270233295996E+00  0.324050772413498E+00 
 0.472665478462209E+00  0.163056264737333E+00  0.322558701156041E+00 
 0.481279312101953E+00  0.135536798481706E+00  0.320631268008095E+00 
 0.488231540247861E+00  0.107842306666731E+00  0.318732041659726E+00 
 0.493525790094804E+00  0.802015867131077E-01  0.317379167348270E+00 
 0.465992709146991E+00  0.181247882806526E+00  0.263489872627974E-01 
 0.497200515745825E+00  0.528360401817299E-01  0.315014662398603E+00 
 0.499314601521720E+00  0.261711426423471E-01  0.311329473326120E+00 
 0.342086475971569E+00  0.364659900396730E+00  0.308871906769144E+00 
 0.360157511452885E+00  0.346823538624565E+00  0.308878697886304E+00 
 0.377358596896015E+00  0.328025135239163E+00  0.309654006591478E+00 
 0.393776506623955E+00  0.308123453880152E+00  0.307318438676801E+00 
 0.409455223147665E+00  0.286960659737699E+00  0.303176567925641E+00 
 0.424808714118311E+00  0.263699746699058E+00  0.299968633938352E+00 
 0.439394641941302E+00  0.238605005465677E+00  0.297911651663793E+00 
 0.452651515978483E+00  0.212383156305724E+00  0.296978937072363E+00 
 0.464266209997233E+00  0.185625661627927E+00  0.296520259254109E+00 
 0.474176015517063E+00  0.158609918694772E+00  0.294941448925977E+00 
 0.482422327464417E+00  0.131410418018568E+00  0.292354705340598E+00 
 0.489122316455630E+00  0.103727332680824E+00  0.290246807263174E+00 
 0.494124779194478E+00  0.764244894389797E-01  0.291020182016634E+00 
 0.497481643071424E+00  0.501200040598146E-01  0.288295738032307E+00 
 0.499361940989908E+00  0.252517700526377E-01  0.283044536738491E+00 
 0.343724515298142E+00  0.363116314124080E+00  0.241913410387161E+00 
 0.358207143507566E+00  0.348837558671869E+00  0.255951408261544E+00 
 0.377772722247259E+00  0.327548119099920E+00  0.253223065599552E+00 
 0.397790527934325E+00  0.302923580933758E+00  0.253438353316437E+00 
 0.344520447515706E+00  0.362361230326284E+00  0.275308550479537E+00 
 0.365807715426377E+00  0.340858790901063E+00  0.281795219004532E+00 
 0.381896566629162E+00  0.322730556961776E+00  0.286224667652583E+00 
 0.396018064762825E+00  0.305237108460794E+00  0.279635085824053E+00 
 0.411613188344073E+00  0.283856624339167E+00  0.273361939312758E+00 
 0.427412219374344E+00  0.259458657071792E+00  0.270738777640582E+00 
 0.442304680717300E+00  0.233166398555984E+00  0.268967651584766E+00 
 0.455498696319073E+00  0.206206056292305E+00  0.269432697515147E+00 
 0.466598419033892E+00  0.179682818753137E+00  0.270625772141001E+00 
 0.475804067103089E+00  0.153657052321586E+00  0.267915711685916E+00 
 0.483565261983429E+00  0.127140227319670E+00  0.263374201404096E+00 
 0.490433332050785E+00  0.973403657973673E-01  0.259795017609202E+00 
 0.495108050951569E+00  0.697711823243581E-01  0.268742090528464E+00 
 0.497603340826456E+00  0.488969855752803E-01  0.261119841062925E+00 
 0.499328449846781E+00  0.259055819006399E-01  0.253176048217646E+00 
 0.499523848673609E+00  0.218156963286862E-01  0.213451989404069E-01 
 0.499274052520527E+00  0.269336310164456E-01  0.448240798769197E-01 
 0.497916862353445E+00  0.455938393217820E-01  0.227395541611712E-01 
 0.499539261084417E+00  0.214598843248218E-01  0.888875043546894E-01 
 0.476517773987349E+00  0.151429227938801E+00  0.248842093217880E-01 
 0.481201369469765E+00  0.135813261577884E+00  0.489908782413692E-01 
 0.485609890155240E+00  0.119092546296636E+00  0.723051872720999E-01 
 0.489623063720449E+00  0.101337335039961E+00  0.948688037316251E-01 
 0.493095820610346E+00  0.828040560396012E-01  0.116590382978088E+00 
 0.495841046858931E+00  0.643557009894189E-01  0.137192449809560E+00 
 0.497621944503419E+00  0.487072925611389E-01  0.155863221888354E+00 
 0.499416501378096E+00  0.241486676912497E-01  0.165570750658475E+00 
 0.498699558057564E+00  0.360381852094440E-01  0.676890887896611E-01 
 0.497036205026043E+00  0.543600118957788E-01  0.456963797726399E-01 
 0.494926165786662E+00  0.710499149873798E-01  0.230734166319458E-01 
 0.499278304966394E+00  0.268546865534649E-01  0.112162457562400E+00 
 0.497828337430050E+00  0.465504720881722E-01  0.906936417700151E-01 
 0.495876220288741E+00  0.640841177839864E-01  0.688765959322634E-01 
 0.493342042455254E+00  0.813242223822533E-01  0.465728570004970E-01 
 0.490434485659055E+00  0.973345533525407E-01  0.236919443849161E-01 
 0.498713877529213E+00  0.358394804618778E-01  0.136374045181817E+00 
 0.496951094075218E+00  0.551326590819248E-01  0.114113913640480E+00 
 0.494525630484143E+00  0.737861829495271E-01  0.925146914882667E-01 
 0.491544570482255E+00  0.915638314478787E-01  0.704250687357384E-01 
 0.488113103706525E+00  0.108377110083188E+00  0.477077004819599E-01 
 0.484485836425197E+00  0.123585898481085E+00  0.242727129034351E-01 
 0.324000000813976E+00  0.345976878193024E+00  0.206782681811227E-01 
 0.324000000813976E+00  0.345976878193024E+00  0.517056085229343E-01 
 0.324000000813976E+00  0.345976878193024E+00  0.832485465072205E-01 
 0.324000000813976E+00  0.345976878193024E+00  0.115301721367450E+00 
 0.324000000813976E+00  0.345976878193024E+00  0.148209389768180E+00 
 0.324000000813976E+00  0.345976878193024E+00  0.180230193408874E+00 
 0.324000000813976E+00  0.345976878193024E+00  0.209392355927957E+00 
 0.324000000813976E+00  0.345976878193024E+00  0.240442762930553E+00 
 0.324000000813976E+00  0.345976878193024E+00  0.270389392734518E+00 
 0.324000000813976E+00  0.345976878193024E+00  0.294880062512648E+00 
 0.324000000813976E+00  0.345976878193024E+00  0.318877591031266E+00 
 0.324000000813976E+00  0.345976878193024E+00  0.362717439265910E+00 
 0.324000000813976E+00  0.345976878193024E+00  0.404585064199683E+00 
 0.324000000813976E+00  0.345976878193024E+00  0.431106024970838E+00 
 0.324000000813976E+00  0.345976878193024E+00  0.456223621597972E+00 
 0.324000000813976E+00  0.345976878193024E+00  0.487025387930524E+00 
 0.324000000813976E+00  0.345976878193024E+00  0.516329116880833E+00 
 0.324000000813976E+00  0.345976878193024E+00  0.545693962281427E+00 
 0.324000000813976E+00  0.345976878193024E+00  0.575426545422775E+00 
 0.324000000813976E+00  0.345976878193024E+00  0.605354518320580E+00 
 0.324000000813976E+00  0.345976878193024E+00  0.635335247356054E+00 
 0.324000000813976E+00  0.345976878193024E+00  0.665265758240234E+00 
 0.324000000813976E+00  0.345976878193024E+00  0.695081065995867E+00 
 0.324000000813976E+00  0.345976878193024E+00  0.724827571950903E+00 
 0.324000000813976E+00  0.345976878193024E+00  0.754939204165523E+00 
 0.324000000813976E+00  0.345976878193024E+00  0.786246529908243E+00 
 0.324000000813976E+00  0.345976878193024E+00  0.811701268308287E+00 
 0.324000000813976E+00  0.345976878193024E+00  0.841548321568402E+00 
 0.324000000813976E+00  0.345976878193024E+00  0.881446804424478E+00 
 0.324000000813976E+00  0.345976878193024E+00  0.913823125267912E+00 
 0.324000000813976E+00  0.345976878193024E+00  0.942306978748436E+00 
 0.324000000813976E+00  0.345976878193024E+00  0.963726729824192E+00 
 0.324000000813976E+00  0.345976878193024E+00  0.982893942048813E+00 
 0.324000000813976E+00  0.357432894539666E+00  0.899921604355777E+00 
 0.324000000813976E+00  0.369201687295360E+00  0.886760697034764E+00 
 0.324000000813976E+00  0.363647568997156E+00  0.835892225777660E+00 
 0.324000000813976E+00  0.357463984157003E+00  0.715457721807492E+00 
 0.324000000813976E+00  0.369294250622026E+00  0.707074463602949E+00 
 0.324000000813976E+00  0.357518985536429E+00  0.656218977680748E+00 
 0.324000000813976E+00  0.369316177319313E+00  0.647921626403364E+00 
 0.324000000813976E+00  0.357524631466385E+00  0.596477005350819E+00 
 0.324000000813976E+00  0.369315601058639E+00  0.588354518953554E+00 
 0.324000000813976E+00  0.357521850214649E+00  0.508639189951730E+00 
 0.324000000813976E+00  0.369310067559376E+00  0.502127735195762E+00 
 0.324000000813976E+00  0.363464478588567E+00  0.456853598430218E+00 
 0.324000000813976E+00  0.362240860336936E+00  0.369406092581151E+00 
 0.324000000813976E+00  0.357533828109473E+00  0.198163402652297E+00 
 0.324000000813976E+00  0.369439379281356E+00  0.186131013372374E+00 
 0.324000000813976E+00  0.357449424957812E+00  0.134264545590288E+00 
 0.324000000813976E+00  0.369413013281956E+00  0.120372650484088E+00 
 0.324000000813976E+00  0.357413588499797E+00  0.696882296411969E-01 
 0.324000000813976E+00  0.369161759099193E+00  0.566537161850185E-01 
 0.324000000813976E+00  0.366981329021037E+00  0.980264850053990E+00 
 0.324000000813976E+00  0.357341795599924E+00  0.964672038982101E+00 
 0.324000000813976E+00  0.368953763258103E+00  0.954546633594674E+00 
 0.324000000813976E+00  0.357584298163563E+00  0.931621442349238E+00 
 0.324000000813976E+00  0.369427664109244E+00  0.918015114850124E+00 
 0.324000000813976E+00  0.357376829266910E+00  0.867391797969423E+00 
 0.324000000813976E+00  0.368665551657058E+00  0.283261580057318E-01 
 0.324000000813976E+00  0.357365378364621E+00  0.394850553839892E-01 
 0.324000000813976E+00  0.370145000737590E+00  0.859786181034207E+00 
 0.324000000813976E+00  0.357342747920166E+00  0.808542583947451E+00 
 0.324000000813976E+00  0.369078838544350E+00  0.800692830949897E+00 
 0.324000000813976E+00  0.357555536123360E+00  0.776010864422163E+00 
 0.324000000813976E+00  0.369324394799817E+00  0.764289404212424E+00 
 0.324000000813976E+00  0.357420423499056E+00  0.744890883797522E+00 
 0.324000000813976E+00  0.369200623932044E+00  0.735705771154496E+00 
 0.324000000813976E+00  0.357510760541846E+00  0.685967778995996E+00 
 0.324000000813976E+00  0.369313148361457E+00  0.677642544348905E+00 
 0.324000000813976E+00  0.357521810785029E+00  0.626348652195249E+00 
 0.324000000813976E+00  0.369316618087076E+00  0.618113162115430E+00 
 0.324000000813976E+00  0.357528997353041E+00  0.566744628709342E+00 
 0.324000000813976E+00  0.369312452111014E+00  0.558817016359937E+00 
 0.324000000813976E+00  0.357531898106633E+00  0.537361753061199E+00 
 0.324000000813976E+00  0.369298059745697E+00  0.529802379737526E+00 
 0.324000000813976E+00  0.358071810955460E+00  0.481196721735679E+00 
 0.324000000813976E+00  0.370666402368269E+00  0.478976544149016E+00 
 0.324000000813976E+00  0.357041475595479E+00  0.430106277673751E+00 
 0.324000000813976E+00  0.368741164639746E+00  0.427533074344159E+00 
 0.324000000813976E+00  0.358081929137919E+00  0.398497247109456E+00 
 0.324000000813976E+00  0.370501664328723E+00  0.395223180199790E+00 
 0.324000000813976E+00  0.357262180332544E+00  0.334249809693607E+00 
 0.324000000813976E+00  0.369580525126210E+00  0.347297009494862E+00 
 0.324000000813976E+00  0.356816312078617E+00  0.298082199631605E+00 
 0.324000000813976E+00  0.369036899695753E+00  0.306281892548961E+00 
 0.324000000813976E+00  0.369478979580213E+00  0.867766808220629E-01 
 0.324000000813976E+00  0.357511891432214E+00  0.101355679871615E+00 
 0.324000000813976E+00  0.358106264489617E+00  0.263335678565601E+00 
 0.324000000813976E+00  0.369777141697107E+00  0.252119342901774E+00 
 0.324000000813976E+00  0.357581233000703E+00  0.229686409200150E+00 
 0.324000000813976E+00  0.369389710258999E+00  0.218103837278956E+00 
 0.324000000813976E+00  0.357479403603858E+00  0.166862781315838E+00 
 0.324000000813976E+00  0.369420665840084E+00  0.153504581610738E+00 
 0.474000000813995E+00  0.693889390390723E-17  0.185069050326443E-01 
 0.474000000813995E+00  0.693889390390723E-17  0.464265349417999E-01 
 0.474000000813995E+00  0.693889390390723E-17  0.775013014325437E-01 
 0.474000000813995E+00  0.693889390390723E-17  0.109140064925541E+00 
 0.474000000813995E+00  0.693889390390723E-17  0.136978811768554E+00 
 0.474000000813995E+00  0.693889390390723E-17  0.167872053639362E+00 
 0.474000000813995E+00  0.693889390390723E-17  0.196033175592134E+00 
 0.474000000813995E+00  0.693889390390723E-17  0.228063610508330E+00 
 0.474000000813995E+00  0.693889390390723E-17  0.256451166690556E+00 
 0.474000000813995E+00  0.693889390390723E-17  0.288383491930978E+00 
 0.474000000813995E+00  0.693889390390723E-17  0.317425163310291E+00 
 0.474000000813995E+00  0.693889390390723E-17  0.345698185564951E+00 
 0.474000000813995E+00  0.693889390390723E-17  0.373019763424726E+00 
 0.474000000813995E+00  0.693889390390723E-17  0.399254950364344E+00 
 0.474000000813995E+00  0.693889390390723E-17  0.426046765411473E+00 
 0.474000000813995E+00  0.693889390390723E-17  0.456972950328936E+00 
 0.474000000813995E+00  0.693889390390723E-17  0.487412830595950E+00 
 0.474000000813995E+00  0.693889390390723E-17  0.521892071855021E+00 
 0.474000000813995E+00  0.693889390390723E-17  0.553041139094918E+00 
 0.474000000813995E+00  0.693889390390723E-17  0.582698977924263E+00 
 0.474000000813995E+00  0.693889390390723E-17  0.615253754138077E+00 
 0.474000000813995E+00  0.693889390390723E-17  0.643881857007723E+00 
 0.474000000813995E+00  0.693889390390723E-17  0.675669563665195E+00 
 0.474000000813995E+00  0.693889390390723E-17  0.704760203351455E+00 
 0.474000000813995E+00  0.693889390390723E-17  0.738853352627622E+00 
 0.474000000813995E+00  0.693889390390723E-17  0.770824008032183E+00 
 0.474000000813995E+00  0.693889390390723E-17  0.805543700797549E+00 
 0.474000000813995E+00  0.693889390390723E-17  0.837648582471957E+00 
 0.474000000813995E+00  0.693889390390723E-17  0.864782716994692E+00 
 0.474000000813995E+00  0.693889390390723E-17  0.896388899147678E+00 
 0.474000000813995E+00  0.693889390390723E-17  0.929418790805163E+00 
 0.474000000813995E+00  0.693889390390723E-17  0.957464711283006E+00 
 0.474000000813995E+00  0.693889390390723E-17  0.983079096611907E+00 
 0.443063686124857E+00  0.168435657772042E+00  0.929133790182988E+00 
 0.416779423105290E+00  0.225767387475848E+00  0.899679238869787E+00 
 0.419151581410716E+00  0.221332222174142E+00  0.930031477667130E+00 
 0.437341284607241E+00  0.182780200103117E+00  0.108671061894109E+00 
 0.431129540362329E+00  0.196985583732959E+00  0.824148050340718E-01 
 0.443842923775709E+00  0.166371451234508E+00  0.802933000464464E-01 
 0.470455946830550E+00  0.578550158881761E-01  0.826244840637482E+00 
 0.383575256374920E+00  0.278470866462823E+00  0.881103879382671E+00 
 0.453246510900308E+00  0.138721307405685E+00  0.155653120959695E+00 
 0.466630433866542E+00  0.832588671624611E-01  0.818511729969956E+00 
 0.465943015307529E+00  0.870236017283848E-01  0.847920544704309E+00 
 0.460617548368225E+00  0.111836822678826E+00  0.824519914201865E+00 
 0.462814431444856E+00  0.102366023748244E+00  0.875474187828984E+00 
 0.455993457443208E+00  0.129406211368064E+00  0.858846005113344E+00 
 0.450910213719645E+00  0.146136853445494E+00  0.827148542946875E+00 
 0.457302684561951E+00  0.124700663446833E+00  0.894006090939163E+00 
 0.452180161354125E+00  0.142158722734143E+00  0.917211282246019E+00 
 0.445403875815255E+00  0.162146193851088E+00  0.891992412897561E+00 
 0.443360382771393E+00  0.167653129289166E+00  0.857032235088001E+00 
 0.439504689916864E+00  0.177515149530195E+00  0.827804247816056E+00 
 0.442521572319747E+00  0.169854816838689E+00  0.961548245319988E+00 
 0.432638961752538E+00  0.193647952597837E+00  0.849065863425041E+00 
 0.472516959984865E+00  0.374662954974721E-01  0.199888735114753E-01 
 0.473381434905613E+00  0.242078057316652E-01  0.380247755714154E-01 
 0.429325421536761E+00  0.200887239997792E+00  0.876853319862148E+00 
 0.431451241521000E+00  0.196279970862123E+00  0.911592484869971E+00 
 0.431570942324982E+00  0.196016638355970E+00  0.944560738617848E+00 
 0.428574702844480E+00  0.202483887885960E+00  0.829170177285459E+00 
 0.406986208006827E+00  0.242977832865202E+00  0.918447890953577E+00 
 0.420217184840913E+00  0.219302344574851E+00  0.847550880636917E+00 
 0.410909279306783E+00  0.236282807142685E+00  0.871185001718656E+00 
 0.398486188291762E+00  0.256680265140012E+00  0.895357210709419E+00 
 0.402400559223349E+00  0.250499083248585E+00  0.840175932746002E+00 
 0.395396128364837E+00  0.261415191688894E+00  0.867183142514844E+00 
 0.378323927380879E+00  0.285564365323735E+00  0.852410665013423E+00 
 0.435733709112153E+00  0.186580104820993E+00  0.784550131355038E+00 
 0.424759020873429E+00  0.210370565807802E+00  0.788501845976430E+00 
 0.411226224776535E+00  0.235730763430840E+00  0.788500662680924E+00 
 0.401887812130183E+00  0.251320884991400E+00  0.737377410935605E+00 
 0.400071462426373E+00  0.254202332254580E+00  0.681358769456764E+00 
 0.400491391873216E+00  0.253540225224913E+00  0.619633363752049E+00 
 0.396817913506572E+00  0.259251893516585E+00  0.525594441546799E+00 
 0.446154338177292E+00  0.160069695124431E+00  0.473852645606486E+00 
 0.433565865981782E+00  0.191563672514166E+00  0.474920481288184E+00 
 0.421395493538526E+00  0.217029580465592E+00  0.477200664429947E+00 
 0.433886715221989E+00  0.190835843398246E+00  0.365600649628653E+00 
 0.422218786751709E+00  0.215423529089938E+00  0.368657943720561E+00 
 0.407406291058322E+00  0.242272810644835E+00  0.370148817342593E+00 
 0.394988152746062E+00  0.262031219441304E+00  0.290287327076417E+00 
 0.468776078232049E+00  0.701782676405753E-01  0.225213284728887E-01 
 0.471109327759751E+00  0.522685571773738E-01  0.431876281237789E-01 
 0.473018499016967E+00  0.304877083326291E-01  0.610330435761469E-01 
 0.392813054742973E+00  0.265280803668749E+00  0.233391675034181E+00 
 0.360663424725553E+00  0.307567707727706E+00  0.164675359116911E+00 
 0.376458441876301E+00  0.288019170042043E+00  0.177870833518022E+00 
 0.377668561261909E+00  0.286430547613204E+00  0.146560683695077E+00 
 0.406148605469933E+00  0.244375348688192E+00  0.182945470345705E+00 
 0.396069149159040E+00  0.260394373702808E+00  0.159697114125174E+00 
 0.393222545816118E+00  0.264673440740726E+00  0.125372316765541E+00 
 0.418997602728460E+00  0.221623576542415E+00  0.185312300914597E+00 
 0.415819791399458E+00  0.227530002092382E+00  0.159368559409908E+00 
 0.410817371532555E+00  0.236442568119046E+00  0.131346965491942E+00 
 0.406245862331191E+00  0.244213636209023E+00  0.102101369677289E+00 
 0.431985014665449E+00  0.195102403563204E+00  0.168753194270364E+00 
 0.427775342831309E+00  0.204167227627758E+00  0.135940604267920E+00 
 0.422292167903411E+00  0.215279645343181E+00  0.107105821775004E+00 
 0.417068165011886E+00  0.225233537700909E+00  0.798167210413787E-01 
 0.471831239490577E+00  0.452910831448288E-01  0.148967051007294E+00 
 0.468749366012076E+00  0.703564683233183E-01  0.134585055360566E+00 
 0.459126518940516E+00  0.117808490259456E+00  0.128949758219023E+00 
 0.459565833898585E+00  0.116082923312375E+00  0.978868238136161E-01 
 0.444952567431240E+00  0.163380578735643E+00  0.167462765554816E+00 
 0.444158175044970E+00  0.165527992534096E+00  0.137157694547805E+00 
 0.450491302744700E+00  0.147423155993312E+00  0.105661939716936E+00 
 0.454660081006536E+00  0.134015713671109E+00  0.763801354190499E-01 
 0.425487483978936E+00  0.208893278371811E+00  0.595914175353197E-01 
 0.437071651859164E+00  0.183424022180162E+00  0.550806569023352E-01 
 0.448876781213108E+00  0.152268302871624E+00  0.523396963294132E-01 
 0.473511202850491E+00  0.215207236569897E-01  0.149748274410214E+00 
 0.473525146905187E+00  0.212116953603340E-01  0.212166261338095E+00 
 0.473563786110426E+00  0.203307957639968E-01  0.273517209224567E+00 
 0.473535937047184E+00  0.209694324311533E-01  0.367202058292655E+00 
 0.473484219042491E+00  0.221064490445868E-01  0.391005587356490E+00 
 0.473535261644618E+00  0.209846789539862E-01  0.438710510354793E+00 
 0.473485630091516E+00  0.220762059348763E-01  0.415615586957117E+00 
 0.473449462709096E+00  0.228387178297444E-01  0.506758239409214E+00 
 0.462444072905338E+00  0.104026343809503E+00  0.242405816165970E-01 
 0.466254355021826E+00  0.853397749870147E-01  0.471870384211743E-01 
 0.469448771794156E+00  0.655274860849303E-01  0.686563983337811E-01 
 0.472041062072701E+00  0.430492333139806E-01  0.854537202365449E-01 
 0.473349923758191E+00  0.248163343335406E-01  0.101935801042104E+00 
 0.473637159990960E+00  0.185429622050299E-01  0.601146138311311E+00 
 0.473747990842154E+00  0.154545121133909E-01  0.660509957719659E+00 
 0.473613736812339E+00  0.191318863234105E-01  0.722305309666924E+00 
 0.473679844731379E+00  0.174185380240837E-01  0.788155383525654E+00 
 0.473412161479258E+00  0.235992825140052E-01  0.933482580362428E+00 
 0.469756414640377E+00  0.632843714977837E-01  0.979437338477870E+00 
 0.472775130884150E+00  0.340540216291115E-01  0.967457349225320E+00 
 0.472544719893694E+00  0.371145318202004E-01  0.910542296763957E+00 
 0.471036198630207E+00  0.529235330609497E-01  0.933491739409818E+00 
 0.468531021292433E+00  0.717961200784770E-01  0.954821152864253E+00 
 0.465288096591226E+00  0.904598692358484E-01  0.976492998755385E+00 
 0.473410320613478E+00  0.236361821850167E-01  0.861926290958618E+00 
 0.472044524397165E+00  0.430112515314171E-01  0.883893279589683E+00 
 0.469589141515221E+00  0.645138662819827E-01  0.905867517153321E+00 
 0.466544796591113E+00  0.837374082797552E-01  0.928277512542115E+00 
 0.462603213832465E+00  0.103316345868043E+00  0.950770964618846E+00 
 0.458544584278739E+00  0.120053592200676E+00  0.974998923339498E+00 
 0.473134572550067E+00  0.286300022617008E-01  0.832223616719685E+00 
 0.471076126821312E+00  0.525669431361595E-01  0.855118204960013E+00 
 0.468197969497208E+00  0.739368793657469E-01  0.878079664109536E+00 
 0.464557974724365E+00  0.941376061499779E-01  0.901194508139812E+00 
 0.459968076189879E+00  0.114478686478448E+00  0.923316344472421E+00 
 0.453422239705310E+00  0.138145840734590E+00  0.947590220711027E+00 
 0.450662565866631E+00  0.146898783174503E+00  0.976436446067859E+00 
 0.341987910414685E+00  0.328207662771362E+00  0.977802573129648E+00 
 0.359792480573390E+00  0.308586084738905E+00  0.972183349613887E+00 
 0.342722896300795E+00  0.327440096999187E+00  0.953775137102393E+00 
 0.389342754624575E+00  0.270348331219171E+00  0.977919849336719E+00 
 0.375871528382826E+00  0.288784686094672E+00  0.963150882888405E+00 
 0.360492461354845E+00  0.307768071894998E+00  0.943995462647726E+00 
 0.343357346298428E+00  0.326774744303387E+00  0.926953400676728E+00 
 0.403988854643930E+00  0.247929437734068E+00  0.972597632655074E+00 
 0.391259648343016E+00  0.267566605446461E+00  0.952459844721340E+00 
 0.377413219167446E+00  0.286766913658646E+00  0.934297921963899E+00 
 0.362299686325025E+00  0.305638574235040E+00  0.915052629307873E+00 
 0.453496042132683E+00  0.137903373931306E+00  0.255987379713272E-01 
 0.458783491971715E+00  0.119137350423315E+00  0.499171825917695E-01 
 0.463326918485015E+00  0.100020834723730E+00  0.734885922830928E-01 
 0.467225231763687E+00  0.798535132290495E-01  0.100113098518063E+00 
 0.471347945611519E+00  0.500710988440236E-01  0.110189197321675E+00 
 0.473088305148043E+00  0.293846269976678E-01  0.126982605104176E+00 
 0.345022084978680E+00  0.325016555960779E+00  0.896238050579404E+00 
 0.472694204361927E+00  0.351594928047358E-01  0.804772771036012E+00 
 0.469729388102147E+00  0.634846652730776E-01  0.796347764736366E+00 
 0.464449425439658E+00  0.946717063352301E-01  0.795527835489751E+00 
 0.456700871056188E+00  0.126887017256166E+00  0.796784895143308E+00 
 0.445244681306413E+00  0.162582823631515E+00  0.796365604518277E+00 
 0.432437019443750E+00  0.194098493003561E+00  0.807256206663616E+00 
 0.417881117123611E+00  0.223721641159659E+00  0.815775708635480E+00 
 0.402627910816073E+00  0.250133496764288E+00  0.810754332298692E+00 
 0.385775011539758E+00  0.275415397614478E+00  0.818356094425637E+00 
 0.363266953950342E+00  0.304488293599737E+00  0.825815578495181E+00 
 0.347408490628435E+00  0.322464480851635E+00  0.803692668309912E+00 
 0.431475562731170E+00  0.196226500599353E+00  0.975071898281946E+00 
 0.418729063636868E+00  0.222130529278260E+00  0.961192379373808E+00 
 0.405907577029652E+00  0.244775488318507E+00  0.943852854991143E+00 
 0.393370214299391E+00  0.264453918998555E+00  0.924998863273289E+00 
 0.380315375179551E+00  0.282906726985553E+00  0.906318280650710E+00 
 0.366116504274422E+00  0.301055984942198E+00  0.884369903325945E+00 
 0.349141944827666E+00  0.320586810604548E+00  0.859121524241789E+00 
 0.342050870714312E+00  0.328142046399457E+00  0.828802551271856E+00 
 0.394613253491739E+00  0.262595470144303E+00  0.788307069676613E+00 
 0.372494434509897E+00  0.293127782768525E+00  0.791060080629704E+00 
 0.353657694094317E+00  0.315598219544298E+00  0.777897732903857E+00 
 0.452877446740497E+00  0.139921474425674E+00  0.730525877399712E+00 
 0.440883556547916E+00  0.174062317396117E+00  0.729643942594694E+00 
 0.430278175701600E+00  0.198838357181282E+00  0.743698020569340E+00 
 0.416984064336420E+00  0.225389198634560E+00  0.740141034722449E+00 
 0.472415377466447E+00  0.387261139914366E-01  0.740971934678734E+00 
 0.469345942779851E+00  0.662599937197814E-01  0.731963040800952E+00 
 0.463077070674905E+00  0.101171277479331E+00  0.740638496471641E+00 
 0.472737709535542E+00  0.345696218482556E-01  0.771190720942927E+00 
 0.468434403095018E+00  0.724238273544500E-01  0.764597355245747E+00 
 0.461820630997166E+00  0.106760037265964E+00  0.772018872282341E+00 
 0.454043502131006E+00  0.136090039842222E+00  0.765160581034743E+00 
 0.442044673310303E+00  0.171092102592824E+00  0.760100806794038E+00 
 0.430667403785604E+00  0.197993909219994E+00  0.767542205333659E+00 
 0.419895741250406E+00  0.219917182710720E+00  0.764916425425155E+00 
 0.405767586894362E+00  0.245007481921620E+00  0.763292532628649E+00 
 0.388740579482562E+00  0.271213500097624E+00  0.761435206174673E+00 
 0.369671572616206E+00  0.296679842879661E+00  0.757773359934161E+00 
 0.348587316519458E+00  0.321189793632059E+00  0.753618484220649E+00 
 0.385383863773881E+00  0.275962458161172E+00  0.733067145617666E+00 
 0.366827993747655E+00  0.300188646978379E+00  0.728899188543170E+00 
 0.346315811804654E+00  0.323637697534952E+00  0.725814003403407E+00 
 0.453362573330926E+00  0.138341526211066E+00  0.670113085884321E+00 
 0.441289190082630E+00  0.173031359839374E+00  0.680868270499714E+00 
 0.429976578790562E+00  0.199489705155959E+00  0.671651191948135E+00 
 0.415325044258067E+00  0.228431846255470E+00  0.690737000733472E+00 
 0.473028032976576E+00  0.303394263286491E-01  0.675132411716503E+00 
 0.470442167067606E+00  0.579669579707683E-01  0.676792726573101E+00 
 0.463810851327940E+00  0.977522120573404E-01  0.679366230282160E+00 
 0.472529636056718E+00  0.373060828786415E-01  0.704214651482302E+00 
 0.467440919421153E+00  0.785810894704347E-01  0.706830141389447E+00 
 0.426791237562146E+00  0.206216488942616E+00  0.305206620600111E-01 
 0.413436709819976E+00  0.231832024847476E+00  0.519952846130681E-01 
 0.401950076256425E+00  0.251221290835588E+00  0.732340257351027E-01 
 0.389582709651899E+00  0.270002431677802E+00  0.948077922468499E-01 
 0.375802711005861E+00  0.288874234178622E+00  0.116060151363935E+00 
 0.360524052191544E+00  0.307731065320075E+00  0.135167053466691E+00 
 0.345561955449095E+00  0.324442499863750E+00  0.152175370215996E+00 
 0.334177020829426E+00  0.336157283903255E+00  0.165673314076958E+00 
 0.461309786517306E+00  0.108946232771065E+00  0.712111393541976E+00 
 0.455838879284084E+00  0.129949670660132E+00  0.698355194308938E+00 
 0.446552462627455E+00  0.158955650711137E+00  0.703493862046507E+00 
 0.429854719623939E+00  0.199752148395637E+00  0.709525840396771E+00 
 0.412999013532145E+00  0.232610867315186E+00  0.717283738727784E+00 
 0.399882087178460E+00  0.254500131877065E+00  0.709980773427153E+00 
 0.383628121109169E+00  0.278398034234960E+00  0.704285179450737E+00 
 0.365269623460507E+00  0.302082940512468E+00  0.699790310170942E+00 
 0.345297651028568E+00  0.324723779489269E+00  0.696670225068953E+00 
 0.383090670587651E+00  0.279137132750813E+00  0.674884650651937E+00 
 0.364582887314511E+00  0.302911404620318E+00  0.670180280972787E+00 
 0.344843350711790E+00  0.325206187274331E+00  0.666984903539886E+00 
 0.456671664631300E+00  0.126992092251937E+00  0.607301672058082E+00 
 0.446366573408107E+00  0.159476904019205E+00  0.614975442150965E+00 
 0.432638679858306E+00  0.193648582391170E+00  0.606075903265418E+00 
 0.417161970729584E+00  0.225059749730284E+00  0.627284794136845E+00 
 0.472493781743625E+00  0.377574758855853E-01  0.620106383228103E+00 
 0.468917769051297E+00  0.692251878986793E-01  0.616635733560326E+00 
 0.463169342012612E+00  0.100748009366217E+00  0.613778425477325E+00 
 0.472919895187780E+00  0.319808303084832E-01  0.646907226081688E+00 
 0.469460853387140E+00  0.654408733794924E-01  0.647165474907433E+00 
 0.463330915185767E+00  0.100002318996967E+00  0.644609578165888E+00 
 0.455232049535032E+00  0.132059766196145E+00  0.634974469040981E+00 
 0.443614623833541E+00  0.166979239106757E+00  0.651095160344212E+00 
 0.431496939739500E+00  0.196179488650302E+00  0.638716621420481E+00 
 0.416208958642161E+00  0.226817335134808E+00  0.659887194906919E+00 
 0.400371660197960E+00  0.253729254288846E+00  0.651054355291100E+00 
 0.382888189335133E+00  0.279414808554065E+00  0.644747483779452E+00 
 0.364212720834875E+00  0.303356382417936E+00  0.640157899634469E+00 
 0.344584694130718E+00  0.325480244166188E+00  0.637028149012979E+00 
 0.382512516396001E+00  0.279928875916794E+00  0.614141368122190E+00 
 0.442050939513304E+00  0.171075911942774E+00  0.270792833148726E-01 
 0.363789006103389E+00  0.303864377329670E+00  0.609882980221384E+00 
 0.344317866934142E+00  0.325762501343485E+00  0.606942880303914E+00 
 0.472611381461795E+00  0.362557979420690E-01  0.586015854415371E+00 
 0.468352827208632E+00  0.729495032014245E-01  0.585548639960458E+00 
 0.462053681968071E+00  0.105746847477355E+00  0.586024150581847E+00 
 0.453985749039299E+00  0.136282575705307E+00  0.584696355060585E+00 
 0.444107173148433E+00  0.165664780595494E+00  0.583325108895567E+00 
 0.433402156482396E+00  0.191933768597547E+00  0.577081560045680E+00 
 0.418510255523517E+00  0.222542505587784E+00  0.591081724208523E+00 
 0.399453455516101E+00  0.255172368503902E+00  0.588311286129864E+00 
 0.381634950802705E+00  0.281124109776194E+00  0.583387151863401E+00 
 0.363130915215486E+00  0.304650519754033E+00  0.579494479805099E+00 
 0.343941778666040E+00  0.326159552458123E+00  0.576842940985472E+00 
 0.450821057608077E+00  0.146411662065493E+00  0.530735669166797E+00 
 0.440275317169160E+00  0.175595119132742E+00  0.527380942898477E+00 
 0.429529645887852E+00  0.200450203479829E+00  0.522705887517546E+00 
 0.414809915243836E+00  0.229365941209783E+00  0.530972806004288E+00 
 0.471907981845517E+00  0.444843505306829E-01  0.527077868525966E+00 
 0.467898801473475E+00  0.758070732276290E-01  0.521640602953903E+00 
 0.460741183286353E+00  0.111326379603133E+00  0.533693814511050E+00 
 0.472283065349570E+00  0.403076538098797E-01  0.555710637095508E+00 
 0.466960851917149E+00  0.813852784504918E-01  0.554309275549840E+00 
 0.410402179232886E+00  0.237162501362558E+00  0.248160844351167E-01 
 0.398224390362358E+00  0.257086241740340E+00  0.453081120020150E-01 
 0.385177055116069E+00  0.276251039787644E+00  0.648672035793032E-01 
 0.372709899738334E+00  0.292853771375205E+00  0.870546151959182E-01 
 0.358608344971365E+00  0.309961377736869E+00  0.106940098787741E+00 
 0.342563749584804E+00  0.327606590657212E+00  0.125140566121302E+00 
 0.459690616030564E+00  0.115587794792917E+00  0.563116206260241E+00 
 0.452179729838686E+00  0.142160095296320E+00  0.558125708029041E+00 
 0.441982174810307E+00  0.171253490246469E+00  0.554778995039334E+00 
 0.427903707829717E+00  0.203898056874577E+00  0.552101311469544E+00 
 0.412260740315792E+00  0.233916828736034E+00  0.564130963838938E+00 
 0.397640149992226E+00  0.257988976287368E+00  0.557220114975356E+00 
 0.380447218699467E+00  0.282729401646663E+00  0.552479950661591E+00 
 0.362218077703715E+00  0.305735285755938E+00  0.549086698989110E+00 
 0.343397375123064E+00  0.326732679005685E+00  0.546855620870472E+00 
 0.379082585481774E+00  0.284556486758067E+00  0.521379345018156E+00 
 0.360910872450349E+00  0.307277306221543E+00  0.518863948123221E+00 
 0.342537453523330E+00  0.327634085078758E+00  0.517116015375721E+00 
 0.471984088821050E+00  0.436694478028832E-01  0.457416047012720E+00 
 0.468049587278070E+00  0.748704522524177E-01  0.470483842933222E+00 
 0.459402334874135E+00  0.116728297699580E+00  0.472732250770419E+00 
 0.471770051831641E+00  0.459240565109103E-01  0.490122208540529E+00 
 0.464829276126974E+00  0.927887106652844E-01  0.499295574054616E+00 
 0.457514536110123E+00  0.123921144360383E+00  0.507849682912366E+00 
 0.448851273293195E+00  0.152343477821411E+00  0.502208970182935E+00 
 0.437679748408100E+00  0.181968235154021E+00  0.500278430032536E+00 
 0.425019943037235E+00  0.209842914562952E+00  0.500474806709827E+00 
 0.410742343032110E+00  0.236572881818986E+00  0.498889315988347E+00 
 0.394615409672801E+00  0.262592229931525E+00  0.493521698597234E+00 
 0.376810352455502E+00  0.287558618465871E+00  0.489873655669354E+00 
 0.358653981281390E+00  0.309908571166801E+00  0.489486536699515E+00 
 0.341020535178868E+00  0.329212690153283E+00  0.487617127711809E+00 
 0.472096723192261E+00  0.424344756392062E-01  0.431354587176321E+00 
 0.467995721329904E+00  0.752064198626395E-01  0.435509281542691E+00 
 0.460959877957077E+00  0.110417352284168E+00  0.440017275661827E+00 
 0.452699415288416E+00  0.140496406250024E+00  0.440776585020367E+00 
 0.440876142662085E+00  0.174081094904207E+00  0.449744550513444E+00 
 0.427228883378851E+00  0.205308260862802E+00  0.448513740253929E+00 
 0.409626723263549E+00  0.238499367630220E+00  0.465871688891625E+00 
 0.392530395572676E+00  0.265698869631019E+00  0.460735943629866E+00 
 0.372734509066605E+00  0.292822448802199E+00  0.456760229530202E+00 
 0.354163971177434E+00  0.315029970465462E+00  0.464133737258874E+00 
 0.339521906328819E+00  0.330758032244854E+00  0.453340789532703E+00 
 0.471709083324096E+00  0.465461220853859E-01  0.407313300042031E+00 
 0.468548081715244E+00  0.716846977577362E-01  0.396241474882243E+00 
 0.461543189617968E+00  0.107953160624980E+00  0.410279119996688E+00 
 0.453491905610419E+00  0.137916976175801E+00  0.411664825583051E+00 
 0.441914055079670E+00  0.171429194405996E+00  0.414955147502197E+00 
 0.428120884706833E+00  0.203441659572191E+00  0.420815647210983E+00 
 0.412180779543733E+00  0.234057697473013E+00  0.425748468409218E+00 
 0.390109004885452E+00  0.269241462406748E+00  0.429290774740611E+00 
 0.373734148383197E+00  0.291545514635238E+00  0.425076501232007E+00 
 0.357654366614324E+00  0.311061657575064E+00  0.436475074903267E+00 
 0.342845986480011E+00  0.327311213260699E+00  0.421427988080622E+00 
 0.472000998277253E+00  0.434863012559305E-01  0.380363886277706E+00 
 0.469815616787631E+00  0.628433528235863E-01  0.368640922887783E+00 
 0.465090301836317E+00  0.914713720759480E-01  0.373565489028335E+00 
 0.455453638979330E+00  0.131293501408612E+00  0.380155726570059E+00 
 0.443775825508780E+00  0.166550345138179E+00  0.375583560868669E+00 
 0.396009626745313E+00  0.260484886887286E+00  0.204133829364551E-01 
 0.380098800443274E+00  0.283197638890624E+00  0.314883845208874E-01 
 0.366840954384583E+00  0.300172808491788E+00  0.583595184876365E-01 
 0.356864171662371E+00  0.311967888981174E+00  0.812189670581446E-01 
 0.341491246975138E+00  0.328724396738374E+00  0.954445684767730E-01 
 0.429106522365010E+00  0.201354397109810E+00  0.393662105611141E+00 
 0.414615464708182E+00  0.229717254894939E+00  0.392147139811860E+00 
 0.399820603394205E+00  0.254596712219814E+00  0.399362433985295E+00 
 0.383527171083586E+00  0.278537088755273E+00  0.404268232351198E+00 
 0.364116114193955E+00  0.303472331779908E+00  0.398712185899141E+00 
 0.345372328954597E+00  0.324644351813056E+00  0.397038722523089E+00 
 0.388239343999800E+00  0.271930528889727E+00  0.373582160123710E+00 
 0.370498624760730E+00  0.295646359392514E+00  0.363821323136666E+00 
 0.347973177524085E+00  0.321855042675166E+00  0.367355632533601E+00 
 0.472660230241819E+00  0.356133053702236E-01  0.348487975029346E+00 
 0.469064130104281E+00  0.682264070662314E-01  0.344121936997765E+00 
 0.462862760726117E+00  0.102147273603598E+00  0.344858307150790E+00 
 0.453305504628008E+00  0.138528409525242E+00  0.344607230549824E+00 
 0.441698721422098E+00  0.171983255771397E+00  0.343114933383758E+00 
 0.429558067047401E+00  0.200389290647351E+00  0.344256308493918E+00 
 0.416563612411704E+00  0.226165332414496E+00  0.345565617470362E+00 
 0.401634815008742E+00  0.251725001031958E+00  0.344393500753393E+00 
 0.384595973866870E+00  0.277059447875425E+00  0.341402176839877E+00 
 0.365737086739804E+00  0.301516805758353E+00  0.336595731592820E+00 
 0.345093099079662E+00  0.324941154271410E+00  0.331856974965030E+00 
 0.452027053538364E+00  0.142644816383459E+00  0.276544006502302E+00 
 0.440080866383098E+00  0.176081889514931E+00  0.283503041122521E+00 
 0.424860840952564E+00  0.210164855760255E+00  0.299021753675835E+00 
 0.410485990360977E+00  0.237017409674934E+00  0.294397923237808E+00 
 0.472121354957056E+00  0.421595418044098E-01  0.291396830280217E+00 
 0.467639875086469E+00  0.773882936933294E-01  0.285307140866868E+00 
 0.460308026443682E+00  0.113104029827288E+00  0.283649864860977E+00 
 0.472503745723909E+00  0.376325796155178E-01  0.318634810621547E+00 
 0.468313580629121E+00  0.732010312084794E-01  0.315868791435386E+00 
 0.461265007818245E+00  0.109135664812581E+00  0.314180293559924E+00 
 0.450127286133273E+00  0.148530895944043E+00  0.309700000734432E+00 
 0.435744533815529E+00  0.186554823099095E+00  0.317096531604656E+00 
 0.424216099926132E+00  0.211463238732198E+00  0.324810222353224E+00 
 0.412640012372905E+00  0.233247124227795E+00  0.320428510564158E+00 
 0.397882882485225E+00  0.257614465038151E+00  0.317120025309105E+00 
 0.381192950977525E+00  0.281723152929764E+00  0.312764313988614E+00 
 0.363075649615733E+00  0.304716381948448E+00  0.307468261509258E+00 
 0.359154112014783E+00  0.309328829232764E+00  0.295565537684299E-01 
 0.344746738705096E+00  0.325308602597353E+00  0.605523482046811E-01 
 0.343925422223200E+00  0.326176799788451E+00  0.301317232276392E+00 
 0.378826743952697E+00  0.284896996891575E+00  0.284538123334798E+00 
 0.361383025210398E+00  0.306721877050563E+00  0.278869511091941E+00 
 0.343072949851952E+00  0.327073312655622E+00  0.273583248397108E+00 
 0.450742920884815E+00  0.146652037298741E+00  0.213655943011294E+00 
 0.436754741360589E+00  0.184177351133878E+00  0.228126238279116E+00 
 0.421903325709085E+00  0.216040701089545E+00  0.230843268732547E+00 
 0.408302202462728E+00  0.240759864254265E+00  0.244475058054964E+00 
 0.472040959365400E+00  0.430503594995152E-01  0.229566632828888E+00 
 0.468265327084733E+00  0.735090757789879E-01  0.219933448736146E+00 
 0.460785584638096E+00  0.111142457060197E+00  0.225912638709335E+00 
 0.472397677422792E+00  0.389414321410423E-01  0.257568751646052E+00 
 0.466690629904264E+00  0.829207858815543E-01  0.252152990311368E+00 
 0.458397661466643E+00  0.120613368801144E+00  0.256719123254412E+00 
 0.448910598810625E+00  0.152168574440097E+00  0.247697670906218E+00 
 0.437920108018726E+00  0.181389028787615E+00  0.255893796907051E+00 
 0.423617363035870E+00  0.212660129093783E+00  0.263975865644135E+00 
 0.406467132928356E+00  0.243845177562832E+00  0.270889605417327E+00 
 0.393191318913599E+00  0.264719828314065E+00  0.262642860340543E+00 
 0.377251922654214E+00  0.286979071754961E+00  0.256343642922499E+00 
 0.360027457522602E+00  0.308311904735206E+00  0.250665756306578E+00 
 0.342265164453837E+00  0.327918523375899E+00  0.245098727186346E+00 
 0.375730900303523E+00  0.288967630243846E+00  0.228695291889658E+00 
 0.358641126235246E+00  0.309923447554963E+00  0.222800872556466E+00 
 0.341832951807933E+00  0.328369051266890E+00  0.215425812615303E+00 
 0.472695738756200E+00  0.351388578837207E-01  0.168310934392713E+00 
 0.469546163672424E+00  0.648259280856177E-01  0.168317055477491E+00 
 0.461909868442130E+00  0.106373277694279E+00  0.165591205335475E+00 
 0.340739976464607E+00  0.329503064038170E+00  0.273768741629322E-01 
 0.472224259609877E+00  0.409908454114721E-01  0.194806142005048E+00 
 0.466019487813742E+00  0.866131499800709E-01  0.194645828945065E+00 
 0.459017091468004E+00  0.118234134292523E+00  0.197014110366488E+00 
 0.452346516710624E+00  0.141628491453561E+00  0.183059777332836E+00 
 0.441387683886982E+00  0.172779956258045E+00  0.194786197723399E+00 
 0.427882100523476E+00  0.203943396125655E+00  0.203634484500064E+00 
 0.410106704035846E+00  0.237673078148329E+00  0.211672099636418E+00 
 0.390342218420846E+00  0.268903241501353E+00  0.200321886992687E+00 
 0.372310912578382E+00  0.293360844603864E+00  0.204435104071117E+00 
 0.358535019673942E+00  0.310046190815249E+00  0.193972979291531E+00 
 0.342647203627999E+00  0.327519304190692E+00  0.183442962937403E+00 
 0.486254941505271E+00  0.000000000000000E+00  0.977868886299903E+00 
 0.486746803144942E+00  0.000000000000000E+00  0.945750154035047E+00 
 0.486942237677693E+00  0.000000000000000E+00  0.911104826912151E+00 
 0.486975873255964E+00  0.000000000000000E+00  0.880091347712291E+00 
 0.487098622320530E+00  0.000000000000000E+00  0.849928951999905E+00 
 0.487006373007311E+00  0.000000000000000E+00  0.818915751891164E+00 
 0.487026439854230E+00  0.000000000000000E+00  0.784965125937631E+00 
 0.487050410132574E+00  0.000000000000000E+00  0.750515113342199E+00 
 0.486958072889323E+00  0.000000000000000E+00  0.717032847055542E+00 
 0.487045508583861E+00  0.000000000000000E+00  0.685692022077452E+00 
 0.486972014264251E+00  0.000000000000000E+00  0.654852759178224E+00 
 0.487047823220043E+00  0.000000000000000E+00  0.624569797782615E+00 
 0.486959849527435E+00  0.000000000000000E+00  0.593670661645881E+00 
 0.487027252398699E+00  0.000000000000000E+00  0.562940902818098E+00 
 0.487003488630918E+00  0.000000000000000E+00  0.532066903742444E+00 
 0.486936143958457E+00  0.000000000000000E+00  0.499953317538893E+00 
 0.487004145579650E+00  0.000000000000000E+00  0.468628703382669E+00 
 0.486960743194486E+00  0.000000000000000E+00  0.438379726703283E+00 
 0.487041546227594E+00  0.000000000000000E+00  0.409707234440487E+00 
 0.487046413718056E+00  0.000000000000000E+00  0.382263966148681E+00 
 0.487021641009101E+00  0.000000000000000E+00  0.354698157827496E+00 
 0.487005945872522E+00  0.000000000000000E+00  0.326544249784252E+00 
 0.486996724312361E+00  0.000000000000000E+00  0.297797950783327E+00 
 0.486888534443712E+00  0.000000000000000E+00  0.268357582205967E+00 
 0.487040431160090E+00  0.000000000000000E+00  0.248954546082493E-01 
 0.487053254869533E+00  0.000000000000000E+00  0.239140146569926E+00 
 0.486947698726562E+00  0.000000000000000E+00  0.208966376198353E+00 
 0.486950514731678E+00  0.000000000000000E+00  0.179969137295275E+00 
 0.486942389418077E+00  0.000000000000000E+00  0.151447128039850E+00 
 0.487094827057020E+00  0.000000000000000E+00  0.121711180734139E+00 
 0.487017619385482E+00  0.000000000000000E+00  0.906099736556563E-01 
 0.487001877356233E+00  0.000000000000000E+00  0.588328593840227E-01 
