 0.500000000000000E+00 -0.462592926927149E-17  0.000000000000000E+00 
 0.293437198516425E+00  0.404838993337885E+00  0.000000000000000E+00 
 0.310209246588975E+00  0.392135465535445E+00  0.000000000000000E+00 
 0.329743037510900E+00  0.375858389839957E+00  0.000000000000000E+00 
 0.351114203547872E+00  0.355975864444408E+00  0.000000000000000E+00 
 0.372949370652715E+00  0.333029678752125E+00  0.000000000000000E+00 
 0.394477234140375E+00  0.307225831832155E+00  0.000000000000000E+00 
 0.413582832059856E+00  0.280979075778516E+00  0.000000000000000E+00 
 0.429087930803250E+00  0.256677906409932E+00  0.000000000000000E+00 
 0.443071326664677E+00  0.231706278481190E+00  0.000000000000000E+00 
 0.457562255612521E+00  0.201585669725756E+00  0.000000000000000E+00 
 0.469909340675544E+00  0.170836797985316E+00  0.000000000000000E+00 
 0.479841683120103E+00  0.140541663361676E+00  0.000000000000000E+00 
 0.487377476714957E+00  0.111638681427906E+00  0.000000000000000E+00 
 0.492407807471649E+00  0.868017922681523E-01  0.000000000000000E+00 
 0.496011114322482E+00  0.630315355085811E-01  0.000000000000000E+00 
 0.498522321378588E+00  0.384121736862664E-01  0.000000000000000E+00 
 0.499714595638795E+00  0.168915039459420E-01  0.000000000000000E+00 
 0.277000011969358E+00  0.416258325284883E+00  0.000000000000000E+00 
 0.277000011969358E+00  0.337394212395616E+00  0.000000000000000E+00 
 0.277000011969358E+00  0.355731712663168E+00  0.000000000000000E+00 
 0.277000011969358E+00  0.378951028795287E+00  0.000000000000000E+00 
 0.277000011969358E+00  0.399733597559702E+00  0.000000000000000E+00 
 0.277000011969358E+00  0.324961541710412E+00  0.000000000000000E+00 
 0.425706760059489E+00  0.332079005882817E-01  0.000000000000000E+00 
 0.422016348802221E+00  0.650477637238527E-01  0.000000000000000E+00 
 0.416113392100831E+00  0.958052980589855E-01  0.000000000000000E+00 
 0.407924102794774E+00  0.126201967420906E+00  0.000000000000000E+00 
 0.397329519420634E+00  0.156391378339082E+00  0.000000000000000E+00 
 0.383850525638771E+00  0.187050218360394E+00  0.000000000000000E+00 
 0.367636311960483E+00  0.217192431612907E+00  0.000000000000000E+00 
 0.349788919192462E+00  0.244901454123900E+00  0.000000000000000E+00 
 0.331707205199489E+00  0.268885366356323E+00  0.000000000000000E+00 
 0.314194245792194E+00  0.289155643439488E+00  0.000000000000000E+00 
 0.298698437135218E+00  0.305136451239128E+00  0.000000000000000E+00 
 0.286033257929366E+00  0.317039406983019E+00  0.000000000000000E+00 
 0.427000011969366E+00 -0.127213054904966E-16  0.000000000000000E+00 
 0.478795162309809E+00  0.000000000000000E+00  0.000000000000000E+00 
 0.451696292403779E+00  0.000000000000000E+00  0.000000000000000E+00 
 0.449379687017316E+00  0.278345193738314E-01  0.000000000000000E+00 
 0.303075851686783E+00  0.364149985345436E+00  0.000000000000000E+00 
 0.300246947938430E+00  0.335348781435930E+00  0.000000000000000E+00 
 0.324925246320845E+00  0.345416117989787E+00  0.000000000000000E+00 
 0.320676067304199E+00  0.315897890279266E+00  0.000000000000000E+00 
 0.345909518971547E+00  0.324531208707424E+00  0.000000000000000E+00 
 0.339592991045154E+00  0.295325046633907E+00  0.000000000000000E+00 
 0.366335490777638E+00  0.301242841594152E+00  0.000000000000000E+00 
 0.358690263020493E+00  0.271813858789132E+00  0.000000000000000E+00 
 0.386402643237262E+00  0.275156395873659E+00  0.000000000000000E+00 
 0.378175500311029E+00  0.244606015704034E+00  0.000000000000000E+00 
 0.408563305032843E+00  0.243352328303541E+00  0.000000000000000E+00 
 0.396279513106461E+00  0.213899483686529E+00  0.000000000000000E+00 
 0.426267949017359E+00  0.207990022493773E+00  0.000000000000000E+00 
 0.471954176460917E+00  0.490220893619506E-01  0.000000000000000E+00 
 0.446575591021488E+00  0.577997580023610E-01  0.000000000000000E+00 
 0.411355433649685E+00  0.182255169369466E+00  0.000000000000000E+00 
 0.439956677919271E+00  0.176733918259821E+00  0.000000000000000E+00 
 0.423613299174686E+00  0.151426751651493E+00  0.000000000000000E+00 
 0.451098677842283E+00  0.145998517536828E+00  0.000000000000000E+00 
 0.433482057727880E+00  0.120684626752507E+00  0.000000000000000E+00 
 0.460189955833488E+00  0.115148131070021E+00  0.000000000000000E+00 
 0.441531608988629E+00  0.892830516278667E-01  0.000000000000000E+00 
 0.469040599220626E+00  0.815257646200476E-01  0.000000000000000E+00 
 0.474523137475858E+00  0.229169587355722E-01  0.000000000000000E+00 
 0.277000011969358E+00  0.416258325284883E+00  0.100000000000000E+01 
 0.499452305696712E+00  0.233964598655143E-01  0.100000000000000E+01 
 0.497092754589321E+00  0.538404433005614E-01  0.100000000000000E+01 
 0.492678441442243E+00  0.852522922744161E-01  0.100000000000000E+01 
 0.485649654617547E+00  0.118930286175797E+00  0.100000000000000E+01 
 0.476358196293773E+00  0.151930473650755E+00  0.100000000000000E+01 
 0.467432562034358E+00  0.177501549148159E+00  0.100000000000000E+01 
 0.456534101412639E+00  0.203903443441631E+00  0.100000000000000E+01 
 0.440408270287105E+00  0.236728864870172E+00  0.100000000000000E+01 
 0.421941107016378E+00  0.268264239528479E+00  0.100000000000000E+01 
 0.404645221254559E+00  0.293704349501074E+00  0.100000000000000E+01 
 0.387288985900606E+00  0.316239215468418E+00  0.100000000000000E+01 
 0.371345981542233E+00  0.334816609493070E+00  0.100000000000000E+01 
 0.354326230619358E+00  0.352778857494433E+00  0.100000000000000E+01 
 0.334122108465425E+00  0.371970988969057E+00  0.100000000000000E+01 
 0.313565686494375E+00  0.389456750170428E+00  0.100000000000000E+01 
 0.294449259094270E+00  0.404103493945345E+00  0.100000000000000E+01 
 0.500000000000000E+00 -0.462592926927149E-17  0.100000000000000E+01 
 0.448513063298369E+00  0.000000000000000E+00  0.100000000000000E+01 
 0.477193380986187E+00  0.000000000000000E+00  0.100000000000000E+01 
 0.427000011969366E+00  0.578241158658936E-17  0.100000000000000E+01 
 0.292738960486032E+00  0.310858345931694E+00  0.100000000000000E+01 
 0.311342063842492E+00  0.292224450558346E+00  0.100000000000000E+01 
 0.329695628051772E+00  0.271348121543852E+00  0.100000000000000E+01 
 0.348032556954001E+00  0.247391086181154E+00  0.100000000000000E+01 
 0.368257809561580E+00  0.216136984152967E+00  0.100000000000000E+01 
 0.383938107076220E+00  0.186870383305008E+00  0.100000000000000E+01 
 0.395423374185623E+00  0.161150133011073E+00  0.100000000000000E+01 
 0.406377341765994E+00  0.131097163665095E+00  0.100000000000000E+01 
 0.414864832073866E+00  0.101075127158727E+00  0.100000000000000E+01 
 0.420762011862615E+00  0.727209708073066E-01  0.100000000000000E+01 
 0.424632741153483E+00  0.449003937879098E-01  0.100000000000000E+01 
 0.426547094350462E+00  0.196618036559475E-01  0.100000000000000E+01 
 0.277000011969358E+00  0.324961541710412E+00  0.100000000000000E+01 
 0.277000011969358E+00  0.400820525389965E+00  0.100000000000000E+01 
 0.277000011969358E+00  0.378734727271807E+00  0.100000000000000E+01 
 0.277000011969358E+00  0.349628871993741E+00  0.100000000000000E+01 
 0.299859092981789E+00  0.335874093487223E+00  0.100000000000000E+01 
 0.449716263542098E+00  0.280850626419425E-01  0.100000000000000E+01 
 0.473051082776917E+00  0.394940383742661E-01  0.100000000000000E+01 
 0.446452628553051E+00  0.575887514310676E-01  0.100000000000000E+01 
 0.468948628471510E+00  0.712140218896780E-01  0.100000000000000E+01 
 0.441414359296809E+00  0.875684842182792E-01  0.100000000000000E+01 
 0.462976813377592E+00  0.102919812467176E+00  0.100000000000000E+01 
 0.434236552134452E+00  0.118255197204681E+00  0.100000000000000E+01 
 0.454674156144551E+00  0.135473879865936E+00  0.100000000000000E+01 
 0.424700600784691E+00  0.150295540772062E+00  0.100000000000000E+01 
 0.443798483220092E+00  0.171436684508745E+00  0.100000000000000E+01 
 0.412160803678951E+00  0.182075227017742E+00  0.100000000000000E+01 
 0.426544417047307E+00  0.207866793516155E+00  0.100000000000000E+01 
 0.396732342038858E+00  0.212428899210527E+00  0.100000000000000E+01 
 0.409500427019795E+00  0.239046954976012E+00  0.100000000000000E+01 
 0.302050139262515E+00  0.366671200661336E+00  0.100000000000000E+01 
 0.379085940448015E+00  0.241932503913454E+00  0.100000000000000E+01 
 0.391497478141624E+00  0.267314597414301E+00  0.100000000000000E+01 
 0.360465625808253E+00  0.269383742267576E+00  0.100000000000000E+01 
 0.372991829556322E+00  0.293173129545550E+00  0.100000000000000E+01 
 0.341292980078020E+00  0.294254681126687E+00  0.100000000000000E+01 
 0.352489085976412E+00  0.320180972604104E+00  0.100000000000000E+01 
 0.320825893781594E+00  0.316565093213415E+00  0.100000000000000E+01 
 0.327132486611634E+00  0.344044223566525E+00  0.100000000000000E+01 
 0.500000000000000E+00 -0.138777878078145E-16  0.978569468377874E+00 
 0.500000000000000E+00 -0.138777878078145E-16  0.951155274839134E+00 
 0.500000000000000E+00 -0.138777878078145E-16  0.924066086428558E+00 
 0.500000000000000E+00 -0.138777878078145E-16  0.895468352907535E+00 
 0.500000000000000E+00 -0.138777878078145E-16  0.865327236403779E+00 
 0.500000000000000E+00 -0.138777878078145E-16  0.833772680032229E+00 
 0.500000000000000E+00 -0.138777878078145E-16  0.801297042492012E+00 
 0.500000000000000E+00 -0.138777878078145E-16  0.765168392178644E+00 
 0.500000000000000E+00 -0.138777878078145E-16  0.731039367600417E+00 
 0.500000000000000E+00 -0.138777878078145E-16  0.699569666551029E+00 
 0.500000000000000E+00 -0.138777878078145E-16  0.668929753854479E+00 
 0.500000000000000E+00 -0.138777878078145E-16  0.638625703314576E+00 
 0.500000000000000E+00 -0.138777878078145E-16  0.608498223727596E+00 
 0.500000000000000E+00 -0.138777878078145E-16  0.578390145154724E+00 
 0.500000000000000E+00 -0.138777878078145E-16  0.548248150818457E+00 
 0.500000000000000E+00 -0.138777878078145E-16  0.518000962847465E+00 
 0.500000000000000E+00 -0.138777878078145E-16  0.487682865670320E+00 
 0.500000000000000E+00 -0.138777878078145E-16  0.457358752479683E+00 
 0.500000000000000E+00 -0.138777878078145E-16  0.427191904952709E+00 
 0.500000000000000E+00 -0.138777878078145E-16  0.397347497357922E+00 
 0.500000000000000E+00 -0.138777878078145E-16  0.367812418356290E+00 
 0.500000000000000E+00 -0.138777878078145E-16  0.338427018192578E+00 
 0.500000000000000E+00 -0.138777878078145E-16  0.309182990521936E+00 
 0.500000000000000E+00 -0.138777878078145E-16  0.280290918816691E+00 
 0.500000000000000E+00 -0.138777878078145E-16  0.252787470611327E+00 
 0.500000000000000E+00 -0.138777878078145E-16  0.222091882300598E+00 
 0.500000000000000E+00 -0.138777878078145E-16  0.192956475824371E+00 
 0.500000000000000E+00 -0.138777878078145E-16  0.166808058013244E+00 
 0.500000000000000E+00 -0.138777878078145E-16  0.138250371750964E+00 
 0.500000000000000E+00 -0.138777878078145E-16  0.105920554027485E+00 
 0.500000000000000E+00 -0.138777878078145E-16  0.733249980163075E-01 
 0.500000000000000E+00 -0.138777878078145E-16  0.439077043669646E-01 
 0.500000000000000E+00 -0.138777878078145E-16  0.187967459312703E-01 
 0.277000011969358E+00  0.416258325284883E+00  0.247264893033456E-01 
 0.277000011969358E+00  0.416258325284883E+00  0.566915745248957E-01 
 0.277000011969358E+00  0.416258325284883E+00  0.816320472348651E-01 
 0.277000011969358E+00  0.416258325284883E+00  0.112785177939177E+00 
 0.277000011969358E+00  0.416258325284883E+00  0.144811212570754E+00 
 0.277000011969358E+00  0.416258325284883E+00  0.175678547532100E+00 
 0.277000011969358E+00  0.416258325284883E+00  0.210556531657027E+00 
 0.277000011969358E+00  0.416258325284883E+00  0.249006082936452E+00 
 0.277000011969358E+00  0.416258325284883E+00  0.281259264934620E+00 
 0.277000011969358E+00  0.416258325284883E+00  0.308735519997920E+00 
 0.277000011969358E+00  0.416258325284883E+00  0.339822705452902E+00 
 0.277000011969358E+00  0.416258325284883E+00  0.371526001550711E+00 
 0.277000011969358E+00  0.416258325284883E+00  0.402494538444589E+00 
 0.277000011969358E+00  0.416258325284883E+00  0.431735829311984E+00 
 0.277000011969358E+00  0.416258325284883E+00  0.461578136403832E+00 
 0.277000011969358E+00  0.416258325284883E+00  0.492456058578042E+00 
 0.277000011969358E+00  0.416258325284883E+00  0.526477850091508E+00 
 0.277000011969358E+00  0.416258325284883E+00  0.555485292761470E+00 
 0.277000011969358E+00  0.416258325284883E+00  0.580396534580692E+00 
 0.277000011969358E+00  0.416258325284883E+00  0.608296974867429E+00 
 0.277000011969358E+00  0.416258325284883E+00  0.637415814957145E+00 
 0.277000011969358E+00  0.416258325284883E+00  0.666752460968190E+00 
 0.277000011969358E+00  0.416258325284883E+00  0.695467930524310E+00 
 0.277000011969358E+00  0.416258325284883E+00  0.722830398889610E+00 
 0.277000011969358E+00  0.416258325284883E+00  0.750249528627436E+00 
 0.277000011969358E+00  0.416258325284883E+00  0.777563119357733E+00 
 0.277000011969358E+00  0.416258325284883E+00  0.811192037617159E+00 
 0.277000011969358E+00  0.416258325284883E+00  0.845503256291069E+00 
 0.277000011969358E+00  0.416258325284883E+00  0.877246800067703E+00 
 0.277000011969358E+00  0.416258325284883E+00  0.910199396746975E+00 
 0.277000011969358E+00  0.416258325284883E+00  0.941180576902394E+00 
 0.277000011969358E+00  0.416258325284883E+00  0.965058704374060E+00 
 0.277000011969358E+00  0.416258325284883E+00  0.985023567892330E+00 
 0.452349902909742E+00  0.213024799818114E+00  0.898315412233632E+00 
 0.444133261815484E+00  0.229664202149876E+00  0.866097394072366E+00 
 0.425819805928648E+00  0.262063909913000E+00  0.896955750846310E+00 
 0.438835902105139E+00  0.239631072742182E+00  0.899389354322978E+00 
 0.431158787982325E+00  0.253183924342784E+00  0.876570916560505E+00 
 0.459155903056212E+00  0.197928918272784E+00  0.870126678389761E+00 
 0.464538511802474E+00  0.184943156273333E+00  0.898858211639994E+00 
 0.439436340058652E+00  0.238528201762091E+00  0.833706970511369E+00 
 0.453690174487599E+00  0.210155241603469E+00  0.837947512242629E+00 
 0.443509931819182E+00  0.230865632734162E+00  0.800142928785612E+00 
 0.442133941617095E+00  0.233489994796632E+00  0.237565528438102E+00 
 0.441794149037834E+00  0.234132291399406E+00  0.186571675054821E+00 
 0.440790217529194E+00  0.236016914924685E+00  0.155127629228250E+00 
 0.431966551240237E+00  0.251803293484449E+00  0.126627962085181E+00 
 0.299385800343004E+00  0.400459913790355E+00  0.177163166656761E-01 
 0.447153537691058E+00  0.223726873062606E+00  0.119438775511899E+00 
 0.429756553208983E+00  0.255556852723488E+00  0.958178146488334E-01 
 0.445678069606748E+00  0.226651843741900E+00  0.846033153191772E-01 
 0.420084425810907E+00  0.271162451661584E+00  0.717747990738715E-01 
 0.478492545120245E+00  0.145068550224887E+00  0.774945801054937E+00 
 0.369908964658289E+00  0.336403563990384E+00  0.224375422476633E+00 
 0.436829181905292E+00  0.243269944374461E+00  0.956265312699541E+00 
 0.427506885436545E+00  0.259302647314572E+00  0.924608030299206E+00 
 0.445057074714109E+00  0.227868822454762E+00  0.928213350959283E+00 
 0.458501720413537E+00  0.199439645952922E+00  0.926880979917627E+00 
 0.469323826533339E+00  0.172438817695159E+00  0.924034616847846E+00 
 0.483173211698454E+00  0.128622111228982E+00  0.807463224286512E+00 
 0.316737562015336E+00  0.386881528130487E+00  0.212080168465492E-01 
 0.299651814161724E+00  0.400260902749179E+00  0.392655830085150E-01 
 0.484095615912828E+00  0.125105693931091E+00  0.846600210875780E+00 
 0.479935478185493E+00  0.140221028304825E+00  0.876613576453582E+00 
 0.485685461521124E+00  0.118783973948565E+00  0.780283166190950E+00 
 0.489886053539505E+00  0.100058255768776E+00  0.827691936419882E+00 
 0.491982583487387E+00  0.891803652441331E-01  0.796822839838128E+00 
 0.316357769155471E+00  0.387192151127800E+00  0.764051520213474E+00 
 0.328899622553386E+00  0.376596651982250E+00  0.788959682015790E+00 
 0.337220261040244E+00  0.369164591400570E+00  0.765007331048515E+00 
 0.350139816399777E+00  0.356934320248881E+00  0.792732009818298E+00 
 0.358492228401669E+00  0.348544577027969E+00  0.766471245225944E+00 
 0.362956997688309E+00  0.343892741751100E+00  0.819625061283667E+00 
 0.372533131287491E+00  0.333495226492280E+00  0.794649739789320E+00 
 0.379469139239403E+00  0.325581283806221E+00  0.767073150638519E+00 
 0.372710997995425E+00  0.333296432584050E+00  0.843388827897194E+00 
 0.387245584842739E+00  0.316292360040208E+00  0.826238366032885E+00 
 0.393772200847615E+00  0.308128956509488E+00  0.795483110195234E+00 
 0.399018582516495E+00  0.301304116809790E+00  0.766362795206735E+00 
 0.387094829141177E+00  0.316476844733011E+00  0.859657317500208E+00 
 0.400624251688048E+00  0.299165855269935E+00  0.881077201588795E+00 
 0.405261227184360E+00  0.292853782186652E+00  0.852184428231298E+00 
 0.409007501362080E+00  0.287598441980391E+00  0.822117208102642E+00 
 0.412350414796963E+00  0.282784609582580E+00  0.792464948421134E+00 
 0.416503640987761E+00  0.276631012440648E+00  0.764182538529988E+00 
 0.412632612774841E+00  0.282372673739170E+00  0.903265687467944E+00 
 0.417086906556610E+00  0.275750815735943E+00  0.876069021695116E+00 
 0.337192197508671E+00  0.369190224598747E+00  0.230075992717082E-01 
 0.321976451474166E+00  0.382532566843797E+00  0.439580705263341E-01 
 0.306153267627332E+00  0.395310228454953E+00  0.632257236727022E-01 
 0.294120260839787E+00  0.404343013002000E+00  0.835398498784590E-01 
 0.425372119217986E+00  0.262789954511203E+00  0.848354078424785E+00 
 0.426641949298722E+00  0.260723315218617E+00  0.815113700476765E+00 
 0.426999901336654E+00  0.260136664579386E+00  0.787318910255842E+00 
 0.432512244459760E+00  0.250864820954197E+00  0.763421877241307E+00 
 0.474727574321238E+00  0.156951362463259E+00  0.900343814481056E+00 
 0.470559671971842E+00  0.169037259542836E+00  0.874339615831954E+00 
 0.466630156748684E+00  0.179600380881275E+00  0.845287606199109E+00 
 0.462485932069978E+00  0.190017795580739E+00  0.812153592096626E+00 
 0.455124113193659E+00  0.207031499027771E+00  0.784849909632532E+00 
 0.446491519901279E+00  0.225045156926883E+00  0.763278796457663E+00 
 0.464483042878491E+00  0.185082421851287E+00  0.783717338725417E+00 
 0.458735255861912E+00  0.198901898003278E+00  0.760543699729080E+00 
 0.475843954498665E+00  0.153533484839862E+00  0.853362239060645E+00 
 0.475071271583079E+00  0.155907943724609E+00  0.825699135188878E+00 
 0.472990715898784E+00  0.162110402730841E+00  0.795300986904553E+00 
 0.469642438308091E+00  0.171569170132723E+00  0.763966234030431E+00 
 0.329383662983491E+00  0.376173367690455E+00  0.213466661889331E+00 
 0.338148971162994E+00  0.368314095985218E+00  0.191594010280191E+00 
 0.353227350581604E+00  0.353879130214118E+00  0.212235335686947E+00 
 0.355344932169874E+00  0.351752724482964E+00  0.179942934524917E+00 
 0.377744770373942E+00  0.327580354195940E+00  0.201685036124390E+00 
 0.374955905146621E+00  0.330768906029086E+00  0.162935799006614E+00 
 0.404522928028563E+00  0.293872762771914E+00  0.226546613693999E+00 
 0.396537748457834E+00  0.304561675277754E+00  0.187612403841504E+00 
 0.394731319073607E+00  0.306899308800803E+00  0.158528170361931E+00 
 0.386161402406755E+00  0.317615130765598E+00  0.133965768226115E+00 
 0.426142618845812E+00  0.261538655657693E+00  0.233392504233185E+00 
 0.416787382285488E+00  0.276203327220384E+00  0.200608850068125E+00 
 0.410942022589688E+00  0.284827411022704E+00  0.168505637237717E+00 
 0.405322645753018E+00  0.292768770260377E+00  0.139062402123290E+00 
 0.398394716261086E+00  0.302128532342195E+00  0.111636559691859E+00 
 0.434337114267371E+00  0.247691887573842E+00  0.208419085458289E+00 
 0.427955870617610E+00  0.258560965352319E+00  0.177429849948320E+00 
 0.422474100796395E+00  0.267424071759215E+00  0.147521280414752E+00 
 0.358815790873849E+00  0.348211470545665E+00  0.246267745299097E-01 
 0.343871699348101E+00  0.362976933685116E+00  0.472149721905357E-01 
 0.328787480772982E+00  0.376694561265431E+00  0.680171170387553E-01 
 0.314710857405572E+00  0.388531950077532E+00  0.875698558539681E-01 
 0.302155506091437E+00  0.398374258880550E+00  0.105844965133751E+00 
 0.416666732627028E+00  0.276385299757271E+00  0.118124117823308E+00 
 0.410325182319076E+00  0.285715321176197E+00  0.908536297997252E-01 
 0.497067156448743E+00  0.540762607801328E-01  0.230934058488762E+00 
 0.493768491074769E+00  0.786935653134728E-01  0.239738664046244E+00 
 0.493693674438005E+00  0.791615804535341E-01  0.210642115507077E+00 
 0.488735839869298E+00  0.105533306719976E+00  0.219194618043100E+00 
 0.489147141356838E+00  0.103610202694687E+00  0.189174592346772E+00 
 0.483694567251416E+00  0.126647406651165E+00  0.166471022008318E+00 
 0.481918570915762E+00  0.133245979325869E+00  0.225405636098471E+00 
 0.482587116652637E+00  0.130803955754001E+00  0.195057202557302E+00 
 0.475630008660406E+00  0.154194989742541E+00  0.171370968492285E+00 
 0.477464881525237E+00  0.148415925392429E+00  0.143667128435420E+00 
 0.473277323364446E+00  0.161271743306091E+00  0.229980490366172E+00 
 0.474190693072336E+00  0.158566032313283E+00  0.200251019289391E+00 
 0.463459829088836E+00  0.187629919844749E+00  0.234993386232784E+00 
 0.463891915582149E+00  0.186559080876607E+00  0.205589667693677E+00 
 0.465655858446358E+00  0.182111563319260E+00  0.176169223389171E+00 
 0.468030532358856E+00  0.175918790297925E+00  0.148357298191094E+00 
 0.470425368928617E+00  0.169410661613649E+00  0.120994628669096E+00 
 0.453999759379216E+00  0.209485604478240E+00  0.242569831775356E+00 
 0.450983965087058E+00  0.215901512811642E+00  0.213164706001399E+00 
 0.453858814261719E+00  0.209790792736350E+00  0.181116245615092E+00 
 0.456180236728687E+00  0.204693897364234E+00  0.151647009818829E+00 
 0.460666959608060E+00  0.194386090874491E+00  0.127122901154456E+00 
 0.460470203884054E+00  0.194851716274139E+00  0.983035627986322E-01 
 0.456096073629295E+00  0.204881359864535E+00  0.713406261048835E-01 
 0.433590670212427E+00  0.248996246366765E+00  0.633182826051755E-01 
 0.447166260839630E+00  0.223701442030899E+00  0.533088152010020E-01 
 0.293293072501251E+00  0.404943420273470E+00  0.978606220844740E+00 
 0.293439346020742E+00  0.404837436765573E+00  0.955300920848493E+00 
 0.307370473738402E+00  0.394364541856682E+00  0.971142666065403E+00 
 0.295545222697742E+00  0.403302642367419E+00  0.929495851840134E+00 
 0.311629133607189E+00  0.391008034555855E+00  0.949422031795077E+00 
 0.324933901926761E+00  0.380023630026674E+00  0.973122854239712E+00 
 0.298468692016183E+00  0.401143914183113E+00  0.898789121680909E+00 
 0.316024269746570E+00  0.387464399566137E+00  0.924483079242324E+00 
 0.331432156338759E+00  0.374369771408751E+00  0.947359999149916E+00 
 0.346566807836715E+00  0.360404561161300E+00  0.972121662595813E+00 
 0.363662814473209E+00  0.343146262356774E+00  0.982149788068436E+00 
 0.294921867175425E+00  0.403758705493468E+00  0.865587982909449E+00 
 0.311267964444693E+00  0.391295609878845E+00  0.879577483216602E+00 
 0.322536844648379E+00  0.382060183536923E+00  0.900028119034145E+00 
 0.337121581717956E+00  0.369254707674775E+00  0.921629222760785E+00 
 0.351874762076871E+00  0.355224086758408E+00  0.942993605216142E+00 
 0.366547685352383E+00  0.340062927063228E+00  0.960730959866185E+00 
 0.378974686841793E+00  0.326156690462062E+00  0.979244898854910E+00 
 0.296660456115435E+00  0.402483010545019E+00  0.837429414060926E+00 
 0.313799495032111E+00  0.389268386743122E+00  0.856110663710355E+00 
 0.329289507685779E+00  0.376255790823287E+00  0.875371389556117E+00 
 0.343248908116842E+00  0.363565932227699E+00  0.896469850304364E+00 
 0.357626432021858E+00  0.349432876414506E+00  0.917381966292146E+00 
 0.371792220842834E+00  0.334321020159896E+00  0.937119586048339E+00 
 0.380727713088163E+00  0.324108636859091E+00  0.266340332826775E-01 
 0.365663884006872E+00  0.341013084694720E+00  0.505307086323453E-01 
 0.350741692668068E+00  0.356342903709810E+00  0.727180175685492E-01 
 0.336070388556813E+00  0.370211688004678E+00  0.935020433658766E-01 
 0.321648136685300E+00  0.382808667831430E+00  0.112964006424991E+00 
 0.306284061540493E+00  0.395208898743765E+00  0.130875827846252E+00 
 0.294052138374080E+00  0.404392556704041E+00  0.149952583095484E+00 
 0.384866209943089E+00  0.319183333593787E+00  0.956809774606030E+00 
 0.395737932347618E+00  0.305600210898540E+00  0.977819306916119E+00 
 0.291530267811004E+00  0.406214355913284E+00  0.790775137521040E+00 
 0.300956780038068E+00  0.399280623808767E+00  0.811835624469565E+00 
 0.317085818418332E+00  0.386596150728350E+00  0.831117005342832E+00 
 0.333949075501232E+00  0.372126342754544E+00  0.849422409459198E+00 
 0.349010729272748E+00  0.358038420916673E+00  0.871065027999686E+00 
 0.363363144715809E+00  0.343463571666979E+00  0.892219036963683E+00 
 0.377363558575337E+00  0.328019427259055E+00  0.912527809505041E+00 
 0.390646549065881E+00  0.312082158578344E+00  0.933004043582802E+00 
 0.402582057323891E+00  0.296526031101594E+00  0.954305556143572E+00 
 0.412454319743958E+00  0.282633037921168E+00  0.976849772964406E+00 
 0.295148292924114E+00  0.403593217465286E+00  0.764096391166141E+00 
 0.308749244217914E+00  0.393286033561919E+00  0.787630539070039E+00 
 0.318899834041994E+00  0.385101150151475E+00  0.808025006106190E+00 
 0.338513262413177E+00  0.367979308073684E+00  0.819337494542289E+00 
 0.354417692174165E+00  0.352686970944404E+00  0.845074141257145E+00 
 0.368518538617437E+00  0.337926155683854E+00  0.867113900047366E+00 
 0.382635921269899E+00  0.321853618519251E+00  0.886920646031468E+00 
 0.395881306863578E+00  0.305414457542510E+00  0.907859888367135E+00 
 0.408715200395948E+00  0.288013688850548E+00  0.929428926697024E+00 
 0.419868425065840E+00  0.271496787518252E+00  0.952376323621857E+00 
 0.427156824148909E+00  0.259878909461730E+00  0.976603711132788E+00 
 0.498772359339995E+00  0.350161899471527E-01  0.978347881581989E+00 
 0.499574016472736E+00  0.206349718996301E-01  0.959875275794428E+00 
 0.495974360609707E+00  0.633200885801012E-01  0.974672871829211E+00 
 0.498057968847138E+00  0.440256705555202E-01  0.953542511624049E+00 
 0.499462611048470E+00  0.231754215634675E-01  0.936549679470711E+00 
 0.491633454572771E+00  0.910853794241633E-01  0.970038817310620E+00 
 0.495092328321973E+00  0.698826619178758E-01  0.946818618532737E+00 
 0.497628281586572E+00  0.486425057454375E-01  0.926533391023794E+00 
 0.499349648488558E+00  0.254936963650457E-01  0.909433409137549E+00 
 0.480717711046128E+00  0.137515389271789E+00  0.977658989858265E+00 
 0.486285693620450E+00  0.116302296538279E+00  0.961626089511925E+00 
 0.490724947710647E+00  0.958594058733034E-01  0.939567777371059E+00 
 0.494308704095388E+00  0.752256941180214E-01  0.917747313249867E+00 
 0.497186887208203E+00  0.529641311475734E-01  0.897565525796297E+00 
 0.499207640240559E+00  0.281377313487103E-01  0.879780477503452E+00 
 0.463226735101250E+00  0.188204654266136E+00  0.976901603491828E+00 
 0.472805099401856E+00  0.162650969808362E+00  0.972089434848660E+00 
 0.479989794410276E+00  0.140034985849897E+00  0.952361392507101E+00 
 0.485057074955082E+00  0.121324498911061E+00  0.932049482278833E+00 
 0.489434077697486E+00  0.102246191070434E+00  0.909910018841406E+00 
 0.493286817844282E+00  0.816585288935731E-01  0.887802894996101E+00 
 0.496548635486418E+00  0.586468464333434E-01  0.866710524411889E+00 
 0.498960650228556E+00  0.322221899239763E-01  0.847550371473253E+00 
 0.482860382783080E+00  0.129791566515615E+00  0.757358400702623E+00 
 0.489193306072252E+00  0.103392017555033E+00  0.759960371563844E+00 
 0.495360743525125E+00  0.679539091902394E-01  0.767692740277142E+00 
 0.498336683840392E+00  0.407498409685389E-01  0.754527933437380E+00 
 0.452601704841479E+00  0.212489286258359E+00  0.962193755125505E+00 
 0.499115602054008E+00  0.297256755392496E-01  0.781344977435548E+00 
 0.403407744603104E+00  0.295401746092058E+00  0.298898932380385E-01 
 0.386712861695534E+00  0.316943469090705E+00  0.547721460223505E-01 
 0.372112153535430E+00  0.333964886165035E+00  0.776469866196762E-01 
 0.357780657823718E+00  0.349274964586968E+00  0.997081161418722E-01 
 0.343187348570304E+00  0.363624041808685E+00  0.120494031566883E+00 
 0.328039558359799E+00  0.377346058878463E+00  0.139480114878707E+00 
 0.313547316746835E+00  0.389471539603165E+00  0.157987269243053E+00 
 0.300211251480371E+00  0.399841474192698E+00  0.176108958922937E+00 
 0.465122296787276E+00  0.183470022159831E+00  0.950828337323469E+00 
 0.473377506210492E+00  0.160977441320005E+00  0.945175016229044E+00 
 0.478086412964986E+00  0.146401440355867E+00  0.925792686796286E+00 
 0.482963303388678E+00  0.129408066131504E+00  0.903857786272902E+00 
 0.487489328243886E+00  0.111149245828863E+00  0.879963257754843E+00 
 0.491752442502900E+00  0.904407833470748E-01  0.857025738276066E+00 
 0.495418212188760E+00  0.675336585096099E-01  0.833581908504825E+00 
 0.498326972468992E+00  0.408684292564356E-01  0.810295853319897E+00 
 0.289393116723146E+00  0.407739652220953E+00  0.738761688762673E+00 
 0.305108420072709E+00  0.396117220025507E+00  0.739525130275090E+00 
 0.323749081245943E+00  0.381033505603389E+00  0.739046064170293E+00 
 0.343980947019876E+00  0.362873405042735E+00  0.738989574000257E+00 
 0.364688084642261E+00  0.342056429438125E+00  0.739142350246063E+00 
 0.384742675947885E+00  0.319332230293875E+00  0.738830336902078E+00 
 0.403469867226978E+00  0.295316891219999E+00  0.737832344821324E+00 
 0.420630843118552E+00  0.270314065148997E+00  0.736566066270337E+00 
 0.436172565154595E+00  0.244445276915838E+00  0.735685494504101E+00 
 0.450052663801468E+00  0.217836176529985E+00  0.734947191951707E+00 
 0.462715435523710E+00  0.189458242702985E+00  0.735138209179978E+00 
 0.474928436329283E+00  0.156342509784836E+00  0.739931414321986E+00 
 0.483655373853121E+00  0.126797000528397E+00  0.732577430591755E+00 
 0.490509372178643E+00  0.969564634509395E-01  0.732213043428565E+00 
 0.495615771380583E+00  0.660682008142294E-01  0.731793833375302E+00 
 0.498814979432924E+00  0.344037249920920E-01  0.729155502767462E+00 
 0.292486459207723E+00  0.405526412432198E+00  0.716493404194644E+00 
 0.309707613694206E+00  0.392531774535311E+00  0.713947753317273E+00 
 0.328710275826259E+00  0.376761933541891E+00  0.712514297552892E+00 
 0.348882891449848E+00  0.358162990904411E+00  0.711635419986812E+00 
 0.369172950158503E+00  0.337211110242927E+00  0.711026365465614E+00 
 0.388691991972512E+00  0.314513172023750E+00  0.710253825474781E+00 
 0.406961871629152E+00  0.290485860310098E+00  0.709243585094202E+00 
 0.423767993723443E+00  0.265368964831247E+00  0.708188178104342E+00 
 0.439036745141185E+00  0.239262902297524E+00  0.707318211629807E+00 
 0.452805760748590E+00  0.212054104022749E+00  0.706778633274092E+00 
 0.465166032715192E+00  0.183359106695056E+00  0.706833406723971E+00 
 0.475836198206490E+00  0.153557521718714E+00  0.706715434260459E+00 
 0.484417416431804E+00  0.123853811639109E+00  0.704155461812925E+00 
 0.491120051534883E+00  0.938141512799353E-01  0.702925344124686E+00 
 0.495985036943073E+00  0.632364066703511E-01  0.701743466529201E+00 
 0.498978920389755E+00  0.319380182020410E-01  0.700307150715645E+00 
 0.294204345703668E+00  0.404281836061276E+00  0.690164395121205E+00 
 0.312465403539810E+00  0.390340071720422E+00  0.686936316998927E+00 
 0.331978218390306E+00  0.373885627584691E+00  0.684815032053010E+00 
 0.352190760053027E+00  0.354910789541923E+00  0.683409139035384E+00 
 0.372261832944779E+00  0.333798034345011E+00  0.682339911444188E+00 
 0.391464609551554E+00  0.311055396141346E+00  0.681328217415223E+00 
 0.409435346210513E+00  0.286989019430147E+00  0.680286382393956E+00 
 0.425981020876249E+00  0.261801775878676E+00  0.679283606332543E+00 
 0.441025412541294E+00  0.235577132788354E+00  0.678421027522478E+00 
 0.454540034987127E+00  0.208310721264896E+00  0.677751160873519E+00 
 0.466454666265617E+00  0.180055670055213E+00  0.677187632971259E+00 
 0.476625696458025E+00  0.151089197085373E+00  0.676263775522756E+00 
 0.484966850495208E+00  0.121684649486937E+00  0.674701945350727E+00 
 0.491494462824859E+00  0.918324180913454E-01  0.673332330619808E+00 
 0.496195772127779E+00  0.615609918902951E-01  0.671984955374105E+00 
 0.499046416332921E+00  0.308654231344483E-01  0.670493029135667E+00 
 0.295239611799843E+00  0.403526419982977E+00  0.662153106068115E+00 
 0.314181167760977E+00  0.388960401357707E+00  0.658775432702745E+00 
 0.334016210150909E+00  0.372066084662958E+00  0.656347309818785E+00 
 0.354295142281082E+00  0.352810079442223E+00  0.654570079107997E+00 
 0.374235872405804E+00  0.331583340662143E+00  0.653228929615128E+00 
 0.393256937894995E+00  0.308786302800904E+00  0.652055067514002E+00 
 0.411031373355282E+00  0.284698454715986E+00  0.650972046636219E+00 
 0.427395432565362E+00  0.259486308352227E+00  0.649957657422221E+00 
 0.442256189249577E+00  0.233258361201571E+00  0.649034689549938E+00 
 0.455548435457424E+00  0.206096149775519E+00  0.648191485366048E+00 
 0.467202139767575E+00  0.178107160430453E+00  0.647315403427626E+00 
 0.477136737910013E+00  0.149467499265196E+00  0.646245607282253E+00 
 0.485316124856544E+00  0.120284076062578E+00  0.644918608542332E+00 
 0.491712370264111E+00  0.906583969042609E-01  0.643569028672918E+00 
 0.496308370160959E+00  0.606465308832412E-01  0.642116788502285E+00 
 0.499076583139740E+00  0.303737413165028E-01  0.640504125610750E+00 
 0.295870706400150E+00  0.403063921846493E+00  0.633370644615999E+00 
 0.315190994429997E+00  0.388142547307339E+00  0.630042336520132E+00 
 0.335229139014791E+00  0.370973616791547E+00  0.627355980460954E+00 
 0.355520056810859E+00  0.351575723287607E+00  0.625340733679763E+00 
 0.375401261341118E+00  0.330263369121520E+00  0.623783858836755E+00 
 0.394304765502695E+00  0.307447153022865E+00  0.622511929349187E+00 
 0.411966245971751E+00  0.283343982078220E+00  0.621373590273743E+00 
 0.428211730207879E+00  0.258137006475969E+00  0.620325291990497E+00 
 0.289968368430227E+00  0.407330756646134E+00  0.228907904046310E+00 
 0.442948348192642E+00  0.231941287470363E+00  0.619336902728733E+00 
 0.456104992715098E+00  0.204861503509957E+00  0.618372425540316E+00 
 0.467615741099640E+00  0.177018413380739E+00  0.617375035219592E+00 
 0.477431771783626E+00  0.148522399965620E+00  0.616257126625411E+00 
 0.485511757503717E+00  0.119491980172946E+00  0.615019270340898E+00 
 0.491832024429312E+00  0.900069983154907E-01  0.613667958130427E+00 
 0.496363972878086E+00  0.601897535190360E-01  0.612189164265910E+00 
 0.499091028877884E+00  0.301354424824918E-01  0.610470249998820E+00 
 0.296247099341396E+00  0.402787358455810E+00  0.604580275281421E+00 
 0.315777235392821E+00  0.387665755010249E+00  0.601050721165958E+00 
 0.335872005790709E+00  0.370391678802489E+00  0.598106333052328E+00 
 0.356182575501635E+00  0.350904506823469E+00  0.595821535284110E+00 
 0.376009504981791E+00  0.329570708897724E+00  0.594134404495286E+00 
 0.394863311075124E+00  0.306729466414281E+00  0.592764536447588E+00 
 0.412455994049631E+00  0.282630594544418E+00  0.591590417191357E+00 
 0.428637335497262E+00  0.257429669264846E+00  0.590504293146399E+00 
 0.443304331142962E+00  0.231260178132534E+00  0.589466424742652E+00 
 0.456386849025343E+00  0.204232818216659E+00  0.588441716519077E+00 
 0.467829122233150E+00  0.176453711750590E+00  0.587384266471222E+00 
 0.477582080384754E+00  0.148038361566759E+00  0.586265481286354E+00 
 0.485613351118577E+00  0.119078433040521E+00  0.585043907174727E+00 
 0.491889970468379E+00  0.896897817625692E-01  0.583714986150111E+00 
 0.496391312909986E+00  0.599638596781458E-01  0.582196752896574E+00 
 0.499097311397332E+00  0.300312130283502E-01  0.580440198515916E+00 
 0.296484790154106E+00  0.402612430517583E+00  0.576260215211760E+00 
 0.316048782353493E+00  0.387444405267226E+00  0.572043930879350E+00 
 0.336178950144161E+00  0.370113109035562E+00  0.568636454466816E+00 
 0.356474405506887E+00  0.350608040721418E+00  0.566151218004516E+00 
 0.376301161416702E+00  0.329237658715466E+00  0.564320238606036E+00 
 0.395121106262256E+00  0.306397309691340E+00  0.562905957547982E+00 
 0.412689119263138E+00  0.282290082790407E+00  0.561691598637753E+00 
 0.420784429497761E+00  0.270074922738569E+00  0.212929712981180E-01 
 0.428836344453595E+00  0.257098015697667E+00  0.560583845004467E+00 
 0.443469733500763E+00  0.230942840263045E+00  0.559516897264977E+00 
 0.456518500689546E+00  0.203938369435890E+00  0.558458074108548E+00 
 0.467927142610794E+00  0.176193612847054E+00  0.557382586233502E+00 
 0.477653384777688E+00  0.147808132423144E+00  0.556254571190660E+00 
 0.485659100991035E+00  0.118891705449035E+00  0.555052008213242E+00 
 0.491917494514877E+00  0.895386988413759E-01  0.553713664118085E+00 
 0.496402952550403E+00  0.598674260281991E-01  0.552184270886028E+00 
 0.499100457481364E+00  0.299788815984315E-01  0.550364183443950E+00 
 0.296445908458252E+00  0.402641060199232E+00  0.548091528741071E+00 
 0.316080099408097E+00  0.387418856998685E+00  0.542770683119909E+00 
 0.336254802156695E+00  0.370044197396151E+00  0.538987230778844E+00 
 0.356590564511219E+00  0.350489899000770E+00  0.536310826077906E+00 
 0.376411423842887E+00  0.329111592017921E+00  0.534428933604102E+00 
 0.395234235932029E+00  0.306251365298549E+00  0.532965338597019E+00 
 0.412786869588289E+00  0.282147125265349E+00  0.531740698628887E+00 
 0.428922714811291E+00  0.256953896095996E+00  0.530615066239664E+00 
 0.443540970469968E+00  0.230805995404278E+00  0.529533637504332E+00 
 0.456574649339980E+00  0.203812633514398E+00  0.528461387426248E+00 
 0.467970377652970E+00  0.176078748403481E+00  0.527373291591468E+00 
 0.477683563181513E+00  0.147710573305411E+00  0.526248256403118E+00 
 0.485680075497753E+00  0.118805994227972E+00  0.525041649567270E+00 
 0.491929023735706E+00  0.894753351848171E-01  0.523703055774522E+00 
 0.496408902263712E+00  0.598180721298824E-01  0.522135251865764E+00 
 0.499101872388201E+00  0.299553163660713E-01  0.520255286736754E+00 
 0.296345407950538E+00  0.402715034716398E+00  0.518264943965691E+00 
 0.316047856141162E+00  0.387445160801597E+00  0.512878217269880E+00 
 0.336281944776023E+00  0.370019531400243E+00  0.509045269131483E+00 
 0.356626605770381E+00  0.350453226631882E+00  0.506373080454814E+00 
 0.376465638022317E+00  0.329049575882495E+00  0.504458201059735E+00 
 0.395282172163949E+00  0.306189490951845E+00  0.502998731477124E+00 
 0.412834975935918E+00  0.282076731837261E+00  0.501759802864393E+00 
 0.428963273672830E+00  0.256886180710230E+00  0.500630886559989E+00 
 0.443575620103049E+00  0.230739396831569E+00  0.499541330933090E+00 
 0.456602928109863E+00  0.203749272493179E+00  0.498461694558308E+00 
 0.467992052440331E+00  0.176021131835602E+00  0.497370740142328E+00 
 0.477700401683017E+00  0.147656108007371E+00  0.496240309720428E+00 
 0.485691153761108E+00  0.118760697026431E+00  0.495035411209197E+00 
 0.491936616239115E+00  0.894335820774829E-01  0.493679535884002E+00 
 0.451653892619189E+00  0.214496529766648E+00  0.255755051150066E-01 
 0.459832545413499E+00  0.196351802076126E+00  0.479750570460252E-01 
 0.466545036404038E+00  0.179821380838750E+00  0.714899920990628E-01 
 0.473039023638651E+00  0.161969386351222E+00  0.946802039690065E-01 
 0.479582112995699E+00  0.141424880747980E+00  0.117167717307991E+00 
 0.485192978142824E+00  0.120779857430355E+00  0.139503191091532E+00 
 0.489975600638752E+00  0.996188274308379E-01  0.161591905749578E+00 
 0.494020283949763E+00  0.770970754710945E-01  0.182814847239895E+00 
 0.497141475583178E+00  0.533886996936647E-01  0.202901550019510E+00 
 0.499043771451323E+00  0.309081571051919E-01  0.222135125223183E+00 
 0.499785244609111E+00  0.146529611687003E-01  0.237275937316574E+00 
 0.496412418069080E+00  0.597888884894943E-01  0.492080802754857E+00 
 0.499103155774194E+00  0.299339255067035E-01  0.490107447941599E+00 
 0.296438936959648E+00  0.402646192896734E+00  0.487152326537570E+00 
 0.316118139964853E+00  0.387387818065000E+00  0.482519893810479E+00 
 0.336327318600131E+00  0.369978289583653E+00  0.478951460903946E+00 
 0.356679774700636E+00  0.350399112897712E+00  0.476343147999180E+00 
 0.376512758183122E+00  0.328995657912589E+00  0.474475126209053E+00 
 0.395334208274490E+00  0.306122301977465E+00  0.473014229384324E+00 
 0.412880328947842E+00  0.282010343725052E+00  0.471781186595301E+00 
 0.429005310059957E+00  0.256815972907373E+00  0.470645269797416E+00 
 0.443611823192779E+00  0.230669786325775E+00  0.469553768758895E+00 
 0.456634002065810E+00  0.203679621360022E+00  0.468470823837149E+00 
 0.468018375034827E+00  0.175951131368230E+00  0.467374149222454E+00 
 0.477720659703472E+00  0.147590552856474E+00  0.466243589733994E+00 
 0.485706831502015E+00  0.118696562006967E+00  0.465031862480274E+00 
 0.491946386223694E+00  0.893798248009481E-01  0.463672074683774E+00 
 0.496418069465613E+00  0.597419476417856E-01  0.462035887300194E+00 
 0.499104742849301E+00  0.299074516689919E-01  0.459982983397423E+00 
 0.296502730953513E+00  0.402599218251984E+00  0.456570505934256E+00 
 0.316191089967281E+00  0.387328277595766E+00  0.452242657929424E+00 
 0.336414819709452E+00  0.369898728140362E+00  0.448825398760401E+00 
 0.356772056552992E+00  0.350305152207255E+00  0.446327192748170E+00 
 0.376618052394411E+00  0.328875117043903E+00  0.444495560467777E+00 
 0.395434251072501E+00  0.305993060507473E+00  0.443058639484796E+00 
 0.412976674203399E+00  0.281869236639793E+00  0.441816229190146E+00 
 0.429090859850830E+00  0.256673009863670E+00  0.440679796660295E+00 
 0.443688926478184E+00  0.230521444817260E+00  0.439585246955341E+00 
 0.456701925924408E+00  0.203527273005207E+00  0.438500116076539E+00 
 0.468075648693367E+00  0.175798711884597E+00  0.437399767423253E+00 
 0.477767713979113E+00  0.147438161542974E+00  0.436260203041313E+00 
 0.485741017327936E+00  0.118556586005259E+00  0.435056669345505E+00 
 0.435609211837585E+00  0.245447783779439E+00  0.300718191945769E-01 
 0.420147530729171E+00  0.271064664650671E+00  0.464168329845160E-01 
 0.405380707159920E+00  0.292688370562486E+00  0.622142372884166E-01 
 0.392097977790307E+00  0.310256628958596E+00  0.835147958906292E-01 
 0.378764298301343E+00  0.326400990090857E+00  0.105687414376426E+00 
 0.365267612225718E+00  0.341437507399118E+00  0.128624719515488E+00 
 0.350217690757266E+00  0.356857911612798E+00  0.149283442027182E+00 
 0.333943463337486E+00  0.372131379077558E+00  0.166631884285734E+00 
 0.319044781022645E+00  0.384981074472775E+00  0.186130204420845E+00 
 0.303235800267331E+00  0.397552574430391E+00  0.209931203493096E+00 
 0.491969884906924E+00  0.892503912858009E-01  0.433698501365876E+00 
 0.496429989800552E+00  0.596428137047881E-01  0.432059991825945E+00 
 0.499108370596686E+00  0.298468490853141E-01  0.429950028070397E+00 
 0.296558927370864E+00  0.402557825158874E+00  0.426480797419887E+00 
 0.316300456890170E+00  0.387238971400181E+00  0.422091420080846E+00 
 0.336573727455551E+00  0.369754142622739E+00  0.418767699945653E+00 
 0.356982159802540E+00  0.350091041848708E+00  0.416356489835247E+00 
 0.376844857396783E+00  0.328615205755300E+00  0.414593816575128E+00 
 0.395665331293678E+00  0.305694202778306E+00  0.413153010844486E+00 
 0.413189681219299E+00  0.281556898927897E+00  0.411900330102623E+00 
 0.429286485914846E+00  0.256345690447261E+00  0.410751362011267E+00 
 0.443864466202136E+00  0.230183265341104E+00  0.409664832250057E+00 
 0.456857412018355E+00  0.203178013288572E+00  0.408580873353928E+00 
 0.468209146559971E+00  0.175442854165062E+00  0.407465560421637E+00 
 0.477873999582326E+00  0.147093305500933E+00  0.406321306533303E+00 
 0.485821993497121E+00  0.118224323362340E+00  0.405125292985275E+00 
 0.492022708213412E+00  0.889587241496840E-01  0.403819065702006E+00 
 0.496458638023950E+00  0.594038780838814E-01  0.402209433733245E+00 
 0.499116431166760E+00  0.297117508631938E-01  0.400111776330733E+00 
 0.296617790445866E+00  0.402514454884557E+00  0.396430973927241E+00 
 0.316500574875698E+00  0.387075426891649E+00  0.391984395870338E+00 
 0.336921314868181E+00  0.369437447462349E+00  0.388764862991516E+00 
 0.357421000532261E+00  0.349643001329238E+00  0.386519264595396E+00 
 0.377331002175754E+00  0.328056877381105E+00  0.384819888761679E+00 
 0.396138837288197E+00  0.305080352680987E+00  0.383360054793883E+00 
 0.413632308874329E+00  0.280906235344272E+00  0.382047905935975E+00 
 0.429688822552615E+00  0.255670717473370E+00  0.380899160740705E+00 
 0.444231061966166E+00  0.229474973764924E+00  0.379840826976739E+00 
 0.457183119388632E+00  0.202444054854867E+00  0.378768150280409E+00 
 0.468484666033573E+00  0.174705803256250E+00  0.377627182737257E+00 
 0.478097712336129E+00  0.146364536206555E+00  0.376445347416361E+00 
 0.485988188941671E+00  0.117539270923360E+00  0.375295126780685E+00 
 0.492135857815268E+00  0.883306144687701E-01  0.374098695407773E+00 
 0.470804122589468E+00  0.168355214213165E+00  0.467307237029962E-01 
 0.476551636625631E+00  0.151322627618716E+00  0.695878661919486E-01 
 0.482024815184242E+00  0.132861121275553E+00  0.919849953151798E-01 
 0.486998134381592E+00  0.113282024650205E+00  0.114059324005094E+00 
 0.491198036312589E+00  0.934049737575952E-01  0.135815298051967E+00 
 0.494546384383817E+00  0.736469530455567E-01  0.156945372577603E+00 
 0.497385665655357E+00  0.510636818157182E-01  0.176217930105346E+00 
 0.499274019238266E+00  0.269342479692268E-01  0.196033511996769E+00 
 0.496518415730534E+00  0.589021463143787E-01  0.372592588452137E+00 
 0.499134163484664E+00  0.294123586688376E-01  0.370516241513581E+00 
 0.296822208346691E+00  0.402363736726104E+00  0.365923575705733E+00 
 0.316980469106831E+00  0.386682534134674E+00  0.361789491205642E+00 
 0.337642064830098E+00  0.368778844373248E+00  0.358853837024842E+00 
 0.358301747178237E+00  0.348740387636739E+00  0.356904814920465E+00 
 0.378256519711807E+00  0.326989304558285E+00  0.355308655658877E+00 
 0.397024119273843E+00  0.303927374079449E+00  0.353706266293755E+00 
 0.414441771772261E+00  0.279710596528393E+00  0.352277787214611E+00 
 0.430439835215687E+00  0.254404300788120E+00  0.351154277329594E+00 
 0.444918136439527E+00  0.228139983052464E+00  0.350212946896642E+00 
 0.457790305533262E+00  0.201067242880990E+00  0.349173482399036E+00 
 0.468997105593267E+00  0.173325459598806E+00  0.347943357122594E+00 
 0.478507144689038E+00  0.145020386434267E+00  0.346680937250781E+00 
 0.486302256639720E+00  0.116233021070245E+00  0.345590516310467E+00 
 0.492347103581353E+00  0.871454507995252E-01  0.344703973099452E+00 
 0.496633121144220E+00  0.579270487989041E-01  0.343349078335250E+00 
 0.499166687849608E+00  0.288551163791063E-01  0.341225860209608E+00 
 0.297305829769161E+00  0.402006521819324E+00  0.335269313298702E+00 
 0.317950008037910E+00  0.385885724520477E+00  0.331632092872875E+00 
 0.339025467142766E+00  0.367507459282978E+00  0.329047738261314E+00 
 0.359898380322612E+00  0.347092431264585E+00  0.327791198446505E+00 
 0.379863145210303E+00  0.325121501766550E+00  0.326230987557684E+00 
 0.398464459583573E+00  0.302036544889473E+00  0.324171984858336E+00 
 0.415773116025405E+00  0.277727773171005E+00  0.322503482790086E+00 
 0.431710361075226E+00  0.252242272706812E+00  0.321588675172574E+00 
 0.446088969611103E+00  0.225842049209850E+00  0.320971737282891E+00 
 0.458806704471633E+00  0.198737032109972E+00  0.319975444849518E+00 
 0.469829849692921E+00  0.171055290293890E+00  0.318500915763884E+00 
 0.479180592422035E+00  0.142779409741278E+00  0.316984440223972E+00 
 0.486833005079904E+00  0.113989583580562E+00  0.316030441971422E+00 
 0.492714478999756E+00  0.850437662853627E-01  0.315942627709566E+00 
 0.464561981434802E+00  0.184884194579662E+00  0.236290845465554E-01 
 0.496826541140278E+00  0.562440042901255E-01  0.314770348260554E+00 
 0.499216606132399E+00  0.279782086926504E-01  0.312259086577160E+00 
 0.298203860773169E+00  0.401340824512006E+00  0.305110803658047E+00 
 0.319654452973444E+00  0.384475006592429E+00  0.301600152499972E+00 
 0.341493895667867E+00  0.365214894577951E+00  0.299157860008140E+00 
 0.362658435494391E+00  0.344207581503895E+00  0.299897124220709E+00 
 0.382296973274073E+00  0.322256146916521E+00  0.297792085594776E+00 
 0.400427241073483E+00  0.299429498557305E+00  0.294313631460687E+00 
 0.417768148780635E+00  0.274717625689363E+00  0.292541609746933E+00 
 0.433746194283590E+00  0.248725227800685E+00  0.292367924116600E+00 
 0.447921948638562E+00  0.222184445737846E+00  0.292536968575049E+00 
 0.460312477522081E+00  0.195224032940322E+00  0.291439492533850E+00 
 0.471001855296966E+00  0.167801228561701E+00  0.289266303320600E+00 
 0.480145463696195E+00  0.139500299970880E+00  0.287177049672260E+00 
 0.487695115454529E+00  0.110242797323878E+00  0.286348834446397E+00 
 0.493324072537981E+00  0.814331594287088E-01  0.288729664216334E+00 
 0.497112684139858E+00  0.536561205014461E-01  0.287197546494318E+00 
 0.499264017919432E+00  0.271190046083072E-01  0.283363569377559E+00 
 0.303378345745524E+00  0.397443806509435E+00  0.246948375955814E+00 
 0.323932558764177E+00  0.380877535925254E+00  0.241416969944567E+00 
 0.343213320973509E+00  0.363599527373641E+00  0.236118547696870E+00 
 0.363658349397293E+00  0.343150994335782E+00  0.246987039179094E+00 
 0.385213463385442E+00  0.318764156746948E+00  0.238090644872098E+00 
 0.299678698653460E+00  0.400240774501260E+00  0.275655192458023E+00 
 0.322257197758574E+00  0.382296087467281E+00  0.271602830454642E+00 
 0.346026413957296E+00  0.360923427950936E+00  0.267587390135802E+00 
 0.367731703627447E+00  0.338782222301075E+00  0.275780088578853E+00 
 0.384347078512251E+00  0.319808260117055E+00  0.268421684722234E+00 
 0.402600721041848E+00  0.296500690415021E+00  0.262993476450265E+00 
 0.420791720458735E+00  0.270063562876182E+00  0.262309365857714E+00 
 0.436980596328536E+00  0.242997856847252E+00  0.264038179662621E+00 
 0.450562491169681E+00  0.216779707424315E+00  0.265779332987079E+00 
 0.462203674409497E+00  0.190703338624051E+00  0.263695531999465E+00 
 0.472297349283314E+00  0.164119510905789E+00  0.259875803093453E+00 
 0.481310218143269E+00  0.135427005840338E+00  0.256762954706477E+00 
 0.489193071763863E+00  0.103393126165312E+00  0.255121724571267E+00 
 0.494446537063451E+00  0.743143457615139E-01  0.265931151597707E+00 
 0.497271893188375E+00  0.521599870096736E-01  0.259348950240756E+00 
 0.499238667365780E+00  0.275817513374257E-01  0.253212082919730E+00 
 0.499492965703097E+00  0.225117127985658E-01  0.220915035521786E-01 
 0.475197384484560E+00  0.155523135832045E+00  0.229627944518148E-01 
 0.480084353692712E+00  0.139710462526795E+00  0.456268958548101E-01 
 0.484716550679055E+00  0.122677893272582E+00  0.679574320863528E-01 
 0.488990560116382E+00  0.104346691931594E+00  0.899627614140006E-01 
 0.492680651988038E+00  0.852395164031432E-01  0.111710181666427E+00 
 0.495582423666235E+00  0.663178810962776E-01  0.132932765963357E+00 
 0.497454527671668E+00  0.503884202863833E-01  0.152559569011404E+00 
 0.499379663371066E+00  0.248988315268127E-01  0.164674492369360E+00 
 0.499209323448154E+00  0.281078526827725E-01  0.451124933744049E-01 
 0.497765171425346E+00  0.472211193841904E-01  0.223968626590071E-01 
 0.499515525503941E+00  0.220054488825381E-01  0.885083324330721E-01 
 0.498607883401552E+00  0.372850990319775E-01  0.667159092374252E-01 
 0.496838324700384E+00  0.561398174998416E-01  0.444906779398277E-01 
 0.494648165580000E+00  0.729602103090490E-01  0.223477880370399E-01 
 0.499223901443289E+00  0.278477329012907E-01  0.111027710209236E+00 
 0.497694843096129E+00  0.479566799885035E-01  0.884990129138649E-01 
 0.495614252400454E+00  0.660795945624598E-01  0.664281901404207E-01 
 0.492956261989965E+00  0.836308780587748E-01  0.444763769565636E-01 
 0.490067783790670E+00  0.991643448549013E-01  0.223895985930042E-01 
 0.498630157384933E+00  0.369860263650599E-01  0.134132443736730E+00 
 0.496759449771234E+00  0.568335205928719E-01  0.110803285810603E+00 
 0.494189503326729E+00  0.760048340678500E-01  0.887733468978518E-01 
 0.491025576670289E+00  0.943073860077264E-01  0.668820744184051E-01 
 0.487438758805451E+00  0.111370805933161E+00  0.448578931901910E-01 
 0.483689124306064E+00  0.126668192645324E+00  0.225366121998462E-01 
 0.277000011969358E+00  0.324961541710412E+00  0.218831372126975E-01 
 0.277000011969358E+00  0.324961541710412E+00  0.534985117846787E-01 
 0.277000011969358E+00  0.324961541710412E+00  0.830887566037111E-01 
 0.277000011969358E+00  0.324961541710412E+00  0.114928567985738E+00 
 0.277000011969358E+00  0.324961541710412E+00  0.147702528803431E+00 
 0.277000011969358E+00  0.324961541710412E+00  0.176418398400384E+00 
 0.277000011969358E+00  0.324961541710412E+00  0.202753623229085E+00 
 0.277000011969358E+00  0.324961541710412E+00  0.231531147896930E+00 
 0.277000011969358E+00  0.324961541710412E+00  0.259935827447386E+00 
 0.277000011969358E+00  0.324961541710412E+00  0.288974624823724E+00 
 0.277000011969358E+00  0.324961541710412E+00  0.320305887808949E+00 
 0.277000011969358E+00  0.324961541710412E+00  0.355413035453267E+00 
 0.277000011969358E+00  0.324961541710412E+00  0.390221737804170E+00 
 0.277000011969358E+00  0.324961541710412E+00  0.418946681066252E+00 
 0.277000011969358E+00  0.324961541710412E+00  0.443640892939975E+00 
 0.277000011969358E+00  0.324961541710412E+00  0.471046776032895E+00 
 0.277000011969358E+00  0.324961541710412E+00  0.500286620321739E+00 
 0.277000011969358E+00  0.324961541710412E+00  0.528873941062885E+00 
 0.277000011969358E+00  0.324961541710412E+00  0.556533073871786E+00 
 0.277000011969358E+00  0.324961541710412E+00  0.585637648169158E+00 
 0.277000011969358E+00  0.324961541710412E+00  0.615706385824100E+00 
 0.277000011969358E+00  0.324961541710412E+00  0.647579290760095E+00 
 0.277000011969358E+00  0.324961541710412E+00  0.679285203300642E+00 
 0.277000011969358E+00  0.324961541710412E+00  0.711191323980257E+00 
 0.277000011969358E+00  0.324961541710412E+00  0.744320066514284E+00 
 0.277000011969358E+00  0.324961541710412E+00  0.781577975274044E+00 
 0.277000011969358E+00  0.324961541710412E+00  0.818519274057614E+00 
 0.277000011969358E+00  0.324961541710412E+00  0.850010295816915E+00 
 0.277000011969358E+00  0.324961541710412E+00  0.878807116668272E+00 
 0.277000011969358E+00  0.324961541710412E+00  0.906509187601911E+00 
 0.277000011969358E+00  0.324961541710412E+00  0.933395305782223E+00 
 0.277000011969358E+00  0.324961541710412E+00  0.958668915567211E+00 
 0.277000011969358E+00  0.324961541710412E+00  0.981823035588249E+00 
 0.277000011969358E+00  0.344924395807244E+00  0.675466744699315E-01 
 0.277000011969358E+00  0.344963554184801E+00  0.252792797196189E+00 
 0.277000011969358E+00  0.344190764022120E+00  0.276524616617901E+00 
 0.277000011969358E+00  0.345593812447512E+00  0.410143656144127E+00 
 0.277000011969358E+00  0.344906855095657E+00  0.433059233974479E+00 
 0.277000011969358E+00  0.345022495993273E+00  0.521854403520168E+00 
 0.277000011969358E+00  0.346600855560970E+00  0.547887923770939E+00 
 0.277000011969358E+00  0.345006178002056E+00  0.573692271867758E+00 
 0.277000011969358E+00  0.344942283209402E+00  0.923425380289511E+00 
 0.277000011969358E+00  0.346059786957590E+00  0.947824629310885E+00 
 0.277000011969358E+00  0.342849386270679E+00  0.971280864136162E+00 
 0.277000011969358E+00  0.364648750041520E+00  0.968182471787869E+00 
 0.277000011969358E+00  0.389653550236185E+00  0.958056191621999E+00 
 0.277000011969358E+00  0.399207104700662E+00  0.979922277172061E+00 
 0.277000011969358E+00  0.369192901138316E+00  0.934136388875841E+00 
 0.277000011969358E+00  0.394956090849042E+00  0.931009893201579E+00 
 0.277000011969358E+00  0.383848482589200E+00  0.910836847097731E+00 
 0.277000011969358E+00  0.356269935879749E+00  0.899491121330553E+00 
 0.277000011969358E+00  0.385690664513203E+00  0.885089879990475E+00 
 0.277000011969358E+00  0.355548529816603E+00  0.835777007491341E+00 
 0.277000011969358E+00  0.355656169979191E+00  0.867173257635350E+00 
 0.277000011969358E+00  0.385968681610029E+00  0.855129310136218E+00 
 0.277000011969358E+00  0.385992674662049E+00  0.823207445020130E+00 
 0.277000011969358E+00  0.355232016956388E+00  0.769461211582881E+00 
 0.277000011969358E+00  0.355349203395424E+00  0.803036695627658E+00 
 0.277000011969358E+00  0.385856933266832E+00  0.790643565763873E+00 
 0.277000011969358E+00  0.385681533775358E+00  0.759256535505031E+00 
 0.277000011969358E+00  0.355413206788797E+00  0.704878876784798E+00 
 0.277000011969358E+00  0.355329517382095E+00  0.736579119627029E+00 
 0.277000011969358E+00  0.387486044378848E+00  0.272070096133640E-01 
 0.277000011969358E+00  0.385722376974834E+00  0.729129055918629E+00 
 0.277000011969358E+00  0.385809078053350E+00  0.699334744676631E+00 
 0.277000011969358E+00  0.355665767925187E+00  0.641214974102614E+00 
 0.277000011969358E+00  0.355513562210951E+00  0.673439618178587E+00 
 0.277000011969358E+00  0.385948421307223E+00  0.669242503284693E+00 
 0.277000011969358E+00  0.386310715827086E+00  0.638671860049287E+00 
 0.277000011969358E+00  0.355808662388206E+00  0.604965541237480E+00 
 0.277000011969358E+00  0.388288312025996E+00  0.608687651762625E+00 
 0.277000011969358E+00  0.361485786876348E+00  0.246455111532453E-01 
 0.277000011969358E+00  0.345773245926562E+00  0.441812104792519E-01 
 0.277000011969358E+00  0.370409533506088E+00  0.572706495721150E+00 
 0.277000011969358E+00  0.396092740838823E+00  0.584800939499696E+00 
 0.277000011969358E+00  0.367430786242244E+00  0.536498732659527E+00 
 0.277000011969358E+00  0.393583355661122E+00  0.553962701657492E+00 
 0.277000011969358E+00  0.385707449708865E+00  0.522016998862543E+00 
 0.277000011969358E+00  0.357895008608854E+00  0.500184409101752E+00 
 0.277000011969358E+00  0.386954964015615E+00  0.493869193156706E+00 
 0.277000011969358E+00  0.356118884780027E+00  0.461940631419994E+00 
 0.277000011969358E+00  0.388613199996903E+00  0.463581637808035E+00 
 0.277000011969358E+00  0.369802718638473E+00  0.429544697986536E+00 
 0.277000011969358E+00  0.395806037654138E+00  0.567339132226053E-01 
 0.277000011969358E+00  0.369556174477231E+00  0.575372173216291E-01 
 0.277000011969358E+00  0.396004381660318E+00  0.439292383310172E+00 
 0.277000011969358E+00  0.391107765259943E+00  0.411316860487266E+00 
 0.277000011969358E+00  0.359130618326072E+00  0.387731894474396E+00 
 0.277000011969358E+00  0.387640522824646E+00  0.377617072959910E+00 
 0.277000011969358E+00  0.356343726537818E+00  0.348418789173411E+00 
 0.277000011969358E+00  0.386619508390277E+00  0.342934023317715E+00 
 0.277000011969358E+00  0.355580585349225E+00  0.307740863938635E+00 
 0.277000011969358E+00  0.388060319386404E+00  0.308728418784834E+00 
 0.277000011969358E+00  0.389092949398432E+00  0.881958986210947E-01 
 0.277000011969358E+00  0.357046740381215E+00  0.956868567533040E-01 
 0.277000011969358E+00  0.368287870672858E+00  0.271734260435312E+00 
 0.277000011969358E+00  0.395268016901804E+00  0.278158817334196E+00 
 0.277000011969358E+00  0.385346623717085E+00  0.249660149849476E+00 
 0.277000011969358E+00  0.356302697248232E+00  0.196646056655078E+00 
 0.277000011969358E+00  0.357842327300951E+00  0.230698351609434E+00 
 0.277000011969358E+00  0.386720205011775E+00  0.219622780654608E+00 
 0.277000011969358E+00  0.386450085817750E+00  0.186794610413517E+00 
 0.277000011969358E+00  0.355982465339020E+00  0.132937613856203E+00 
 0.277000011969358E+00  0.355944872563757E+00  0.165425346139290E+00 
 0.277000011969358E+00  0.386259056058691E+00  0.154463015284582E+00 
 0.277000011969358E+00  0.386612457441969E+00  0.121609381032525E+00 
 0.427000011969366E+00  0.173472347597681E-16  0.213958356077324E-01 
 0.427000011969366E+00 -0.381639164714898E-16  0.489361022112953E-01 
 0.427000011969366E+00  0.173472347597681E-16  0.789730898132142E-01 
 0.427000011969366E+00 -0.381639164714898E-16  0.110344783447192E+00 
 0.427000011969366E+00  0.173472347597681E-16  0.139516118462772E+00 
 0.427000011969366E+00 -0.381639164714898E-16  0.169500754439073E+00 
 0.427000011969366E+00  0.173472347597681E-16  0.200500763353534E+00 
 0.427000011969366E+00 -0.381639164714898E-16  0.231921733867096E+00 
 0.427000011969366E+00  0.173472347597681E-16  0.262857570398145E+00 
 0.427000011969366E+00 -0.381639164714898E-16  0.293449104166073E+00 
 0.427000011969366E+00  0.173472347597681E-16  0.323469841266269E+00 
 0.427000011969366E+00 -0.381639164714898E-16  0.352520963556120E+00 
 0.427000011969366E+00  0.173472347597681E-16  0.378612178074871E+00 
 0.427000011969366E+00 -0.381639164714898E-16  0.404210549544725E+00 
 0.427000011969366E+00  0.173472347597681E-16  0.437828523524410E+00 
 0.427000011969366E+00 -0.381639164714898E-16  0.470231920636822E+00 
 0.427000011969366E+00  0.173472347597681E-16  0.501998137665020E+00 
 0.427000011969366E+00 -0.381639164714898E-16  0.533146832770267E+00 
 0.427000011969366E+00  0.173472347597681E-16  0.563585603062175E+00 
 0.427000011969366E+00 -0.381639164714898E-16  0.593595524053294E+00 
 0.427000011969366E+00  0.173472347597681E-16  0.623526163851066E+00 
 0.427000011969366E+00 -0.381639164714898E-16  0.653154356516893E+00 
 0.427000011969366E+00  0.173472347597681E-16  0.684048030921713E+00 
 0.427000011969366E+00 -0.381639164714898E-16  0.714665833074277E+00 
 0.427000011969366E+00  0.173472347597681E-16  0.745376689374781E+00 
 0.427000011969366E+00 -0.381639164714898E-16  0.775348518894378E+00 
 0.427000011969366E+00  0.173472347597681E-16  0.802738291657101E+00 
 0.427000011969366E+00 -0.381639164714898E-16  0.831445201211054E+00 
 0.427000011969366E+00  0.173472347597681E-16  0.860267189061184E+00 
 0.427000011969366E+00 -0.381639164714898E-16  0.891066008881422E+00 
 0.427000011969366E+00  0.173472347597681E-16  0.921447569273541E+00 
 0.427000011969366E+00 -0.381639164714898E-16  0.947899636604709E+00 
 0.427000011969366E+00  0.173472347597681E-16  0.977224732167380E+00 
 0.397173310243500E+00  0.156787664859357E+00  0.902208984700805E+00 
 0.390674309416456E+00  0.172344405722396E+00  0.876906090967066E+00 
 0.384277020513432E+00  0.186172451579580E+00  0.904216680668418E+00 
 0.389684140297717E+00  0.174571707393437E+00  0.104567638725916E+00 
 0.382737082100223E+00  0.189318082092650E+00  0.794692934008941E-01 
 0.395525290772895E+00  0.160899827783768E+00  0.767513670716050E-01 
 0.423405602432129E+00  0.552874854819593E-01  0.829039432490497E+00 
 0.419736139034641E+00  0.784256578558611E-01  0.820672426775915E+00 
 0.418362763659918E+00  0.854494482408596E-01  0.849516234647378E+00 
 0.413855814221569E+00  0.105130277545681E+00  0.824317227515236E+00 
 0.413079073000570E+00  0.108141988472653E+00  0.877657896371520E+00 
 0.409234382607024E+00  0.121886136677132E+00  0.851375328278921E+00 
 0.404894509604891E+00  0.135607692678710E+00  0.824950970945948E+00 
 0.407811165129091E+00  0.126566440330294E+00  0.902625972160947E+00 
 0.403263299610005E+00  0.140384192163789E+00  0.877291447559107E+00 
 0.398336560131473E+00  0.153808306292133E+00  0.851635734261835E+00 
 0.394533065293438E+00  0.163317698404043E+00  0.826431823142670E+00 
 0.398010970867822E+00  0.154648883897307E+00  0.946617201149576E+00 
 0.388285562884106E+00  0.177660721257132E+00  0.953118141773585E+00 
 0.402653658468435E+00  0.142123332158424E+00  0.925925505421111E+00 
 0.391840375415332E+00  0.169676546452956E+00  0.927004918301107E+00 
 0.379415616934777E+00  0.195889764530551E+00  0.931911845865374E+00 
 0.424685981136851E+00  0.443940046364483E-01  0.208584526392709E-01 
 0.426166943010125E+00  0.266598369693496E-01  0.396317770875113E-01 
 0.383340871775324E+00  0.188092493865030E+00  0.847772895334490E+00 
 0.374943001399851E+00  0.204320228864163E+00  0.879141724552996E+00 
 0.369611013698596E+00  0.213814659868142E+00  0.909303673179712E+00 
 0.372165330311121E+00  0.209336994189386E+00  0.828011886171781E+00 
 0.357955869751663E+00  0.232801644178392E+00  0.887692420217433E+00 
 0.360684688178873E+00  0.228551013857173E+00  0.852574287894255E+00 
 0.345112788275382E+00  0.251448152887672E+00  0.871244479907963E+00 
 0.349472067630048E+00  0.245353386298642E+00  0.832727215845111E+00 
 0.338880728677011E+00  0.259786185069892E+00  0.847487973790028E+00 
 0.319828376456378E+00  0.282911328573294E+00  0.833386032222613E+00 
 0.390051151039327E+00  0.173750136099880E+00  0.784164767192376E+00 
 0.378748183982307E+00  0.197177136990922E+00  0.785026905249543E+00 
 0.364606043192100E+00  0.222241858095259E+00  0.784950331799687E+00 
 0.408793005200388E+00  0.123358376777032E+00  0.737552339172982E+00 
 0.356378849735783E+00  0.235208685389873E+00  0.733059474979884E+00 
 0.408393217134707E+00  0.124675540585123E+00  0.675150566956933E+00 
 0.355549528306751E+00  0.236460447311339E+00  0.675460583219843E+00 
 0.409192864467548E+00  0.122025447717562E+00  0.613373381363584E+00 
 0.354244683294447E+00  0.238410810533937E+00  0.614932602937590E+00 
 0.406773641067299E+00  0.129862293044134E+00  0.528534656645110E+00 
 0.353154397843732E+00  0.240022877046049E+00  0.523317909465756E+00 
 0.402352972401625E+00  0.142972360340753E+00  0.471096811138193E+00 
 0.391569623521385E+00  0.170300440860121E+00  0.471573475801597E+00 
 0.380417510369939E+00  0.193936917645324E+00  0.473809233184092E+00 
 0.390556785255478E+00  0.172610566631179E+00  0.366236860966012E+00 
 0.420180052594477E+00  0.760114045623055E-01  0.227974328352598E-01 
 0.423361360364221E+00  0.556252530096554E-01  0.439189797274495E-01 
 0.425773204120009E+00  0.323448431007140E-01  0.626931231028909E-01 
 0.378519768112214E+00  0.197615271095399E+00  0.367455314280216E+00 
 0.363113951068672E+00  0.224671468507086E+00  0.368539624739469E+00 
 0.407631904323993E+00  0.127142600252722E+00  0.290506757318828E+00 
 0.353299233008179E+00  0.239809637374449E+00  0.283723273286491E+00 
 0.405849785901491E+00  0.132721367931250E+00  0.233217411301942E+00 
 0.351781653512245E+00  0.242030325525588E+00  0.221648503154790E+00 
 0.313353052606758E+00  0.290067017504328E+00  0.159585730776011E+00 
 0.330078350029467E+00  0.270882434025639E+00  0.170315480870479E+00 
 0.329522773258681E+00  0.271558008767440E+00  0.141950394709117E+00 
 0.347056770770574E+00  0.248758131694488E+00  0.152439752387370E+00 
 0.344498737893746E+00  0.252288782571574E+00  0.122310767511656E+00 
 0.357575247009295E+00  0.233385845646376E+00  0.100511214488492E+00 
 0.364524261074272E+00  0.222375972870472E+00  0.161036768821616E+00 
 0.362269300704973E+00  0.226030891668733E+00  0.129610832314506E+00 
 0.379252522684918E+00  0.196205336978785E+00  0.168571406715123E+00 
 0.380974791364522E+00  0.192839878050654E+00  0.135959490934745E+00 
 0.374352440945441E+00  0.205400243865539E+00  0.105080750399296E+00 
 0.368184969164373E+00  0.216261042962579E+00  0.780699205042437E-01 
 0.422400275282243E+00  0.625061410048443E-01  0.143497666251937E+00 
 0.416753128771885E+00  0.929830085589595E-01  0.155140407095325E+00 
 0.416676506595962E+00  0.933257685358996E-01  0.125018641804016E+00 
 0.401149660690821E+00  0.146314592400991E+00  0.178927828260211E+00 
 0.407487686138079E+00  0.127604058978008E+00  0.150663494325328E+00 
 0.407897917174132E+00  0.126286576431678E+00  0.121069229353452E+00 
 0.412141251737793E+00  0.111662880304220E+00  0.976399527479404E-01 
 0.392917118549744E+00  0.167168023773676E+00  0.158727090745190E+00 
 0.397710820369184E+00  0.155419154492294E+00  0.128693824615817E+00 
 0.402165909503361E+00  0.143497705400341E+00  0.100080081799511E+00 
 0.406574595501872E+00  0.130484131273953E+00  0.741460703162906E-01 
 0.376227036728381E+00  0.201946099384004E+00  0.574659228138909E-01 
 0.388116581607890E+00  0.178029574236523E+00  0.526489543651562E-01 
 0.400123960276675E+00  0.149096702291965E+00  0.503664315157518E-01 
 0.426345465938868E+00  0.236337448407283E-01  0.929107149542548E+00 
 0.422510742696230E+00  0.617550202664693E-01  0.979240758867074E+00 
 0.413363296842547E+00  0.107050432251765E+00  0.239362519096476E-01 
 0.418004096882342E+00  0.871870702077396E-01  0.467698271306611E-01 
 0.421793564916065E+00  0.664770548176541E-01  0.682475513255870E-01 
 0.424625517560589E+00  0.449686563979000E-01  0.873123750137768E-01 
 0.426175866476943E+00  0.265168070184568E-01  0.104585387695504E+00 
 0.425638153694930E+00  0.340759789441105E-01  0.965038289692063E+00 
 0.425287330290238E+00  0.382059801134725E-01  0.909225976697398E+00 
 0.423710696121720E+00  0.528985464250122E-01  0.933204249818667E+00 
 0.421092330952567E+00  0.707831832765789E-01  0.955476931925891E+00 
 0.417827226523330E+00  0.880307843748620E-01  0.977251917980381E+00 
 0.426339880573171E+00  0.237342885859600E-01  0.861704608105373E+00 
 0.424724746187478E+00  0.440215878611075E-01  0.884111795532686E+00 
 0.421918894681500E+00  0.656769101935654E-01  0.906966279542575E+00 
 0.418725948357362E+00  0.836516012641713E-01  0.930325741909158E+00 
 0.414878820186910E+00  0.101017695391193E+00  0.953103934374023E+00 
 0.410525014891880E+00  0.117465834904668E+00  0.976016836141771E+00 
 0.425844176874144E+00  0.313966119861850E-01  0.837252199568556E+00 
 0.423695487334727E+00  0.530202247639520E-01  0.857337751085276E+00 
 0.420206228137610E+00  0.758665674470304E-01  0.879942471721582E+00 
 0.416072563714470E+00  0.959824564485541E-01  0.904370434640921E+00 
 0.411606927247599E+00  0.113616669831584E+00  0.928041760515668E+00 
 0.406694185696216E+00  0.130110912465944E+00  0.950987037146592E+00 
 0.399274845548834E+00  0.151355898245769E+00  0.973029701820118E+00 
 0.296490260984298E+00  0.307282500906403E+00  0.975444814202624E+00 
 0.336102750396337E+00  0.263370369248038E+00  0.979493403253763E+00 
 0.317912861665049E+00  0.285062138155471E+00  0.970529301273207E+00 
 0.298023058844338E+00  0.305796119365330E+00  0.947524823387021E+00 
 0.349826347243409E+00  0.244847987527292E+00  0.972827102682269E+00 
 0.291070553670658E+00  0.312421098851675E+00  0.890559914858527E+00 
 0.334844873117842E+00  0.264967773830189E+00  0.954311988061638E+00 
 0.318009966716792E+00  0.284953805538046E+00  0.936398508913350E+00 
 0.299206506076419E+00  0.304638272289239E+00  0.915344086770613E+00 
 0.362196855099040E+00  0.226146961903533E+00  0.962801163355347E+00 
 0.350479461500619E+00  0.243912191757746E+00  0.944758049163915E+00 
 0.336502826913030E+00  0.262859007266956E+00  0.925599544045187E+00 
 0.321481768930474E+00  0.281031105871152E+00  0.905117223456393E+00 
 0.307579116247813E+00  0.296182540792067E+00  0.884620020853974E+00 
 0.292977913219391E+00  0.310633147921213E+00  0.866100254679339E+00 
 0.426159006088810E+00  0.267864098233632E-01  0.806652780791476E+00 
 0.423145495832845E+00  0.572442099972370E-01  0.799197952476019E+00 
 0.404162199894404E+00  0.137774912078883E+00  0.248151021343363E-01 
 0.410229135642701E+00  0.118495006188748E+00  0.486756708393929E-01 
 0.415397509090200E+00  0.988631360188800E-01  0.718556050812087E-01 
 0.419703668968100E+00  0.785992396690155E-01  0.946688574395109E-01 
 0.423351962451859E+00  0.556967333870782E-01  0.114555075892707E+00 
 0.425981967760899E+00  0.294681754504764E-01  0.130127682393669E+00 
 0.418015557598948E+00  0.871321056044894E-01  0.797892195633603E+00 
 0.410597249814557E+00  0.117213090849747E+00  0.797987633947220E+00 
 0.399651285682138E+00  0.150359103729847E+00  0.796615935326580E+00 
 0.384715234926995E+00  0.185265210541265E+00  0.811195685223284E+00 
 0.371899645328941E+00  0.209808636681241E+00  0.804699358216580E+00 
 0.358316333823953E+00  0.232246453442876E+00  0.813714907253049E+00 
 0.338979353100299E+00  0.259657482837551E+00  0.817283323495048E+00 
 0.324310689761578E+00  0.277761744536931E+00  0.799708635312444E+00 
 0.301389588807052E+00  0.302478637230047E+00  0.807235805884638E+00 
 0.385559065108965E+00  0.183502636313847E+00  0.977932856645218E+00 
 0.375479970697131E+00  0.203331753120643E+00  0.960071925756052E+00 
 0.365452076169174E+00  0.220847889384240E+00  0.937282919376930E+00 
 0.353602684548212E+00  0.239361967952575E+00  0.916748228519191E+00 
 0.340184721734753E+00  0.258076278104128E+00  0.896770626066729E+00 
 0.326428784548046E+00  0.275269429541886E+00  0.871288784772749E+00 
 0.309155092565341E+00  0.294537160580368E+00  0.858091226997976E+00 
 0.296371022461871E+00  0.307397506929929E+00  0.837798232286013E+00 
 0.346050328724038E+00  0.250156311557027E+00  0.786628225077846E+00 
 0.329895010823868E+00  0.271105684291845E+00  0.773433762834539E+00 
 0.310339756847748E+00  0.293288672712586E+00  0.776005414379497E+00 
 0.400205538805798E+00  0.148877590425791E+00  0.727409045905131E+00 
 0.385537488527935E+00  0.183547964198474E+00  0.732553482173074E+00 
 0.369440135833156E+00  0.214109776183649E+00  0.740169278231525E+00 
 0.425969401622635E+00  0.296492681711063E-01  0.741334483281632E+00 
 0.423240784937476E+00  0.565353711170337E-01  0.734128967133550E+00 
 0.417336453168444E+00  0.903288164353656E-01  0.744235323221212E+00 
 0.425928682598764E+00  0.302285884802654E-01  0.772879442940571E+00 
 0.422133008975002E+00  0.642863356829698E-01  0.767212641664432E+00 
 0.415829038658344E+00  0.970320608371671E-01  0.774902574040073E+00 
 0.408661394481539E+00  0.123793678684465E+00  0.768174491245284E+00 
 0.397860838176997E+00  0.155034717618109E+00  0.759002260714601E+00 
 0.385608179943008E+00  0.183399405077750E+00  0.763442340006889E+00 
 0.373857163973492E+00  0.206300342141090E+00  0.761824545014205E+00 
 0.359087288907428E+00  0.231052654533432E+00  0.760241277933614E+00 
 0.342993661747582E+00  0.254331197895217E+00  0.754728327630457E+00 
 0.324490265355006E+00  0.277551937322850E+00  0.749064116291280E+00 
 0.302599372416239E+00  0.301268368792890E+00  0.747424112720330E+00 
 0.340059486642437E+00  0.258241274327542E+00  0.726582812482013E+00 
 0.321048630918485E+00  0.281525819077391E+00  0.721098123777347E+00 
 0.299788686114990E+00  0.304065377672761E+00  0.716627464383811E+00 
 0.396760390694592E+00  0.157829663237633E+00  0.666530299272093E+00 
 0.383186904466356E+00  0.188405961867782E+00  0.669246800985270E+00 
 0.370932986813462E+00  0.211512953540622E+00  0.685143371016397E+00 
 0.425912303767263E+00  0.304584917796513E-01  0.680333954414298E+00 
 0.423093566871039E+00  0.576267636968618E-01  0.676455982817916E+00 
 0.417271802572385E+00  0.906269992873176E-01  0.683649840688707E+00 
 0.425890972551731E+00  0.307553202026705E-01  0.710657157497749E+00 
 0.422008933373640E+00  0.650958552803068E-01  0.706723883229050E+00 
 0.415389595475251E+00  0.988963810901971E-01  0.716257928612458E+00 
 0.408381525455417E+00  0.124713831985612E+00  0.706498037553888E+00 
 0.398054916787856E+00  0.154535735164531E+00  0.699457190572502E+00 
 0.384952311441510E+00  0.184772097833170E+00  0.696277396163663E+00 
 0.371037616193847E+00  0.211329358090684E+00  0.714531712195232E+00 
 0.376363788729547E+00  0.201691122152100E+00  0.292206208823644E-01 
 0.363181704149882E+00  0.224561929081090E+00  0.511397676190374E-01 
 0.352253321163101E+00  0.241343340391644E+00  0.732997213798693E-01 
 0.340098261909207E+00  0.258190205988080E+00  0.946848975245146E-01 
 0.326623815836186E+00  0.275037984922881E+00  0.114698908062387E+00 
 0.312195932528465E+00  0.291312049071974E+00  0.132921035395322E+00 
 0.298064480377873E+00  0.305755745259021E+00  0.148730115781564E+00 
 0.355781019405604E+00  0.236111999806323E+00  0.705097492848712E+00 
 0.338569563707639E+00  0.260191584707594E+00  0.697782245435961E+00 
 0.319375659808840E+00  0.283422296482647E+00  0.691570005954862E+00 
 0.298708586750174E+00  0.305126515438341E+00  0.685649369141762E+00 
 0.337790135706586E+00  0.261202669284134E+00  0.668153724686523E+00 
 0.318562985834568E+00  0.284335425647234E+00  0.661444704495406E+00 
 0.298228927864255E+00  0.305595348143206E+00  0.654710588342494E+00 
 0.401256983181163E+00  0.146020011197715E+00  0.604796178979608E+00 
 0.387408147851298E+00  0.179565968936928E+00  0.611995773120970E+00 
 0.369137262897021E+00  0.214631524624712E+00  0.622944562338179E+00 
 0.426263307130937E+00  0.250719607454906E-01  0.616524055020483E+00 
 0.422904177107751E+00  0.590005695451189E-01  0.624171334543993E+00 
 0.416764701907900E+00  0.929311221574873E-01  0.619620039726488E+00 
 0.425611899537024E+00  0.344023428608364E-01  0.648069011880270E+00 
 0.421596715998396E+00  0.677142472541801E-01  0.655699606931948E+00 
 0.416408547368725E+00  0.945141888824057E-01  0.650574737215618E+00 
 0.408648082752673E+00  0.123837614174341E+00  0.643249038705155E+00 
 0.399408136905860E+00  0.151003809207644E+00  0.631771814966609E+00 
 0.388519122781303E+00  0.177149376106939E+00  0.645006024064208E+00 
 0.373034926423366E+00  0.207783430258880E+00  0.651159211726084E+00 
 0.355127958134451E+00  0.237093111610370E+00  0.645218476758943E+00 
 0.337198852189881E+00  0.261965540298065E+00  0.638115752765203E+00 
 0.318071284007383E+00  0.284885360297303E+00  0.631137837297477E+00 
 0.297961042777950E+00  0.305856546780525E+00  0.623895515472101E+00 
 0.336633164580533E+00  0.262692068259256E+00  0.607962503242001E+00 
 0.317705914034963E+00  0.285292766135137E+00  0.600910165133812E+00 
 0.297803306559023E+00  0.306010131898183E+00  0.593589171482412E+00 
 0.425900984407826E+00  0.306163633090700E-01  0.590796850031245E+00 
 0.422239139024932E+00  0.635855305656603E-01  0.590887022255349E+00 
 0.416137374134200E+00  0.957010766424483E-01  0.590155353440109E+00 
 0.408438238495723E+00  0.124527970979774E+00  0.585359794664073E+00 
 0.399003687718126E+00  0.152069284897264E+00  0.580464996173236E+00 
 0.392356830560462E+00  0.168478864355085E+00  0.259244337579050E-01 
 0.388036705650891E+00  0.178203606275055E+00  0.577243923552276E+00 
 0.372575290081336E+00  0.208606479867336E+00  0.590293574285720E+00 
 0.353796008369913E+00  0.239076127380692E+00  0.585067640850977E+00 
 0.336140641474846E+00  0.263322007000382E+00  0.577823854873465E+00 
 0.317376336436622E+00  0.285659362338954E+00  0.570833313557046E+00 
 0.297631211689312E+00  0.306177517218659E+00  0.563889372007571E+00 
 0.395867545396512E+00  0.160055917490015E+00  0.524594351709024E+00 
 0.383592342865797E+00  0.187579115885967E+00  0.517669382185570E+00 
 0.368832845625632E+00  0.215154228890653E+00  0.534147325277055E+00 
 0.425811383593132E+00  0.318382760891871E-01  0.530210628421661E+00 
 0.422751374218477E+00  0.600856540134257E-01  0.524614068962178E+00 
 0.416278673710451E+00  0.950845730689190E-01  0.533325103185469E+00 
 0.425730188179824E+00  0.329061862603321E-01  0.561099053818976E+00 
 0.421423642453634E+00  0.687831651128690E-01  0.557509115647355E+00 
 0.414533536781009E+00  0.102425373348884E+00  0.564747255767277E+00 
 0.407367196777260E+00  0.127988191688396E+00  0.557447419982276E+00 
 0.397134943227559E+00  0.156884821093287E+00  0.552974277432109E+00 
 0.382553355580490E+00  0.189689062299172E+00  0.550887749039621E+00 
 0.366787389057696E+00  0.218623012169513E+00  0.563567579054895E+00 
 0.352663431643665E+00  0.240743669082170E+00  0.554830090526226E+00 
 0.335653664735344E+00  0.263942470192964E+00  0.547353950914673E+00 
 0.316959624367408E+00  0.286121664231671E+00  0.540829118853325E+00 
 0.357809070346864E+00  0.233027207422965E+00  0.248258137682367E-01 
 0.346550367018974E+00  0.249463130223377E+00  0.474887085604949E-01 
 0.334667955353176E+00  0.265191194954800E+00  0.689342188988751E-01 
 0.321831120243983E+00  0.280630968113522E+00  0.890870798849204E-01 
 0.308682984877058E+00  0.295031905171661E+00  0.108059366414513E+00 
 0.294189173890246E+00  0.309486252017122E+00  0.125666528531590E+00 
 0.297345518165549E+00  0.306454977196801E+00  0.534706498115626E+00 
 0.335219013439236E+00  0.264494278294739E+00  0.516457690713297E+00 
 0.316157628438722E+00  0.287007603038373E+00  0.510875895336732E+00 
 0.296712238365195E+00  0.307068164787799E+00  0.505701865939386E+00 
 0.425222222294129E+00  0.389239243791243E-01  0.468487818454412E+00 
 0.419622218473752E+00  0.790329297508230E-01  0.471950322333497E+00 
 0.411927477432822E+00  0.112448937556836E+00  0.472761714554382E+00 
 0.425627023629311E+00  0.342147187374497E-01  0.499549079360217E+00 
 0.421353349125486E+00  0.692124656587842E-01  0.499438475485898E+00 
 0.414294495145853E+00  0.103388014361787E+00  0.501710279353387E+00 
 0.405071380830447E+00  0.135078446296748E+00  0.499633435052889E+00 
 0.394756456583368E+00  0.162776995326652E+00  0.496981582456742E+00 
 0.384765163533123E+00  0.185161494790794E+00  0.492546251772395E+00 
 0.370864132076634E+00  0.211633659328751E+00  0.498245648918836E+00 
 0.352843069570410E+00  0.240480307879798E+00  0.489461525612296E+00 
 0.333653159029684E+00  0.266466845388581E+00  0.485671388187740E+00 
 0.314339423023077E+00  0.288997815485426E+00  0.481038099971407E+00 
 0.295496600047093E+00  0.308238170223026E+00  0.477167456205354E+00 
 0.425800167783497E+00  0.319879248682047E-01  0.441341474001887E+00 
 0.422866168645262E+00  0.592723682427896E-01  0.437834573108761E+00 
 0.416955579899406E+00  0.920709216451147E-01  0.447014166196721E+00 
 0.409331238803516E+00  0.121560467099332E+00  0.443108323238527E+00 
 0.397742980437504E+00  0.155336833154666E+00  0.442620201153130E+00 
 0.385340094018481E+00  0.183962012827812E+00  0.451607438035610E+00 
 0.370013911590721E+00  0.213116670983682E+00  0.459458277538237E+00 
 0.350019689389054E+00  0.244571517683114E+00  0.452965295942813E+00 
 0.329432100748522E+00  0.271667998148927E+00  0.457998702639000E+00 
 0.311730131808997E+00  0.291810443857267E+00  0.448706808814205E+00 
 0.292381303130022E+00  0.311194768275145E+00  0.452000598155937E+00 
 0.426109855230900E+00  0.275572403721665E-01  0.417552823533975E+00 
 0.423901790854337E+00  0.513447361695207E-01  0.406670856009049E+00 
 0.417921604479494E+00  0.875816346679875E-01  0.410191613245719E+00 
 0.406880069454938E+00  0.129528449779088E+00  0.413256610973388E+00 
 0.397530220123072E+00  0.155880512928112E+00  0.415513469251887E+00 
 0.384272713757119E+00  0.186181340857700E+00  0.421052320748973E+00 
 0.366941100974884E+00  0.218364920802709E+00  0.431057110591454E+00 
 0.354739847982554E+00  0.237673411376087E+00  0.420417977249399E+00 
 0.339817454397927E+00  0.258559679587409E+00  0.230812175210851E-01 
 0.328542814638340E+00  0.272742789403032E+00  0.447494954383691E-01 
 0.316011428808208E+00  0.287168569109547E+00  0.650903531657255E-01 
 0.302611471990930E+00  0.301256215274163E+00  0.841414127373827E-01 
 0.291903152792633E+00  0.311643321140614E+00  0.102622494438820E+00 
 0.335136611749063E+00  0.264598680433572E+00  0.423550544196263E+00 
 0.316127045619713E+00  0.287041288405660E+00  0.420383094776839E+00 
 0.296646174565070E+00  0.307131986835856E+00  0.419871835088549E+00 
 0.426262977398171E+00  0.250775660994829E-01  0.384490576931295E+00 
 0.423503270958506E+00  0.545342984669063E-01  0.379257690695353E+00 
 0.419243516223224E+00  0.810178025289475E-01  0.374796622825271E+00 
 0.412374640999031E+00  0.110797859558519E+00  0.381191692235733E+00 
 0.399170920443299E+00  0.151629767836921E+00  0.384973532152147E+00 
 0.384948942637931E+00  0.184779116200317E+00  0.389307420447133E+00 
 0.369746213842239E+00  0.213580775284581E+00  0.398905020012760E+00 
 0.351968113862169E+00  0.241759088859423E+00  0.394704854590010E+00 
 0.337307337327232E+00  0.261825839838323E+00  0.394048774421704E+00 
 0.319458672960965E+00  0.283328725144220E+00  0.390209189105023E+00 
 0.299230411327403E+00  0.304614791431184E+00  0.390293097413416E+00 
 0.343090856520686E+00  0.254200067650920E+00  0.367350768912237E+00 
 0.325872059192537E+00  0.275928271946615E+00  0.357444554869170E+00 
 0.303015608638954E+00  0.300849715211756E+00  0.361113925952957E+00 
 0.426006070753931E+00  0.291176562007487E-01  0.352013586274678E+00 
 0.422814541775646E+00  0.596395295494735E-01  0.349305964398531E+00 
 0.417269204493486E+00  0.906389607354619E-01  0.350810132673411E+00 
 0.409276874249587E+00  0.121743379394184E+00  0.351642844032909E+00 
 0.399198131673593E+00  0.151558113904013E+00  0.346137554444112E+00 
 0.387431595536379E+00  0.179515372606267E+00  0.342257066129067E+00 
 0.373870963452055E+00  0.206275332769735E+00  0.342204530844014E+00 
 0.358272065498712E+00  0.232314737597766E+00  0.340412195364296E+00 
 0.340760115506880E+00  0.257316058382620E+00  0.335953843753545E+00 
 0.321428079578704E+00  0.281092511248834E+00  0.330913374085744E+00 
 0.299862747851003E+00  0.303992339826312E+00  0.327550926258551E+00 
 0.398787391481626E+00  0.152635600752609E+00  0.281259507165426E+00 
 0.383811869301680E+00  0.187129525209097E+00  0.285692940186441E+00 
 0.366846842337658E+00  0.218523235580846E+00  0.291904864615305E+00 
 0.425855300511361E+00  0.312453716285549E-01  0.289967176563597E+00 
 0.422829200964408E+00  0.595355106943135E-01  0.283855015206985E+00 
 0.416575725877987E+00  0.937745958725444E-01  0.295828315512683E+00 
 0.425817274883451E+00  0.317593865283899E-01  0.321165691484228E+00 
 0.421711684010013E+00  0.669945206063235E-01  0.317574579677273E+00 
 0.321634136002650E+00  0.280856712185517E+00  0.218389052348744E-01 
 0.310080870929108E+00  0.293562367659200E+00  0.423709618384971E-01 
 0.296241709079337E+00  0.307522129323378E+00  0.616695503812115E-01 
 0.415028416601240E+00  0.100401312916204E+00  0.327034264756762E+00 
 0.407661731510928E+00  0.127046931813958E+00  0.320529128993507E+00 
 0.396249427641075E+00  0.159108143462081E+00  0.312676146186182E+00 
 0.382967957859200E+00  0.188850611529287E+00  0.318958779207709E+00 
 0.370288495696342E+00  0.212639225395441E+00  0.316013889871584E+00 
 0.354984197852755E+00  0.237308300522059E+00  0.312398875996612E+00 
 0.338041432678350E+00  0.260877365853381E+00  0.306902518515783E+00 
 0.319000261921822E+00  0.283844751784560E+00  0.301689227170045E+00 
 0.298437122804425E+00  0.305392033219675E+00  0.296259025187379E+00 
 0.336400803828357E+00  0.262989561400192E+00  0.277575220826372E+00 
 0.317485633040409E+00  0.285537883712057E+00  0.272209810909320E+00 
 0.297542227373070E+00  0.306263992581079E+00  0.266447790175343E+00 
 0.395386999925936E+00  0.161239357823695E+00  0.224937142254910E+00 
 0.384769016329719E+00  0.185153488475082E+00  0.223404980990089E+00 
 0.370949569144797E+00  0.211483870243389E+00  0.227407627460032E+00 
 0.425562088029149E+00  0.350131325947772E-01  0.228010383347839E+00 
 0.421826055931596E+00  0.662705723456972E-01  0.225072054742862E+00 
 0.415259575358498E+00  0.994409135864614E-01  0.238055166921126E+00 
 0.425701203810722E+00  0.332790519085347E-01  0.259137829770823E+00 
 0.421159737238424E+00  0.703810056129772E-01  0.257059627292202E+00 
 0.414181991558090E+00  0.103837797024033E+00  0.268919671760143E+00 
 0.406835461454049E+00  0.129668490873070E+00  0.261068018061088E+00 
 0.396580686533810E+00  0.158280666192057E+00  0.254561182485530E+00 
 0.384204796130180E+00  0.186321455695254E+00  0.248592814275318E+00 
 0.369358752193610E+00  0.214250139789482E+00  0.264009331605691E+00 
 0.353311116729772E+00  0.239792128763630E+00  0.253605318845521E+00 
 0.335136812215144E+00  0.264598426526125E+00  0.248201968856428E+00 
 0.303253095413458E+00  0.300610329735999E+00  0.206555236502209E-01 
 0.292547075463680E+00  0.311038934635969E+00  0.396099309850757E-01 
 0.315989576271787E+00  0.287192614649830E+00  0.243286988526698E+00 
 0.296605581930527E+00  0.307171188410444E+00  0.237449156064778E+00 
 0.332662636801638E+00  0.267702409959288E+00  0.219867507773678E+00 
 0.313761405268684E+00  0.289625259232772E+00  0.215365058145424E+00 
 0.295574386046676E+00  0.308163580805652E+00  0.208216095492227E+00 
 0.425658620786044E+00  0.338193549960891E-01  0.159880643762110E+00 
 0.421177561285368E+00  0.702742633653466E-01  0.174365315183373E+00 
 0.412553514475601E+00  0.110129959210286E+00  0.182868099346881E+00 
 0.424920875592748E+00  0.420863363494900E-01  0.195163607220190E+00 
 0.418717507657906E+00  0.836938408879814E-01  0.204169417375426E+00 
 0.412147111433173E+00  0.111641250257782E+00  0.213015487232150E+00 
 0.404969629761855E+00  0.135383193906684E+00  0.205777025056849E+00 
 0.397320216268738E+00  0.156415011958549E+00  0.200949572113589E+00 
 0.386481301299163E+00  0.181552234819452E+00  0.194317091061189E+00 
 0.367481596676602E+00  0.217454101653310E+00  0.193756680556987E+00 
 0.346750736389902E+00  0.249184544133242E+00  0.188322201214824E+00 
 0.327568618500681E+00  0.273912048649535E+00  0.196113382445705E+00 
 0.312264097591015E+00  0.291238980182081E+00  0.187042253369215E+00 
 0.294442306632331E+00  0.309245433736479E+00  0.176018422021418E+00 
 0.474794214928150E+00  0.000000000000000E+00  0.971233993567918E+00 
 0.450603439319139E+00  0.000000000000000E+00  0.961138157082811E+00 
 0.474935454733618E+00  0.000000000000000E+00  0.941793664509690E+00 
 0.450771600149478E+00  0.000000000000000E+00  0.931295002293808E+00 
 0.475013380579847E+00  0.000000000000000E+00  0.912844110909304E+00 
 0.450697755694740E+00  0.000000000000000E+00  0.901941479908923E+00 
 0.475066954787352E+00  0.000000000000000E+00  0.883333689145478E+00 
 0.450753598128178E+00  0.000000000000000E+00  0.871952915572920E+00 
 0.475177206554302E+00  0.000000000000000E+00  0.853069560183303E+00 
 0.450893355436694E+00  0.000000000000000E+00  0.841972925238386E+00 
 0.475275859033875E+00  0.000000000000000E+00  0.822181551657226E+00 
 0.450979139723545E+00  0.000000000000000E+00  0.812070665193552E+00 
 0.475399914888647E+00  0.000000000000000E+00  0.790525006957487E+00 
 0.451038022507733E+00  0.000000000000000E+00  0.782163231108149E+00 
 0.475260914699281E+00  0.000000000000000E+00  0.758088562199745E+00 
 0.450875123300136E+00  0.000000000000000E+00  0.751579420320301E+00 
 0.475084269448223E+00  0.000000000000000E+00  0.726123003422677E+00 
 0.450739678953803E+00  0.000000000000000E+00  0.720647518651692E+00 
 0.475006153128097E+00  0.000000000000000E+00  0.695039626126119E+00 
 0.450677074846036E+00  0.000000000000000E+00  0.689891394945463E+00 
 0.474972326991028E+00  0.000000000000000E+00  0.664454799782142E+00 
 0.450644611098311E+00  0.000000000000000E+00  0.659347244539883E+00 
 0.474982289339358E+00  0.000000000000000E+00  0.634212544443653E+00 
 0.450673249467342E+00  0.000000000000000E+00  0.629224767005467E+00 
 0.474982917773110E+00  0.000000000000000E+00  0.604106945702127E+00 
 0.450667890296943E+00  0.000000000000000E+00  0.599218788672963E+00 
 0.474983499037376E+00  0.000000000000000E+00  0.574008648567235E+00 
 0.450666201868752E+00  0.000000000000000E+00  0.569122148692040E+00 
 0.474974762200728E+00  0.000000000000000E+00  0.543779569585467E+00 
 0.451714172573959E+00  0.000000000000000E+00  0.281230597712578E-01 
 0.475674952102034E+00  0.000000000000000E+00  0.356085296571727E-01 
 0.450658897044062E+00  0.000000000000000E+00  0.538798428048509E+00 
 0.474959861988281E+00  0.000000000000000E+00  0.513366511967711E+00 
 0.450636469963360E+00  0.000000000000000E+00  0.508090383795301E+00 
 0.474937583086296E+00  0.000000000000000E+00  0.482770911150540E+00 
 0.450613330004545E+00  0.000000000000000E+00  0.477035330959514E+00 
 0.474914649739610E+00  0.000000000000000E+00  0.452135391623912E+00 
 0.450578469983110E+00  0.000000000000000E+00  0.445771805199343E+00 
 0.450987375565381E+00  0.000000000000000E+00  0.576596468995833E-01 
 0.475219353703675E+00  0.000000000000000E+00  0.658388372593220E-01 
 0.474907613477876E+00  0.000000000000000E+00  0.421730143424736E+00 
 0.450542126411466E+00  0.000000000000000E+00  0.414721974050380E+00 
 0.475028634361317E+00  0.000000000000000E+00  0.392033899023777E+00 
 0.450794040291653E+00  0.000000000000000E+00  0.385656997487524E+00 
 0.475073498523968E+00  0.000000000000000E+00  0.362878453305799E+00 
 0.450794809001777E+00  0.000000000000000E+00  0.357570772401154E+00 
 0.475006602237420E+00  0.000000000000000E+00  0.333761967867609E+00 
 0.450669421304055E+00  0.000000000000000E+00  0.328764827774097E+00 
 0.474925894624126E+00  0.000000000000000E+00  0.304494947287420E+00 
 0.450603763722573E+00  0.000000000000000E+00  0.299288180363649E+00 
 0.474869084493582E+00  0.000000000000000E+00  0.275232098826501E+00 
 0.450578851096872E+00  0.000000000000000E+00  0.269393911099724E+00 
 0.474947447222915E+00  0.000000000000000E+00  0.245834153098382E+00 
 0.450601715596350E+00  0.000000000000000E+00  0.239216536746199E+00 
 0.474883060412554E+00  0.000000000000000E+00  0.215900959651651E+00 
 0.450546936435153E+00  0.000000000000000E+00  0.208808014846783E+00 
 0.450812462608774E+00  0.000000000000000E+00  0.880957021363991E-01 
 0.475177493829215E+00  0.000000000000000E+00  0.967202097088362E-01 
 0.474806801019116E+00  0.000000000000000E+00  0.186569430752908E+00 
 0.450557231172035E+00  0.000000000000000E+00  0.178642769774884E+00 
 0.474949313183472E+00  0.000000000000000E+00  0.157665564959778E+00 
 0.450700589008992E+00  0.000000000000000E+00  0.148735207645876E+00 
 0.475148534245875E+00  0.000000000000000E+00  0.127741358329776E+00 
 0.450834656342639E+00  0.000000000000000E+00  0.118720410610736E+00 
