 0.500000000000000E+00 -0.462592926927149E-17  0.000000000000000E+00 
 0.312019912730635E+00  0.390696268294908E+00  0.000000000000000E+00 
 0.329061451040256E+00  0.376455258217070E+00  0.000000000000000E+00 
 0.349222193539091E+00  0.357832166720301E+00  0.000000000000000E+00 
 0.369833826188098E+00  0.336486167631110E+00  0.000000000000000E+00 
 0.387783998585139E+00  0.315632017452794E+00  0.000000000000000E+00 
 0.404496926379357E+00  0.293908551338087E+00  0.000000000000000E+00 
 0.423438410222765E+00  0.265894551933689E+00  0.000000000000000E+00 
 0.441446705855943E+00  0.234786724260416E+00  0.000000000000000E+00 
 0.457132552993303E+00  0.202558211371015E+00  0.000000000000000E+00 
 0.469829285008914E+00  0.171056841278016E+00  0.000000000000000E+00 
 0.479677905459191E+00  0.141099635060772E+00  0.000000000000000E+00 
 0.486558006461618E+00  0.115157745497629E+00  0.000000000000000E+00 
 0.491886042495222E+00  0.897113214616156E-01  0.000000000000000E+00 
 0.496100363925844E+00  0.623251868239918E-01  0.000000000000000E+00 
 0.498477631312081E+00  0.389878324801081E-01  0.000000000000000E+00 
 0.499684665438212E+00  0.177548620355727E-01  0.000000000000000E+00 
 0.298000000743195E+00  0.401492216060356E+00  0.000000000000000E+00 
 0.298000000743195E+00  0.354300325164066E+00  0.000000000000000E+00 
 0.298000000743195E+00  0.377851295365364E+00  0.000000000000000E+00 
 0.298000000743195E+00  0.334514574006813E+00  0.000000000000000E+00 
 0.447426633096576E+00  0.226585229385231E-01  0.000000000000000E+00 
 0.444808686456875E+00  0.533782082727838E-01  0.000000000000000E+00 
 0.439744771797878E+00  0.856068708827629E-01  0.000000000000000E+00 
 0.432162393341042E+00  0.118066364590616E+00  0.000000000000000E+00 
 0.422175948488883E+00  0.149904867110486E+00  0.000000000000000E+00 
 0.409868295094799E+00  0.180864538652506E+00  0.000000000000000E+00 
 0.395429805594093E+00  0.210568918679181E+00  0.000000000000000E+00 
 0.379711714960198E+00  0.237745692259367E+00  0.000000000000000E+00 
 0.362290354670699E+00  0.263533109074509E+00  0.000000000000000E+00 
 0.343636914055851E+00  0.287432899933304E+00  0.000000000000000E+00 
 0.326297999394879E+00  0.306974944021167E+00  0.000000000000000E+00 
 0.310435138508011E+00  0.323007779233587E+00  0.000000000000000E+00 
 0.448000000743213E+00  0.346944695195361E-17  0.000000000000000E+00 
 0.481846863296965E+00  0.000000000000000E+00  0.000000000000000E+00 
 0.462037107922590E+00  0.000000000000000E+00  0.000000000000000E+00 
 0.326474623976714E+00  0.325611669675532E+00  0.000000000000000E+00 
 0.321606869657281E+00  0.348455271043354E+00  0.000000000000000E+00 
 0.346916755386830E+00  0.323950758573838E+00  0.000000000000000E+00 
 0.370968909745520E+00  0.296902514824862E+00  0.000000000000000E+00 
 0.392060589427975E+00  0.265682456873546E+00  0.000000000000000E+00 
 0.409907005914960E+00  0.237028015663950E+00  0.000000000000000E+00 
 0.425749536127620E+00  0.207064053867587E+00  0.000000000000000E+00 
 0.439416678154932E+00  0.176106376860468E+00  0.000000000000000E+00 
 0.450907379404461E+00  0.144462041079959E+00  0.000000000000000E+00 
 0.462336305916972E+00  0.109175535191286E+00  0.000000000000000E+00 
 0.468072403540221E+00  0.729431613017159E-01  0.000000000000000E+00 
 0.474448782645747E+00  0.378574581299174E-01  0.000000000000000E+00 
 0.298000000743195E+00  0.401492216060356E+00  0.100000000000000E+01 
 0.499560675528568E+00  0.209554638565101E-01  0.100000000000000E+01 
 0.497614222047670E+00  0.487861252395845E-01  0.100000000000000E+01 
 0.493628127210949E+00  0.795692907233145E-01  0.100000000000000E+01 
 0.487037443001748E+00  0.113112904278512E+00  0.100000000000000E+01 
 0.478069800307155E+00  0.146455679419669E+00  0.100000000000000E+01 
 0.468377146411827E+00  0.174993853375237E+00  0.100000000000000E+01 
 0.456414247824639E+00  0.204171580741955E+00  0.100000000000000E+01 
 0.441989868729768E+00  0.233762605949375E+00  0.100000000000000E+01 
 0.427804837791172E+00  0.258810781774000E+00  0.100000000000000E+01 
 0.413326619056680E+00  0.281355835161054E+00  0.100000000000000E+01 
 0.395421046750616E+00  0.306010123666926E+00  0.100000000000000E+01 
 0.375363479900225E+00  0.330306309290624E+00  0.100000000000000E+01 
 0.355766574000146E+00  0.351326265491492E+00  0.100000000000000E+01 
 0.339181933090008E+00  0.367363057839687E+00  0.100000000000000E+01 
 0.323642032093495E+00  0.381124435142111E+00  0.100000000000000E+01 
 0.309966062562620E+00  0.392327720228161E+00  0.100000000000000E+01 
 0.500000000000000E+00 -0.462592926927149E-17  0.100000000000000E+01 
 0.463935364408306E+00  0.000000000000000E+00  0.100000000000000E+01 
 0.482771837020270E+00  0.000000000000000E+00  0.100000000000000E+01 
 0.448000000743213E+00  0.346944695195361E-17  0.100000000000000E+01 
 0.312855460904539E+00  0.320664094104890E+00  0.100000000000000E+01 
 0.331009534083248E+00  0.301888537397313E+00  0.100000000000000E+01 
 0.351582459622749E+00  0.277657657469617E+00  0.100000000000000E+01 
 0.372529925019869E+00  0.248848258243030E+00  0.100000000000000E+01 
 0.391541429524224E+00  0.217713825082444E+00  0.100000000000000E+01 
 0.405769520184812E+00  0.189881797850370E+00  0.100000000000000E+01 
 0.417393715017007E+00  0.162746696833459E+00  0.100000000000000E+01 
 0.428089417326455E+00  0.132073659141393E+00  0.100000000000000E+01 
 0.435784226642839E+00  0.103904323659832E+00  0.100000000000000E+01 
 0.441556497429676E+00  0.757090499447912E-01  0.100000000000000E+01 
 0.445548907768841E+00  0.467992676427053E-01  0.100000000000000E+01 
 0.447553687549825E+00  0.199924342301668E-01  0.100000000000000E+01 
 0.298000000743195E+00  0.334514574006813E+00  0.100000000000000E+01 
 0.298000000743195E+00  0.378793772233193E+00  0.100000000000000E+01 
 0.298000000743195E+00  0.354811709467865E+00  0.100000000000000E+01 
 0.472609663320147E+00  0.287407519410823E-01  0.100000000000000E+01 
 0.469362507621201E+00  0.622488892772430E-01  0.100000000000000E+01 
 0.464255483077741E+00  0.932763591796011E-01  0.100000000000000E+01 
 0.457005798799394E+00  0.123897469942758E+00  0.100000000000000E+01 
 0.447603852549493E+00  0.153802614238077E+00  0.100000000000000E+01 
 0.436594503028626E+00  0.183079462830235E+00  0.100000000000000E+01 
 0.423249966255733E+00  0.212353033528384E+00  0.100000000000000E+01 
 0.405997328944605E+00  0.246234655837771E+00  0.100000000000000E+01 
 0.383679345312035E+00  0.277262580471793E+00  0.100000000000000E+01 
 0.363536809423386E+00  0.303243037468326E+00  0.100000000000000E+01 
 0.343323863624421E+00  0.326458314696197E+00  0.100000000000000E+01 
 0.321768926342646E+00  0.350981418405731E+00  0.100000000000000E+01 
 0.500000000000000E+00 -0.138777878078145E-16  0.975063013712690E+00 
 0.500000000000000E+00 -0.138777878078145E-16  0.945738632450944E+00 
 0.500000000000000E+00 -0.138777878078145E-16  0.920832357830266E+00 
 0.500000000000000E+00 -0.138777878078145E-16  0.892381014930086E+00 
 0.500000000000000E+00 -0.138777878078145E-16  0.862215446962579E+00 
 0.500000000000000E+00 -0.138777878078145E-16  0.830654295357478E+00 
 0.500000000000000E+00 -0.138777878078145E-16  0.797963613554599E+00 
 0.500000000000000E+00 -0.138777878078145E-16  0.761451443596150E+00 
 0.500000000000000E+00 -0.138777878078145E-16  0.726968347867375E+00 
 0.500000000000000E+00 -0.138777878078145E-16  0.695562885876771E+00 
 0.500000000000000E+00 -0.138777878078145E-16  0.665012787145081E+00 
 0.500000000000000E+00 -0.138777878078145E-16  0.634853596693292E+00 
 0.500000000000000E+00 -0.138777878078145E-16  0.604650677542953E+00 
 0.500000000000000E+00 -0.138777878078145E-16  0.574431750734353E+00 
 0.500000000000000E+00 -0.138777878078145E-16  0.544027860849577E+00 
 0.500000000000000E+00 -0.138777878078145E-16  0.513382361961489E+00 
 0.500000000000000E+00 -0.138777878078145E-16  0.482904682656577E+00 
 0.500000000000000E+00 -0.138777878078145E-16  0.452805164119834E+00 
 0.500000000000000E+00 -0.138777878078145E-16  0.423257171457462E+00 
 0.500000000000000E+00 -0.138777878078145E-16  0.394097822284011E+00 
 0.500000000000000E+00 -0.138777878078145E-16  0.365002049724386E+00 
 0.500000000000000E+00 -0.138777878078145E-16  0.335766074980148E+00 
 0.500000000000000E+00 -0.138777878078145E-16  0.306417012769239E+00 
 0.500000000000000E+00 -0.138777878078145E-16  0.277256484144058E+00 
 0.500000000000000E+00 -0.138777878078145E-16  0.249644049230185E+00 
 0.500000000000000E+00 -0.138777878078145E-16  0.218735523457288E+00 
 0.500000000000000E+00 -0.138777878078145E-16  0.189249866207212E+00 
 0.500000000000000E+00 -0.138777878078145E-16  0.163031084697437E+00 
 0.500000000000000E+00 -0.138777878078145E-16  0.134440720502824E+00 
 0.500000000000000E+00 -0.138777878078145E-16  0.102262503989111E+00 
 0.500000000000000E+00 -0.138777878078145E-16  0.698531794457123E-01 
 0.500000000000000E+00 -0.138777878078145E-16  0.408005680633936E-01 
 0.500000000000000E+00 -0.138777878078145E-16  0.174331555046814E-01 
 0.298000000743195E+00  0.401492216060356E+00  0.238447734261112E-01 
 0.298000000743195E+00  0.401492216060356E+00  0.500805215867470E-01 
 0.298000000743195E+00  0.401492216060356E+00  0.743923802602585E-01 
 0.298000000743195E+00  0.401492216060356E+00  0.109467982720195E+00 
 0.298000000743195E+00  0.401492216060356E+00  0.142124683768676E+00 
 0.298000000743195E+00  0.401492216060356E+00  0.175452128569844E+00 
 0.298000000743195E+00  0.401492216060356E+00  0.207749404548104E+00 
 0.298000000743195E+00  0.401492216060356E+00  0.239593668129420E+00 
 0.298000000743195E+00  0.401492216060356E+00  0.278485441365424E+00 
 0.298000000743195E+00  0.401492216060356E+00  0.307883426492828E+00 
 0.298000000743195E+00  0.401492216060356E+00  0.336590029418802E+00 
 0.298000000743195E+00  0.401492216060356E+00  0.370190733889704E+00 
 0.298000000743195E+00  0.401492216060356E+00  0.404182715908767E+00 
 0.298000000743195E+00  0.401492216060356E+00  0.429799110549216E+00 
 0.298000000743195E+00  0.401492216060356E+00  0.457985375686443E+00 
 0.298000000743195E+00  0.401492216060356E+00  0.489532182316927E+00 
 0.298000000743195E+00  0.401492216060356E+00  0.518478114486588E+00 
 0.298000000743195E+00  0.401492216060356E+00  0.547779530230026E+00 
 0.298000000743195E+00  0.401492216060356E+00  0.577439078794180E+00 
 0.298000000743195E+00  0.401492216060356E+00  0.607292274017875E+00 
 0.298000000743195E+00  0.401492216060356E+00  0.637240411141602E+00 
 0.298000000743195E+00  0.401492216060356E+00  0.667219782070394E+00 
 0.298000000743195E+00  0.401492216060356E+00  0.697108452090115E+00 
 0.298000000743195E+00  0.401492216060356E+00  0.726246170843532E+00 
 0.298000000743195E+00  0.401492216060356E+00  0.752430347685245E+00 
 0.298000000743195E+00  0.401492216060356E+00  0.780469208655915E+00 
 0.298000000743195E+00  0.401492216060356E+00  0.805053417716194E+00 
 0.298000000743195E+00  0.401492216060356E+00  0.833543639130703E+00 
 0.298000000743195E+00  0.401492216060356E+00  0.871775787006646E+00 
 0.298000000743195E+00  0.401492216060356E+00  0.903142593100720E+00 
 0.298000000743195E+00  0.401492216060356E+00  0.933227731245208E+00 
 0.298000000743195E+00  0.401492216060356E+00  0.957755736808121E+00 
 0.298000000743195E+00  0.401492216060356E+00  0.981099899654917E+00 
 0.449312897702511E+00  0.219357972178293E+00  0.876438286447158E+00 
 0.440489164411967E+00  0.236578308463915E+00  0.853163907210995E+00 
 0.446225330277503E+00  0.225572504128347E+00  0.138988771146019E+00 
 0.426363003611839E+00  0.261179228023767E+00  0.904677247174066E+00 
 0.442132722212354E+00  0.233492303832682E+00  0.905322865460649E+00 
 0.434019192784849E+00  0.248248545402362E+00  0.877900731215461E+00 
 0.457845295122245E+00  0.200941995945159E+00  0.906539139495471E+00 
 0.462482779571772E+00  0.190025468291932E+00  0.872790287358903E+00 
 0.437354402305540E+00  0.242324424654149E+00  0.824448432388244E+00 
 0.453601504689768E+00  0.210346559142712E+00  0.839910609045292E+00 
 0.446387241034783E+00  0.225251927941483E+00  0.798799625090724E+00 
 0.450750047965156E+00  0.216389450434650E+00  0.210377897652266E+00 
 0.439706177247596E+00  0.238030413372547E+00  0.193219790307626E+00 
 0.453389427942112E+00  0.210803288945701E+00  0.184354720799186E+00 
 0.319628532993681E+00  0.384496555116307E+00  0.170469348658027E-01 
 0.428185482809173E+00  0.258180542085331E+00  0.169655573591206E+00 
 0.442929947819638E+00  0.231976424070406E+00  0.163925608857792E+00 
 0.455828580104684E+00  0.205475802857047E+00  0.155751461828819E+00 
 0.424046001141577E+00  0.264924496632225E+00  0.114486608118954E+00 
 0.432795849910494E+00  0.250375223015884E+00  0.140710912798681E+00 
 0.440937937287718E+00  0.235740822643115E+00  0.115089029986608E+00 
 0.456661263022677E+00  0.203618493400116E+00  0.123044292784305E+00 
 0.478941424831678E+00  0.143579634977257E+00  0.774524484929956E+00 
 0.440397897712149E+00  0.236748160902507E+00  0.960214520136551E+00 
 0.433115174045608E+00  0.249822428959938E+00  0.932007976416856E+00 
 0.447801610409580E+00  0.222426881726528E+00  0.934219694513425E+00 
 0.458852344829383E+00  0.198631633041106E+00  0.937218016646194E+00 
 0.467977017325948E+00  0.176061100913033E+00  0.926564285807963E+00 
 0.483582658124785E+00  0.127074044403125E+00  0.806372334646860E+00 
 0.484483893385350E+00  0.123593515405029E+00  0.844702394711819E+00 
 0.480080516607291E+00  0.139723647154220E+00  0.874195343022212E+00 
 0.485987061137885E+00  0.117543933942002E+00  0.779572179120013E+00 
 0.490105401290740E+00  0.989782583482006E-01  0.826209180340668E+00 
 0.492161404525506E+00  0.881881618783496E-01  0.795578422640950E+00 
 0.330222095533867E+00  0.375437568207048E+00  0.774682329980868E+00 
 0.336854471710894E+00  0.369498396327203E+00  0.198313736885977E-01 
 0.323341595693978E+00  0.381379355096828E+00  0.375987805905004E-01 
 0.312395870586235E+00  0.390395722364716E+00  0.548631956998172E-01 
 0.344129062442392E+00  0.362732943613507E+00  0.764653243314334E+00 
 0.349605563228249E+00  0.357457620089234E+00  0.793271125585537E+00 
 0.361514170660256E+00  0.345409184029358E+00  0.767594330692264E+00 
 0.364344146956027E+00  0.342422754178055E+00  0.821726424646314E+00 
 0.373498254042116E+00  0.332413980192607E+00  0.795947198052997E+00 
 0.381102823048559E+00  0.323667481011637E+00  0.768367646443533E+00 
 0.373699448595047E+00  0.332187781412498E+00  0.845478968470080E+00 
 0.387660970856148E+00  0.315783108596500E+00  0.861622569861430E+00 
 0.387697830046541E+00  0.315737854203774E+00  0.827847895741940E+00 
 0.394377649570517E+00  0.307353655451232E+00  0.796838980615294E+00 
 0.400184566122867E+00  0.299753753999934E+00  0.767985256859069E+00 
 0.400808137318164E+00  0.298919449115550E+00  0.882452070688255E+00 
 0.405244498211392E+00  0.292876930927305E+00  0.853365552387151E+00 
 0.408082945215783E+00  0.288908826144188E+00  0.823451078653797E+00 
 0.412786609357621E+00  0.282147505987628E+00  0.794537749859730E+00 
 0.417887757492734E+00  0.274535648209288E+00  0.766965296954281E+00 
 0.411610968059625E+00  0.283859843889582E+00  0.901954509443278E+00 
 0.417849853728168E+00  0.274593335205624E+00  0.877349091142873E+00 
 0.424366811046074E+00  0.264410305552915E+00  0.847333624466289E+00 
 0.423071841916165E+00  0.266477422266247E+00  0.817290797712183E+00 
 0.429596599824217E+00  0.255825646524097E+00  0.794208789529437E+00 
 0.434017483207797E+00  0.248251534275158E+00  0.766376849552576E+00 
 0.472212990953905E+00  0.164362073406144E+00  0.896938594294961E+00 
 0.472148977389672E+00  0.164545869440367E+00  0.868406175420211E+00 
 0.356144972670012E+00  0.350942671161369E+00  0.211735818167880E-01 
 0.342647935902192E+00  0.364132382550587E+00  0.412873119083182E-01 
 0.329704877314170E+00  0.375891864603702E+00  0.603448131543615E-01 
 0.316225176970034E+00  0.387300448554182E+00  0.801095058033449E-01 
 0.467734307333358E+00  0.176704888849698E+00  0.843942491139158E+00 
 0.463316896190314E+00  0.187982588833576E+00  0.811619841508770E+00 
 0.456522045143245E+00  0.203930434948364E+00  0.784482194657394E+00 
 0.447843538170805E+00  0.222342450554667E+00  0.764088885485017E+00 
 0.465405177856952E+00  0.182751252865580E+00  0.783441369842728E+00 
 0.459689006677956E+00  0.196687613080829E+00  0.760705822032968E+00 
 0.476727122625423E+00  0.150768864668023E+00  0.850366476566064E+00 
 0.475794149704183E+00  0.153687758482169E+00  0.824084793281655E+00 
 0.473653965355460E+00  0.160162171261032E+00  0.794663899285089E+00 
 0.470295877260953E+00  0.169769808362236E+00  0.763834900302113E+00 
 0.338005189958802E+00  0.368446049729013E+00  0.224280047551725E+00 
 0.356752212838778E+00  0.350325361106836E+00  0.206043508696381E+00 
 0.363609588577496E+00  0.343202661840645E+00  0.179067900250061E+00 
 0.378459505686816E+00  0.326754345885852E+00  0.222652925806204E+00 
 0.383010102577977E+00  0.321408247130044E+00  0.193463247744185E+00 
 0.377429643223713E+00  0.327943385992187E+00  0.161382809593207E+00 
 0.403561844370811E+00  0.295191188499978E+00  0.228078197026298E+00 
 0.403848019086803E+00  0.294799554748079E+00  0.194567456607056E+00 
 0.397075188129736E+00  0.303860650581372E+00  0.167565903399345E+00 
 0.391447101817464E+00  0.311077428430138E+00  0.139433661287581E+00 
 0.425298471080035E+00  0.262909129733040E+00  0.236176700357796E+00 
 0.440692079871266E+00  0.236200107406279E+00  0.228940557984806E+00 
 0.422672221769653E+00  0.267110825209884E+00  0.202962455476083E+00 
 0.413441289097085E+00  0.281187304958351E+00  0.175093470840298E+00 
 0.413602807401820E+00  0.280949671132274E+00  0.145020756759563E+00 
 0.404499818298576E+00  0.293904571241108E+00  0.115111471595435E+00 
 0.497049643589675E+00  0.542369966662714E-01  0.229384587065904E+00 
 0.493751808761376E+00  0.787981684106285E-01  0.238782954155209E+00 
 0.493665692503038E+00  0.793358938028434E-01  0.209610876803694E+00 
 0.488739164253163E+00  0.105517909973236E+00  0.218764140307416E+00 
 0.489085239591308E+00  0.103902013521939E+00  0.188583724136997E+00 
 0.483528312741249E+00  0.127280677157223E+00  0.166183290630127E+00 
 0.482095844925797E+00  0.132603153451500E+00  0.225927163501108E+00 
 0.482512346361192E+00  0.131079501101495E+00  0.195257896335894E+00 
 0.475311223625340E+00  0.155174871341276E+00  0.171938924859975E+00 
 0.375489505076828E+00  0.330163037872441E+00  0.221424766542020E-01 
 0.362253579750717E+00  0.344633637298786E+00  0.432679867131833E-01 
 0.349004929702191E+00  0.358044074163459E+00  0.636468128055442E-01 
 0.336025334186917E+00  0.370252582414452E+00  0.832112311143234E-01 
 0.323805838728561E+00  0.380985273738098E+00  0.101557468690656E+00 
 0.477098095427298E+00  0.149590799649059E+00  0.143338617663040E+00 
 0.473992988707647E+00  0.159156044987276E+00  0.231996035952161E+00 
 0.474094998603511E+00  0.158851919406525E+00  0.201974186966065E+00 
 0.455779622333375E+00  0.205584376511557E+00  0.236165865304497E+00 
 0.465977595989955E+00  0.181286734306243E+00  0.240254060639761E+00 
 0.463299246328647E+00  0.188026084231171E+00  0.210939077361427E+00 
 0.465219323090046E+00  0.183223856044019E+00  0.178596129106592E+00 
 0.467145082579816E+00  0.178256758136953E+00  0.148403293869744E+00 
 0.469790334473775E+00  0.171163785991717E+00  0.120069411143919E+00 
 0.415720647210675E+00  0.277806305692900E+00  0.854954140527709E-01 
 0.434602717296710E+00  0.247225561215494E+00  0.885626356812766E-01 
 0.449589925047978E+00  0.218789623372211E+00  0.929513669410428E-01 
 0.462574635354207E+00  0.189801756385241E+00  0.962009533689825E-01 
 0.456921070503119E+00  0.203034813099339E+00  0.735878561243036E-01 
 0.428970403494895E+00  0.256874274549686E+00  0.633369378171469E-01 
 0.445017335031263E+00  0.227946422480531E+00  0.602935902968405E-01 
 0.312567241382225E+00  0.390258529201741E+00  0.977281125404010E+00 
 0.314749294142655E+00  0.388500813173796E+00  0.952086065781274E+00 
 0.328505667152081E+00  0.376940348926679E+00  0.975262913724642E+00 
 0.314267790460079E+00  0.388890416286310E+00  0.889734966559447E+00 
 0.317281770300088E+00  0.386435348066455E+00  0.922808991005078E+00 
 0.332982103624924E+00  0.372991847988023E+00  0.949723648042276E+00 
 0.345886359046220E+00  0.361057650003084E+00  0.974255880651444E+00 
 0.329322664280266E+00  0.376226770434198E+00  0.903670485926180E+00 
 0.339290357854429E+00  0.367262920898657E+00  0.924970605315264E+00 
 0.352432946054725E+00  0.354670295535428E+00  0.948431785582363E+00 
 0.364979101028579E+00  0.341745893629127E+00  0.973339009429635E+00 
 0.316676615908644E+00  0.386931416321613E+00  0.859531973515715E+00 
 0.332209401638444E+00  0.373680228889658E+00  0.879555253570734E+00 
 0.346103352752976E+00  0.360849649041188E+00  0.900090206039924E+00 
 0.359006072077299E+00  0.348015287324608E+00  0.922425578389281E+00 
 0.372453001999625E+00  0.333584713830635E+00  0.946038806899554E+00 
 0.385166036376376E+00  0.318821461671124E+00  0.971637120072014E+00 
 0.312174062452225E+00  0.390573110610644E+00  0.806541183758953E+00 
 0.322493551063387E+00  0.382096727966266E+00  0.830122603586229E+00 
 0.336825987805770E+00  0.369524361766132E+00  0.852588762957525E+00 
 0.351003592363436E+00  0.356084931088024E+00  0.874297064470995E+00 
 0.364874072103465E+00  0.341858028290452E+00  0.895983295848745E+00 
 0.378504350502409E+00  0.326702397681360E+00  0.918191112905497E+00 
 0.392819372812077E+00  0.309342755440509E+00  0.941657849447631E+00 
 0.406653916026221E+00  0.290916813849835E+00  0.968521609148265E+00 
 0.420806860552711E+00  0.270039971322341E+00  0.980509827496104E+00 
 0.315891173827545E+00  0.387572917394721E+00  0.783667894796111E+00 
 0.329583680696148E+00  0.375998134860773E+00  0.802204997834556E+00 
 0.343294817722700E+00  0.363522582688804E+00  0.824563322699223E+00 
 0.356319185942358E+00  0.350765787569677E+00  0.848064416492710E+00 
 0.369728262965832E+00  0.336602156208585E+00  0.869780356261995E+00 
 0.383464368311724E+00  0.320866137564079E+00  0.890113372263481E+00 
 0.396895226823148E+00  0.304095673966273E+00  0.911641768067113E+00 
 0.413712555519365E+00  0.280788036436093E+00  0.931556359936986E+00 
 0.424812502202987E+00  0.263693644163142E+00  0.956861870848656E+00 
 0.432065512154155E+00  0.251633450095506E+00  0.978880429680224E+00 
 0.393707508017756E+00  0.308211612582083E+00  0.230594513551894E-01 
 0.381170650313233E+00  0.323587600720094E+00  0.447323080917489E-01 
 0.368568078454933E+00  0.337872123064390E+00  0.659878165606008E-01 
 0.355829766203690E+00  0.351262263107535E+00  0.866933339222202E-01 
 0.342575992891865E+00  0.364200067399984E+00  0.106604976073657E+00 
 0.327878669159250E+00  0.377485865047102E+00  0.125435339854710E+00 
 0.315634877587612E+00  0.387781670596037E+00  0.145409296460384E+00 
 0.498927732457005E+00  0.327279358547194E-01  0.976959112920036E+00 
 0.499609401999275E+00  0.197596921516324E-01  0.956932524209317E+00 
 0.496317731168380E+00  0.605698747552907E-01  0.974024922895047E+00 
 0.498152484569821E+00  0.429430101054129E-01  0.951759105512254E+00 
 0.499470549806210E+00  0.230036926662292E-01  0.933634295379880E+00 
 0.492090893916859E+00  0.885807661070244E-01  0.969629388582867E+00 
 0.495250143077340E+00  0.687553327522647E-01  0.945631402645943E+00 
 0.497663726247850E+00  0.482785208669910E-01  0.924544658997504E+00 
 0.499353348897920E+00  0.254211121792863E-01  0.906778023420869E+00 
 0.481523723453745E+00  0.134665896763960E+00  0.977397241650702E+00 
 0.486716638873365E+00  0.114485428958511E+00  0.960859389081000E+00 
 0.490855677971335E+00  0.951877271674317E-01  0.938512629489421E+00 
 0.494346434195333E+00  0.749773499022149E-01  0.916224307111062E+00 
 0.497200587392378E+00  0.528353659651782E-01  0.895535954001655E+00 
 0.499210881188181E+00  0.280801727793779E-01  0.877225605832402E+00 
 0.463831049077262E+00  0.186710358341166E+00  0.978826237073917E+00 
 0.473464944144327E+00  0.160720087936789E+00  0.973140466881332E+00 
 0.480141955603319E+00  0.139512373893573E+00  0.952132838328115E+00 
 0.484954862778973E+00  0.121732415843224E+00  0.930988005664299E+00 
 0.489368613242372E+00  0.102559057977530E+00  0.908492745037159E+00 
 0.493305440169169E+00  0.815459545256704E-01  0.886157244118702E+00 
 0.496575267436206E+00  0.584209189474126E-01  0.864728797548324E+00 
 0.498970235707722E+00  0.320734138778534E-01  0.845065173026384E+00 
 0.483163953438254E+00  0.128656885155506E+00  0.756995944215088E+00 
 0.489394880398969E+00  0.102433642126399E+00  0.759241378090890E+00 
 0.495460124395976E+00  0.672254797939273E-01  0.766082548622540E+00 
 0.498376778364369E+00  0.402565123570325E-01  0.752287640582524E+00 
 0.453944522162628E+00  0.209605273785140E+00  0.965829691778115E+00 
 0.499133799008228E+00  0.294185432612471E-01  0.778713201835393E+00 
 0.465567770711527E+00  0.182336641612975E+00  0.954603970462834E+00 
 0.473237387840528E+00  0.161388892895000E+00  0.946283642738918E+00 
 0.477400030182168E+00  0.148624396321953E+00  0.924991057453112E+00 
 0.482493578210156E+00  0.131148568371750E+00  0.902147249446389E+00 
 0.487511027669194E+00  0.111054031448332E+00  0.878307340397534E+00 
 0.491854361679574E+00  0.898848535448503E-01  0.855370016342701E+00 
 0.495493126650882E+00  0.669817993318539E-01  0.831760983681061E+00 
 0.498357447356508E+00  0.404951190182835E-01  0.807911807026682E+00 
 0.313683531540622E+00  0.389361839476089E+00  0.755082208448171E+00 
 0.330373712396539E+00  0.375304156861243E+00  0.745994731122763E+00 
 0.348339211099329E+00  0.358691781353709E+00  0.741237939070024E+00 
 0.367248807010927E+00  0.339305634714561E+00  0.740620992861300E+00 
 0.386337072582041E+00  0.317401427767329E+00  0.740176522570433E+00 
 0.404700029089567E+00  0.293628824291662E+00  0.739429159681172E+00 
 0.421752182623037E+00  0.268561159613048E+00  0.738469940224977E+00 
 0.437167237051421E+00  0.242661918827052E+00  0.737288521101148E+00 
 0.450876875331317E+00  0.216125064005700E+00  0.735740996325067E+00 
 0.463329243653003E+00  0.187952153421917E+00  0.735443086333903E+00 
 0.475331418121244E+00  0.155113000573282E+00  0.739912458619878E+00 
 0.483882771601744E+00  0.125926420369256E+00  0.732330754295963E+00 
 0.490643848052271E+00  0.962736431660311E-01  0.731522241567702E+00 
 0.495680116903351E+00  0.655837000075525E-01  0.730301527454472E+00 
 0.498840257448967E+00  0.340352398000736E-01  0.726770422569407E+00 
 0.314927363568705E+00  0.388356480151503E+00  0.722287347784395E+00 
 0.411769332323418E+00  0.283630070616510E+00  0.255431278109660E-01 
 0.398870824266871E+00  0.301499694110403E+00  0.464772013303896E-01 
 0.387056457838050E+00  0.316523772323441E+00  0.677215685535336E-01 
 0.375749864550846E+00  0.329866699274148E+00  0.893646511583033E-01 
 0.363046093316889E+00  0.343798682556150E+00  0.110420226941269E+00 
 0.349375908273737E+00  0.357682086101472E+00  0.130553896255740E+00 
 0.336203230617800E+00  0.370091053285748E+00  0.150210891421570E+00 
 0.324125010194877E+00  0.380713774069406E+00  0.169066109347815E+00 
 0.332702059689047E+00  0.373241663642559E+00  0.717584995632253E+00 
 0.351544003537166E+00  0.355551421846490E+00  0.714219321037827E+00 
 0.370911753204548E+00  0.335297586234569E+00  0.712613975503532E+00 
 0.389897378945157E+00  0.313017625528814E+00  0.711530745250017E+00 
 0.407902181328523E+00  0.289163985425974E+00  0.710538400775655E+00 
 0.424558533918799E+00  0.264102350002267E+00  0.709484493208376E+00 
 0.439687725762667E+00  0.238064495071512E+00  0.708380939142627E+00 
 0.453321176454806E+00  0.210950020093933E+00  0.707441540168238E+00 
 0.465540463719783E+00  0.182406350326871E+00  0.707172036400329E+00 
 0.476086398136950E+00  0.152780042901505E+00  0.706793698644771E+00 
 0.484567715067417E+00  0.123264469797030E+00  0.703954225315520E+00 
 0.491207995321087E+00  0.933525861057933E-01  0.702227796843304E+00 
 0.496027833615776E+00  0.628998273323521E-01  0.700298687158870E+00 
 0.498993586291902E+00  0.317080563823474E-01  0.697805773777851E+00 
 0.315864174196917E+00  0.387594921869339E+00  0.692610268449113E+00 
 0.334386511898436E+00  0.371733319276598E+00  0.688742022154540E+00 
 0.353708562289409E+00  0.353398150763638E+00  0.685778942522104E+00 
 0.373284913516825E+00  0.332653533486023E+00  0.683838546724312E+00 
 0.392212937660729E+00  0.310111288945663E+00  0.682466361551691E+00 
 0.410041621323978E+00  0.286122122147176E+00  0.681303196711402E+00 
 0.426481044167976E+00  0.260986434447066E+00  0.680221236038983E+00 
 0.441430815537018E+00  0.234816598847533E+00  0.679191080714496E+00 
 0.454850335244413E+00  0.207632301263665E+00  0.678300440772153E+00 
 0.466681420914537E+00  0.179467131735002E+00  0.677509734323928E+00 
 0.476776088040504E+00  0.150613949794809E+00  0.676372704078402E+00 
 0.485062984416204E+00  0.121300870356505E+00  0.674495110701578E+00 
 0.491548178091835E+00  0.915444625010059E-01  0.672649885329482E+00 
 0.496223473221197E+00  0.613373020623814E-01  0.670528155050021E+00 
 0.499054122629543E+00  0.307405706917830E-01  0.667984986758942E+00 
 0.316477169345669E+00  0.387094563747610E+00  0.663018674887482E+00 
 0.335445310737606E+00  0.370778159421709E+00  0.659462329517891E+00 
 0.355056271041542E+00  0.352044094388864E+00  0.656612204875906E+00 
 0.374719862560001E+00  0.331036288951852E+00  0.654578471443994E+00 
 0.393633491378341E+00  0.308306137573188E+00  0.653042027302307E+00 
 0.411357461840566E+00  0.284227089820951E+00  0.651799940578695E+00 
 0.427679667567181E+00  0.259017570735318E+00  0.650677476683694E+00 
 0.442487620767597E+00  0.232819040173762E+00  0.649638966735870E+00 
 0.455729138408904E+00  0.205696262496620E+00  0.648645820747730E+00 
 0.467331111391526E+00  0.177768479561369E+00  0.647616857360049E+00 
 0.477226814444389E+00  0.149179648663148E+00  0.646336743977495E+00 
 0.485371156817192E+00  0.120061817952007E+00  0.644721327830844E+00 
 0.491746154669210E+00  0.904749654216351E-01  0.642865459340803E+00 
 0.496323444604041E+00  0.605230397152980E-01  0.640672738952104E+00 
 0.499081088912236E+00  0.302996153470106E-01  0.637988366033318E+00 
 0.316832276758241E+00  0.386803966375979E+00  0.633282345185071E+00 
 0.336055967034027E+00  0.370224779047574E+00  0.629859973764504E+00 
 0.355808359668173E+00  0.351283946673121E+00  0.627076260235597E+00 
 0.375532732535139E+00  0.330113869437035E+00  0.624975900402682E+00 
 0.394422251602430E+00  0.307296416251262E+00  0.623384398087961E+00 
 0.412101617516454E+00  0.283147058682096E+00  0.622075957370355E+00 
 0.428347816188113E+00  0.257911124938175E+00  0.620926336714058E+00 
 0.443070418167221E+00  0.231708015711853E+00  0.619840391484582E+00 
 0.456200811650238E+00  0.204648037981468E+00  0.618775017021226E+00 
 0.467688369231722E+00  0.176826438309920E+00  0.617641579895361E+00 
 0.477479920107047E+00  0.148367536525237E+00  0.616348911486861E+00 
 0.485544613346579E+00  0.119358403349412E+00  0.614800801116644E+00 
 0.491849821050851E+00  0.899096965418421E-01  0.612969443179973E+00 
 0.496373525186670E+00  0.601109265754449E-01  0.610713630096753E+00 
 0.499093355697901E+00  0.300968818685399E-01  0.607942044761523E+00 
 0.317023280959446E+00  0.386647435436611E+00  0.603456516710254E+00 
 0.336368437540717E+00  0.369940906397787E+00  0.600100450627097E+00 
 0.356201586281424E+00  0.350885209050763E+00  0.597308565701017E+00 
 0.375939847905763E+00  0.329650164199249E+00  0.595196420786633E+00 
 0.394828060676195E+00  0.306774840074402E+00  0.593553889857390E+00 
 0.412475032903590E+00  0.282602808250701E+00  0.592223085713103E+00 
 0.428686630173190E+00  0.257347572575990E+00  0.591037998296414E+00 
 0.443358919074593E+00  0.231155507996258E+00  0.589922165334706E+00 
 0.456435777014506E+00  0.204123446622784E+00  0.588807270576673E+00 
 0.467865308364559E+00  0.176357742185978E+00  0.587641320407192E+00 
 0.477609029043454E+00  0.147951395316735E+00  0.586339555370139E+00 
 0.485629853068145E+00  0.119011116325377E+00  0.584828350531291E+00 
 0.450259168808701E+00  0.217409017530778E+00  0.274257853569016E-01 
 0.459485206695682E+00  0.197163244109611E+00  0.492016836710245E-01 
 0.467014769606591E+00  0.178597886239739E+00  0.710789696630638E-01 
 0.473262491663174E+00  0.161315262714858E+00  0.938567934551786E-01 
 0.479404353120561E+00  0.142026287035382E+00  0.116529147299819E+00 
 0.485043163936305E+00  0.121380101823402E+00  0.138887077784145E+00 
 0.489895621868990E+00  0.100011397718442E+00  0.160805099080667E+00 
 0.493982295384689E+00  0.773401050327341E-01  0.181684127757811E+00 
 0.497119706551326E+00  0.535910193812626E-01  0.201244247841613E+00 
 0.499029883779511E+00  0.311315771365229E-01  0.219801350302395E+00 
 0.499782715780850E+00  0.147389621995201E-01  0.234511061475039E+00 
 0.491901032411541E+00  0.896290930025558E-01  0.582989395566456E+00 
 0.496396364231554E+00  0.599220291520131E-01  0.580698932507664E+00 
 0.499099079608500E+00  0.300018121777368E-01  0.577832034955561E+00 
 0.317116432722063E+00  0.386571038875952E+00  0.573640584984419E+00 
 0.336522144547262E+00  0.369801090086700E+00  0.570256972168309E+00 
 0.356379605699036E+00  0.350704400659301E+00  0.567449761893733E+00 
 0.376132082499833E+00  0.329430806868967E+00  0.565298085837386E+00 
 0.395009745514052E+00  0.306540863424314E+00  0.563643587195264E+00 
 0.412647529217288E+00  0.282350875031170E+00  0.562285799412710E+00 
 0.428838223539020E+00  0.257094881380197E+00  0.561086873160272E+00 
 0.443489483643198E+00  0.230904910943639E+00  0.559945802519965E+00 
 0.456539855810039E+00  0.203890559018678E+00  0.558811128104790E+00 
 0.467945820704538E+00  0.176144000423392E+00  0.557625715645851E+00 
 0.477666288598986E+00  0.147766426281716E+00  0.556329324019586E+00 
 0.485668866178072E+00  0.118851808674945E+00  0.554820457383989E+00 
 0.491923424695273E+00  0.895061128419423E-01  0.552974886746502E+00 
 0.496406926021688E+00  0.598344699792523E-01  0.550627440888763E+00 
 0.499101848297153E+00  0.299557177574832E-01  0.547643228731337E+00 
 0.317165321758881E+00  0.386530928482554E+00  0.543890620175232E+00 
 0.336587694056084E+00  0.369741428852661E+00  0.540413617748405E+00 
 0.356459087955117E+00  0.350623613885611E+00  0.537534017412345E+00 
 0.376209394890294E+00  0.329342513496632E+00  0.535362361063321E+00 
 0.395089272788653E+00  0.306438356814765E+00  0.533681521319113E+00 
 0.412718095878968E+00  0.282247716260095E+00  0.532317495143833E+00 
 0.428902339438194E+00  0.256987904821305E+00  0.531102967213248E+00 
 0.443542552206649E+00  0.230802955747998E+00  0.529952127798982E+00 
 0.456583219741600E+00  0.203793433285751E+00  0.528803811540369E+00 
 0.467978410409405E+00  0.176057398000442E+00  0.527614228868033E+00 
 0.477690481983034E+00  0.147688196626598E+00  0.526314157520199E+00 
 0.485684827114649E+00  0.118786567888014E+00  0.524806025546659E+00 
 0.491933041537164E+00  0.894532427807717E-01  0.522938029492503E+00 
 0.431455166442829E+00  0.252678529657331E+00  0.321253080879107E-01 
 0.415269070008032E+00  0.278480878149047E+00  0.530370543475788E-01 
 0.402839065660288E+00  0.296176783657913E+00  0.688889096351896E-01 
 0.395174885591254E+00  0.306327944853125E+00  0.909676743482821E-01 
 0.383664970339277E+00  0.320626247419892E+00  0.113554141437260E+00 
 0.370471988992271E+00  0.335783420335356E+00  0.135072307688353E+00 
 0.356739689335563E+00  0.350338113902507E+00  0.155107882595468E+00 
 0.344019914097035E+00  0.362836462755149E+00  0.176165055970290E+00 
 0.329890525993840E+00  0.375728945996322E+00  0.195535619678350E+00 
 0.316071195198250E+00  0.387426121429557E+00  0.213935507762139E+00 
 0.496411639226534E+00  0.597953546726240E-01  0.520526642897700E+00 
 0.499103332862408E+00  0.299309726810882E-01  0.517385475801388E+00 
 0.317185233531151E+00  0.386514589155169E+00  0.514239171773052E+00 
 0.336612928177208E+00  0.369718455833578E+00  0.510559635871093E+00 
 0.356490012908027E+00  0.350592171471119E+00  0.507615907179553E+00 
 0.376251315040327E+00  0.329294621775736E+00  0.505402192420681E+00 
 0.395126503389855E+00  0.306390349585144E+00  0.503714512089817E+00 
 0.412755124911621E+00  0.282193562752931E+00  0.502333189389089E+00 
 0.428932718685500E+00  0.256937196297200E+00  0.501112371720279E+00 
 0.443568731342424E+00  0.230752639367945E+00  0.499950394955991E+00 
 0.456603592569366E+00  0.203747783430270E+00  0.498797686261656E+00 
 0.467994767775365E+00  0.176013912333320E+00  0.497602524264942E+00 
 0.477702291017805E+00  0.147649995449848E+00  0.496303451307292E+00 
 0.485693031126115E+00  0.118753018974368E+00  0.494789804782762E+00 
 0.491937841153879E+00  0.894268440730269E-01  0.492904608603908E+00 
 0.496413573165456E+00  0.597792972282607E-01  0.490442428285785E+00 
 0.499103687420584E+00  0.299250597856743E-01  0.487175398126915E+00 
 0.317140420050937E+00  0.386551360067346E+00  0.484491686432164E+00 
 0.336625814469643E+00  0.369706723001692E+00  0.480691302967310E+00 
 0.356534477408753E+00  0.350546953230045E+00  0.477693787946795E+00 
 0.376296129448535E+00  0.329243409899199E+00  0.475467244642283E+00 
 0.395176670623525E+00  0.306325642078665E+00  0.473752182095832E+00 
 0.412796979154202E+00  0.282132334200044E+00  0.472360957358944E+00 
 0.428970407847974E+00  0.256874267280206E+00  0.471120246833489E+00 
 0.443598636275725E+00  0.230695144930094E+00  0.469950349092963E+00 
 0.456629196845794E+00  0.203690393951127E+00  0.468788741523359E+00 
 0.468014817583655E+00  0.175960593662724E+00  0.467594809859290E+00 
 0.477718488777653E+00  0.147597579519432E+00  0.466293732550442E+00 
 0.485704201168407E+00  0.118707324826061E+00  0.464784920201281E+00 
 0.491944509414926E+00  0.893901541362814E-01  0.462899336762657E+00 
 0.496416325115763E+00  0.597564403103246E-01  0.460426883611703E+00 
 0.499103930224394E+00  0.299210099188347E-01  0.457136588008266E+00 
 0.317253945996724E+00  0.386458191463847E+00  0.454462318448755E+00 
 0.336736341108180E+00  0.369606055925868E+00  0.450844440261482E+00 
 0.356631602781480E+00  0.350448141523839E+00  0.447832100597754E+00 
 0.376408738202818E+00  0.329114663612186E+00  0.445569242928466E+00 
 0.395282120482057E+00  0.306189557671728E+00  0.443842642725792E+00 
 0.412897025492720E+00  0.281985897412023E+00  0.442410652036582E+00 
 0.429053454406681E+00  0.256735531747544E+00  0.441144310755773E+00 
 0.443670979781093E+00  0.230555983873950E+00  0.439949489131387E+00 
 0.456688673875709E+00  0.203557007134724E+00  0.438785243393726E+00 
 0.468066099842851E+00  0.175824134230493E+00  0.437586201000516E+00 
 0.477758261935905E+00  0.147468787043169E+00  0.436297133820553E+00 
 0.485734239010157E+00  0.118584354167080E+00  0.434800997050018E+00 
 0.491963330997723E+00  0.892865104796096E-01  0.432950833076400E+00 
 0.496425459435834E+00  0.596805095816138E-01  0.430531513178518E+00 
 0.499106104085439E+00  0.298847262770575E-01  0.427339499296898E+00 
 0.317370259669845E+00  0.386362677127457E+00  0.425339166512606E+00 
 0.336865199813427E+00  0.369488615730796E+00  0.421203442532183E+00 
 0.356840273852789E+00  0.350235662028679E+00  0.418046815123003E+00 
 0.376652021270827E+00  0.328836212836422E+00  0.415791887620521E+00 
 0.395536834905525E+00  0.305860445682208E+00  0.414016000765914E+00 
 0.413122959826146E+00  0.281654788818661E+00  0.412525047620144E+00 
 0.429253313254204E+00  0.256401234513972E+00  0.411187628915171E+00 
 0.443840159501494E+00  0.230230130116994E+00  0.409965829049095E+00 
 0.456837747930602E+00  0.203222223355852E+00  0.408787099607867E+00 
 0.468189766513704E+00  0.175494565533646E+00  0.407602401905842E+00 
 0.477860443711027E+00  0.147137338348567E+00  0.406319248473461E+00 
 0.485808934546857E+00  0.118277973919271E+00  0.404870610405701E+00 
 0.492013514870040E+00  0.890095567072954E-01  0.403094024917390E+00 
 0.496451656682278E+00  0.594621945224107E-01  0.400789363298709E+00 
 0.499113696552720E+00  0.297576530237112E-01  0.397783110746938E+00 
 0.317321748598079E+00  0.386402520523168E+00  0.396149850953326E+00 
 0.337123505242721E+00  0.369252951528977E+00  0.391428512533986E+00 
 0.357294146823577E+00  0.349772629926374E+00  0.388397410782510E+00 
 0.377203107463222E+00  0.328203923986428E+00  0.386201074928992E+00 
 0.396066696548992E+00  0.305174002635822E+00  0.384368818266266E+00 
 0.413601570590375E+00  0.280951491907723E+00  0.382723027404206E+00 
 0.429667184356005E+00  0.255707079854241E+00  0.381277765006912E+00 
 0.444209101721444E+00  0.229517480702075E+00  0.380002588113124E+00 
 0.457157211294111E+00  0.202502553469807E+00  0.378844242648221E+00 
 0.468466988093037E+00  0.174753200448627E+00  0.377665586405300E+00 
 0.478081597057421E+00  0.146417166189713E+00  0.376415077943543E+00 
 0.470745187434700E+00  0.168519935043511E+00  0.466053437159396E-01 
 0.476611858591674E+00  0.151132843054679E+00  0.690417818649916E-01 
 0.481999799701615E+00  0.132951844995106E+00  0.913245846060531E-01 
 0.486912165295661E+00  0.113650971342490E+00  0.113317826716268E+00 
 0.491131392730845E+00  0.937547602752018E-01  0.134892446279314E+00 
 0.494511316503057E+00  0.738820536423684E-01  0.155725966575736E+00 
 0.497369539103559E+00  0.512205190515732E-01  0.174534600685198E+00 
 0.499269803258635E+00  0.270122852436512E-01  0.193572884031889E+00 
 0.485976900892163E+00  0.117585933679369E+00  0.375022919802951E+00 
 0.492124138801169E+00  0.883958823091217E-01  0.373403109033496E+00 
 0.496511660280746E+00  0.589590638092008E-01  0.371253845804768E+00 
 0.499131697983482E+00  0.294541689430554E-01  0.368406820964979E+00 
 0.317720221618960E+00  0.386074941914648E+00  0.364957943667524E+00 
 0.337893779856300E+00  0.368548224163978E+00  0.361427671142649E+00 
 0.358331745559633E+00  0.348709564142119E+00  0.359009499637338E+00 
 0.378285664335598E+00  0.326955587439908E+00  0.357012910877991E+00 
 0.397065101661908E+00  0.303873830795314E+00  0.354968354674483E+00 
 0.414469075227663E+00  0.279670137268758E+00  0.353034808864743E+00 
 0.430445656047675E+00  0.254394451963259E+00  0.351398261018339E+00 
 0.444906885055432E+00  0.228161924146587E+00  0.350115785156599E+00 
 0.457783646922241E+00  0.201082402538295E+00  0.349017353579818E+00 
 0.468998514709080E+00  0.173321646659258E+00  0.347890460178808E+00 
 0.478515005090050E+00  0.144994447837390E+00  0.346621440479640E+00 
 0.486298525416717E+00  0.116248630863019E+00  0.345334988723685E+00 
 0.492339943110879E+00  0.871858957491197E-01  0.344006520303137E+00 
 0.496627008423681E+00  0.579794317335420E-01  0.342054473019934E+00 
 0.499165349831894E+00  0.288782535345069E-01  0.339210515154905E+00 
 0.318664996817548E+00  0.385295496733704E+00  0.333895232352759E+00 
 0.339540211152269E+00  0.367031940041562E+00  0.331769651912661E+00 
 0.360296868247328E+00  0.346678765907529E+00  0.330410599301435E+00 
 0.380160941584012E+00  0.324773241653245E+00  0.328488707416048E+00 
 0.398653402449071E+00  0.301787118207154E+00  0.325845910916414E+00 
 0.415861335981337E+00  0.277595657811532E+00  0.323365596824906E+00 
 0.431739846896040E+00  0.252191801219198E+00  0.321542304530027E+00 
 0.446120378250570E+00  0.225779999356827E+00  0.320363707311807E+00 
 0.458862199575000E+00  0.198608866371047E+00  0.319521427448022E+00 
 0.469918025264350E+00  0.170812907977277E+00  0.318418313514234E+00 
 0.479246252590036E+00  0.142558862854639E+00  0.317019548885671E+00 
 0.486856451072498E+00  0.113889402707595E+00  0.315799580352816E+00 
 0.492711459197709E+00  0.850612601321251E-01  0.315228706658131E+00 
 0.464175980420194E+00  0.185851174871054E+00  0.239922543628507E-01 
 0.496823249528500E+00  0.562730728496464E-01  0.313454761527859E+00 
 0.499216244520489E+00  0.279846602062443E-01  0.310227064332161E+00 
 0.320318261753911E+00  0.383922142089972E+00  0.303738702274262E+00 
 0.342774803009597E+00  0.364012959139825E+00  0.303016699646073E+00 
 0.363678469656297E+00  0.343129670399477E+00  0.303427278542234E+00 
 0.382862989685259E+00  0.321583474589826E+00  0.300833561864276E+00 
 0.400733011953720E+00  0.299020155057314E+00  0.296618182410251E+00 
 0.417833138094983E+00  0.274618769769474E+00  0.293531567677750E+00 
 0.433756862035183E+00  0.248706623629914E+00  0.291662176371996E+00 
 0.448050157176325E+00  0.221925790872243E+00  0.290950730507703E+00 
 0.460558097351322E+00  0.194643877283952E+00  0.290753825988827E+00 
 0.471295704163394E+00  0.166974127448329E+00  0.289532534883114E+00 
 0.480326270316018E+00  0.138876470448755E+00  0.287478163555664E+00 
 0.487740695051032E+00  0.110040966876599E+00  0.286162813333926E+00 
 0.493322758857275E+00  0.814411173391401E-01  0.287922676865818E+00 
 0.497110574329060E+00  0.536756638545972E-01  0.285820580158781E+00 
 0.499263791982527E+00  0.271231638130266E-01  0.281212945289538E+00 
 0.321902921444603E+00  0.382594444765511E+00  0.240183373651543E+00 
 0.339271424908487E+00  0.367280410913194E+00  0.251842192366504E+00 
 0.363357217303244E+00  0.343469842393249E+00  0.247187178100042E+00 
 0.387343198293795E+00  0.316172811505881E+00  0.246872945365035E+00 
 0.323660121384001E+00  0.381109073397228E+00  0.271723697811835E+00 
 0.349727566138613E+00  0.357338256394081E+00  0.276376215270636E+00 
 0.368744412921844E+00  0.337679667642168E+00  0.279607859496222E+00 
 0.385176613044765E+00  0.318808683638579E+00  0.272908624042602E+00 
 0.402928976870468E+00  0.296054453771798E+00  0.266309527541640E+00 
 0.420553278742312E+00  0.270434723619382E+00  0.263538157627478E+00 
 0.436792736950307E+00  0.243335375454249E+00  0.261741166237999E+00 
 0.450989779976294E+00  0.215889366011701E+00  0.262241908608700E+00 
 0.462968938952127E+00  0.188837924065960E+00  0.263702696958731E+00 
 0.473014633632915E+00  0.162040600989748E+00  0.261328599321626E+00 
 0.481579222203526E+00  0.134467292461203E+00  0.257340524421087E+00 
 0.489223036252582E+00  0.103251250838940E+00  0.254729122566331E+00 
 0.494434866574272E+00  0.743919532992814E-01  0.264963455041053E+00 
 0.497262451876618E+00  0.522499182167240E-01  0.257860175066397E+00 
 0.499237682706358E+00  0.275995682210018E-01  0.250916277005869E+00 
 0.499480690002280E+00  0.227824562952717E-01  0.212506029555352E-01 
 0.499201247325689E+00  0.282509233207759E-01  0.436762997002764E-01 
 0.497731927280616E+00  0.475702487435531E-01  0.219085633378068E-01 
 0.499508574420566E+00  0.221626731315119E-01  0.860911434949140E-01 
 0.474996060401604E+00  0.156136935421943E+00  0.228762625597271E-01 
 0.479943211245482E+00  0.140194557595415E+00  0.453163916135323E-01 
 0.484633506421836E+00  0.123005546432983E+00  0.674031735281016E-01 
 0.488930064842504E+00  0.104629783967594E+00  0.892144252651489E-01 
 0.492633607808232E+00  0.855109844280008E-01  0.110713445419067E+00 
 0.495551081908817E+00  0.665516732997789E-01  0.131592974522145E+00 
 0.497438118594442E+00  0.505501549871191E-01  0.150873827390335E+00 
 0.499373112939680E+00  0.250298636219487E-01  0.162051716833768E+00 
 0.498583627117112E+00  0.376080678943299E-01  0.650753727235100E-01 
 0.496783883981755E+00  0.566195427039290E-01  0.436018883461471E-01 
 0.494522276380278E+00  0.738086591374510E-01  0.218574251540757E-01 
 0.499225017077383E+00  0.278277258159292E-01  0.108766366049604E+00 
 0.497676389965450E+00  0.481478023481561E-01  0.869524141697410E-01 
 0.495557872603870E+00  0.665010894672156E-01  0.654181998864565E-01 
 0.492824745873131E+00  0.844024280165217E-01  0.438493695697009E-01 
 0.489726952624043E+00  0.100834080912996E+00  0.221125338336425E-01 
 0.498620325142743E+00  0.371183425619303E-01  0.132118342423146E+00 
 0.496741392623361E+00  0.569911296133314E-01  0.109352666255984E+00 
 0.494146306243952E+00  0.762851756598816E-01  0.877550674538263E-01 
 0.490932605933764E+00  0.947901705404300E-01  0.661810173789339E-01 
 0.487247992916208E+00  0.112202466100916E+00  0.444572048505236E-01 
 0.483349782513398E+00  0.127956976145310E+00  0.224507471662888E-01 
 0.298000000743195E+00  0.334514574006813E+00  0.210804680226432E-01 
 0.298000000743195E+00  0.334514574006813E+00  0.505100287064127E-01 
 0.298000000743195E+00  0.334514574006813E+00  0.818024090816642E-01 
 0.298000000743195E+00  0.334514574006813E+00  0.113228493342211E+00 
 0.298000000743195E+00  0.334514574006813E+00  0.145126471866599E+00 
 0.298000000743195E+00  0.334514574006813E+00  0.176537003688930E+00 
 0.298000000743195E+00  0.334514574006813E+00  0.204359828234514E+00 
 0.298000000743195E+00  0.334514574006813E+00  0.233723052388891E+00 
 0.298000000743195E+00  0.334514574006813E+00  0.262554288155525E+00 
 0.298000000743195E+00  0.334514574006813E+00  0.287973191453771E+00 
 0.298000000743195E+00  0.334514574006813E+00  0.313976391233884E+00 
 0.298000000743195E+00  0.334514574006813E+00  0.352262513846187E+00 
 0.298000000743195E+00  0.334514574006813E+00  0.391866072497674E+00 
 0.298000000743195E+00  0.334514574006813E+00  0.421274072631028E+00 
 0.298000000743195E+00  0.334514574006813E+00  0.446470703656047E+00 
 0.298000000743195E+00  0.334514574006813E+00  0.474727811920731E+00 
 0.298000000743195E+00  0.334514574006813E+00  0.504252362753641E+00 
 0.298000000743195E+00  0.334514574006813E+00  0.533971337149266E+00 
 0.298000000743195E+00  0.334514574006813E+00  0.563884038158509E+00 
 0.298000000743195E+00  0.334514574006813E+00  0.593911776731611E+00 
 0.298000000743195E+00  0.334514574006813E+00  0.624031351599106E+00 
 0.298000000743195E+00  0.334514574006813E+00  0.654229782577398E+00 
 0.298000000743195E+00  0.334514574006813E+00  0.684598605808381E+00 
 0.298000000743195E+00  0.334514574006813E+00  0.715269949448406E+00 
 0.298000000743195E+00  0.334514574006813E+00  0.746705801133396E+00 
 0.298000000743195E+00  0.334514574006813E+00  0.780141550738107E+00 
 0.298000000743195E+00  0.334514574006813E+00  0.809127939225382E+00 
 0.298000000743195E+00  0.334514574006813E+00  0.839959261474481E+00 
 0.298000000743195E+00  0.334514574006813E+00  0.876534598507099E+00 
 0.298000000743195E+00  0.334514574006813E+00  0.909100607040524E+00 
 0.298000000743195E+00  0.334514574006813E+00  0.937923577475931E+00 
 0.298000000743195E+00  0.334514574006813E+00  0.961127092530358E+00 
 0.298000000743195E+00  0.334514574006813E+00  0.981933423531930E+00 
 0.298000000743195E+00  0.357255194690711E+00  0.896431721859554E+00 
 0.298000000743195E+00  0.379959884396657E+00  0.884850094396858E+00 
 0.298000000743195E+00  0.368472955391655E+00  0.832993924743080E+00 
 0.298000000743195E+00  0.356937496439396E+00  0.708599923410234E+00 
 0.298000000743195E+00  0.379308329190151E+00  0.702448717642847E+00 
 0.298000000743195E+00  0.357025717606063E+00  0.647993226560904E+00 
 0.298000000743195E+00  0.379389485416286E+00  0.642353881598257E+00 
 0.298000000743195E+00  0.357048940117929E+00  0.587903091988425E+00 
 0.298000000743195E+00  0.379416309452087E+00  0.582453289861461E+00 
 0.298000000743195E+00  0.357769904453099E+00  0.499665981758575E+00 
 0.298000000743195E+00  0.380385621253938E+00  0.495809802558755E+00 
 0.298000000743195E+00  0.369110323453649E+00  0.446810880283423E+00 
 0.298000000743195E+00  0.367935030571325E+00  0.360923069999186E+00 
 0.298000000743195E+00  0.357180526919820E+00  0.195992873839048E+00 
 0.298000000743195E+00  0.379508137954296E+00  0.186140555548833E+00 
 0.298000000743195E+00  0.357016698967167E+00  0.133761840066360E+00 
 0.298000000743195E+00  0.379433890254108E+00  0.122063953011232E+00 
 0.298000000743195E+00  0.356828475442333E+00  0.706891249475334E-01 
 0.298000000743195E+00  0.378955621368555E+00  0.595292035713030E-01 
 0.298000000743195E+00  0.373913718054455E+00  0.978048284851712E+00 
 0.298000000743195E+00  0.354763107595778E+00  0.962081082892531E+00 
 0.298000000743195E+00  0.379445211356322E+00  0.951605216047594E+00 
 0.298000000743195E+00  0.357040563302067E+00  0.928452144599551E+00 
 0.298000000743195E+00  0.379474473725272E+00  0.916069590620510E+00 
 0.298000000743195E+00  0.358571277637317E+00  0.864350648882941E+00 
 0.298000000743195E+00  0.378333164136628E+00  0.300805706010835E-01 
 0.298000000743195E+00  0.356456183757211E+00  0.394081916798538E-01 
 0.298000000743195E+00  0.382068526432427E+00  0.857012076380638E+00 
 0.298000000743195E+00  0.354879505052957E+00  0.806128073245430E+00 
 0.298000000743195E+00  0.378916657450908E+00  0.799662135909138E+00 
 0.298000000743195E+00  0.356750236658433E+00  0.772092840846685E+00 
 0.298000000743195E+00  0.379173750338537E+00  0.762543395509466E+00 
 0.298000000743195E+00  0.356864839783646E+00  0.739487119977614E+00 
 0.298000000743195E+00  0.379169582466909E+00  0.732266379663261E+00 
 0.298000000743195E+00  0.356999007728769E+00  0.678204801229393E+00 
 0.298000000743195E+00  0.379365938494068E+00  0.672418833130945E+00 
 0.298000000743195E+00  0.357037992341070E+00  0.617889625360462E+00 
 0.298000000743195E+00  0.379400102411200E+00  0.612345073379556E+00 
 0.298000000743195E+00  0.357084464308501E+00  0.558074885323013E+00 
 0.298000000743195E+00  0.379467205732073E+00  0.552795580932589E+00 
 0.298000000743195E+00  0.357215094132203E+00  0.528569255787305E+00 
 0.298000000743195E+00  0.379663687733084E+00  0.523630613215532E+00 
 0.298000000743195E+00  0.359952888161358E+00  0.472053551514940E+00 
 0.298000000743195E+00  0.383082410249809E+00  0.471622501342501E+00 
 0.298000000743195E+00  0.354692160579384E+00  0.420227051533320E+00 
 0.298000000743195E+00  0.379019196754574E+00  0.419571101094874E+00 
 0.298000000743195E+00  0.358960868463781E+00  0.388891572563823E+00 
 0.298000000743195E+00  0.382211079202650E+00  0.387909525103416E+00 
 0.298000000743195E+00  0.357481027749877E+00  0.326999679936471E+00 
 0.298000000743195E+00  0.380582889993988E+00  0.339498568219895E+00 
 0.298000000743195E+00  0.353286505218863E+00  0.291638593409254E+00 
 0.298000000743195E+00  0.378523977048442E+00  0.300482137089571E+00 
 0.298000000743195E+00  0.379464788165951E+00  0.896938553697252E-01 
 0.298000000743195E+00  0.357013809751540E+00  0.101972086655741E+00 
 0.298000000743195E+00  0.357095144769144E+00  0.258944842315483E+00 
 0.298000000743195E+00  0.379595264034643E+00  0.251770305919181E+00 
 0.298000000743195E+00  0.357172404073032E+00  0.226793465498204E+00 
 0.298000000743195E+00  0.379500714745625E+00  0.217933808645684E+00 
 0.298000000743195E+00  0.357056976474789E+00  0.165380277230669E+00 
 0.298000000743195E+00  0.379470795150366E+00  0.154205034646771E+00 
 0.448000000743213E+00  0.104083408558608E-16  0.210778291119789E-01 
 0.448000000743213E+00  0.104083408558608E-16  0.501299390648004E-01 
 0.448000000743213E+00  0.104083408558608E-16  0.811596300315723E-01 
 0.448000000743213E+00  0.104083408558608E-16  0.112889532252067E+00 
 0.448000000743213E+00  0.104083408558608E-16  0.140896456043679E+00 
 0.448000000743213E+00  0.104083408558608E-16  0.172591366755377E+00 
 0.448000000743213E+00  0.104083408558608E-16  0.201699623727110E+00 
 0.448000000743213E+00  0.104083408558608E-16  0.234551130160899E+00 
 0.448000000743213E+00  0.104083408558608E-16  0.263809013130356E+00 
 0.448000000743213E+00  0.104083408558608E-16  0.296713686267595E+00 
 0.448000000743213E+00  0.104083408558608E-16  0.326724885364362E+00 
 0.448000000743213E+00  0.104083408558608E-16  0.355664922207837E+00 
 0.448000000743213E+00  0.104083408558608E-16  0.383392818679745E+00 
 0.448000000743213E+00  0.104083408558608E-16  0.409760134561345E+00 
 0.448000000743213E+00  0.104083408558608E-16  0.436630978142704E+00 
 0.448000000743213E+00  0.104083408558608E-16  0.467701304590070E+00 
 0.448000000743213E+00  0.104083408558608E-16  0.498224942319429E+00 
 0.448000000743213E+00  0.104083408558608E-16  0.532750438874503E+00 
 0.448000000743213E+00  0.104083408558608E-16  0.563709116045034E+00 
 0.448000000743213E+00  0.104083408558608E-16  0.592961865178479E+00 
 0.448000000743213E+00  0.104083408558608E-16  0.625077364543430E+00 
 0.448000000743213E+00  0.104083408558608E-16  0.653111135077587E+00 
 0.448000000743213E+00  0.104083408558608E-16  0.684463578377615E+00 
 0.448000000743213E+00  0.104083408558608E-16  0.712704682278745E+00 
 0.448000000743213E+00  0.104083408558608E-16  0.745876711742715E+00 
 0.448000000743213E+00  0.104083408558608E-16  0.776236186907442E+00 
 0.448000000743213E+00  0.104083408558608E-16  0.809676495824631E+00 
 0.448000000743213E+00  0.104083408558608E-16  0.840128523518476E+00 
 0.448000000743213E+00  0.104083408558608E-16  0.866451850950506E+00 
 0.448000000743213E+00  0.104083408558608E-16  0.897069786013188E+00 
 0.448000000743213E+00  0.104083408558608E-16  0.928331258487336E+00 
 0.448000000743213E+00  0.104083408558608E-16  0.954711854725456E+00 
 0.448000000743213E+00  0.104083408558608E-16  0.980753119226508E+00 
 0.416351323144261E+00  0.165395212693486E+00  0.930481950203834E+00 
 0.390492369225614E+00  0.219589868260055E+00  0.899380910675116E+00 
 0.392854868831511E+00  0.215334745689771E+00  0.929921365751085E+00 
 0.413363191902323E+00  0.172727740233652E+00  0.105288366639087E+00 
 0.407140848541156E+00  0.186923326835066E+00  0.788516229167700E-01 
 0.419272755452723E+00  0.157842824356957E+00  0.778031349599357E-01 
 0.444245392237154E+00  0.578794621775442E-01  0.830225153137608E+00 
 0.357185307351111E+00  0.270412013191702E+00  0.879287542073307E+00 
 0.428978539499718E+00  0.129156545767490E+00  0.154997229290251E+00 
 0.440242838887516E+00  0.830074904702416E-01  0.822553315464824E+00 
 0.439510674323420E+00  0.868007362968705E-01  0.851490165673136E+00 
 0.434033556634851E+00  0.110990415715972E+00  0.828054436958192E+00 
 0.436261145910006E+00  0.101883331488486E+00  0.878472055021693E+00 
 0.429313761966404E+00  0.128037863353599E+00  0.861654115323219E+00 
 0.424328916040782E+00  0.143697500596062E+00  0.829522492452115E+00 
 0.430596022383503E+00  0.123657050641712E+00  0.896567041051257E+00 
 0.425441855075653E+00  0.140368189472142E+00  0.919159892490505E+00 
 0.418670618554131E+00  0.159433101410597E+00  0.893680442146880E+00 
 0.416740805755926E+00  0.164411378814856E+00  0.858486250723101E+00 
 0.413037496750858E+00  0.173505120799606E+00  0.828867039572309E+00 
 0.416002324506934E+00  0.166271063840730E+00  0.962351739599467E+00 
 0.406011010608031E+00  0.189364885686198E+00  0.849701375007835E+00 
 0.446420185504952E+00  0.375901401915640E-01  0.210712272732499E-01 
 0.447364573164332E+00  0.238524494211561E-01  0.402202357867119E-01 
 0.402725102554990E+00  0.196256190827130E+00  0.877240301792715E+00 
 0.404983616891633E+00  0.191552266275481E+00  0.912205848649441E+00 
 0.405075360260767E+00  0.191358180320340E+00  0.945130939013635E+00 
 0.401965298828736E+00  0.197807732921204E+00  0.829446335279981E+00 
 0.380718131078984E+00  0.236130695449841E+00  0.917779003487948E+00 
 0.393441690080954E+00  0.214260675748362E+00  0.847349679535486E+00 
 0.384523636563934E+00  0.229881651267665E+00  0.870561465945297E+00 
 0.372209756494774E+00  0.249326889516554E+00  0.894187722784748E+00 
 0.375801130072550E+00  0.243880116659997E+00  0.838744741209312E+00 
 0.369051048452932E+00  0.253978983976412E+00  0.865608767178361E+00 
 0.351833140420097E+00  0.277339939366888E+00  0.850230763332483E+00 
 0.409479307414215E+00  0.181743493598741E+00  0.785062765571921E+00 
 0.398306438242613E+00  0.205075551737367E+00  0.788138622662809E+00 
 0.384700301755626E+00  0.229585884790488E+00  0.786965659843969E+00 
 0.375810164177231E+00  0.243866195211600E+00  0.734440293217960E+00 
 0.374544951543339E+00  0.245804963211276E+00  0.677635705994773E+00 
 0.375555705301429E+00  0.244257881922868E+00  0.615654627714188E+00 
 0.372914218576398E+00  0.248272000534603E+00  0.521671160908446E+00 
 0.421703496302120E+00  0.151228839420487E+00  0.474910052730277E+00 
 0.409657945929892E+00  0.181340475356172E+00  0.474292988295586E+00 
 0.397766776514525E+00  0.206120334191330E+00  0.475326670140497E+00 
 0.410050941097181E+00  0.180450066143566E+00  0.364743352895563E+00 
 0.398623194237017E+00  0.204459163849848E+00  0.366568696931185E+00 
 0.383976110596662E+00  0.230795032782251E+00  0.366932966252983E+00 
 0.372399227766206E+00  0.249043803024754E+00  0.285459271155176E+00 
 0.442697438713909E+00  0.687239290353118E-01  0.230215571470841E-01 
 0.445052655930399E+00  0.513043284255900E-01  0.446943481313079E-01 
 0.446997778161649E+00  0.299497409745708E-01  0.636976471821622E-01 
 0.370424859158842E+00  0.251971078465468E+00  0.227940724350833E+00 
 0.336297475628269E+00  0.295986500624524E+00  0.160405858045729E+00 
 0.353104670240727E+00  0.275719227693834E+00  0.172668977017048E+00 
 0.354055854856514E+00  0.274496725495442E+00  0.141983352985185E+00 
 0.383757244526171E+00  0.231158772144995E+00  0.177618627012191E+00 
 0.373300794270255E+00  0.247690366512498E+00  0.154523567256253E+00 
 0.369980507365904E+00  0.252623088483944E+00  0.120836978363352E+00 
 0.396575330664197E+00  0.208403473518280E+00  0.180455589259693E+00 
 0.393266290655341E+00  0.214582444063093E+00  0.154258086483119E+00 
 0.387853895811536E+00  0.224217207568277E+00  0.126510953581978E+00 
 0.382910814136182E+00  0.232558184296892E+00  0.977955778706915E-01 
 0.408998243316319E+00  0.182823514981160E+00  0.165022853233510E+00 
 0.404605195662625E+00  0.192350295837336E+00  0.131589517087355E+00 
 0.398851910797675E+00  0.204012631763197E+00  0.102794801502981E+00 
 0.393394092606246E+00  0.214348054734374E+00  0.760350703371346E-01 
 0.445836539735750E+00  0.439747712029676E-01  0.153725022258898E+00 
 0.442774437301725E+00  0.682260825348114E-01  0.138274870259546E+00 
 0.434095815402938E+00  0.110746664579848E+00  0.128686032661557E+00 
 0.434245878679009E+00  0.110156786065129E+00  0.974083466574905E-01 
 0.421139540356575E+00  0.152792304171883E+00  0.165755502850625E+00 
 0.420259726678694E+00  0.155195885247803E+00  0.135103645450973E+00 
 0.425690098981626E+00  0.139613539081687E+00  0.103952162183662E+00 
 0.429491365479760E+00  0.127440839781571E+00  0.752565115630143E-01 
 0.401451717408828E+00  0.198847980264836E+00  0.564324947509943E-01 
 0.412645607661222E+00  0.174435097224732E+00  0.525561641887141E-01 
 0.423859741375432E+00  0.145075567574460E+00  0.508441591939339E-01 
 0.447519833258044E+00  0.207364294560514E-01  0.154616034905634E+00 
 0.447540192100604E+00  0.202922921437687E-01  0.218461288664019E+00 
 0.447571853648802E+00  0.195815343440927E-01  0.281331389832980E+00 
 0.447535642222266E+00  0.203923908994923E-01  0.377053245329523E+00 
 0.447472521647972E+00  0.217334543020468E-01  0.401117455475297E+00 
 0.447523179197347E+00  0.206640931810012E-01  0.449056909510289E+00 
 0.447474380614238E+00  0.216951459962353E-01  0.425844420620266E+00 
 0.447460931905027E+00  0.219707779693543E-01  0.516869251412819E+00 
 0.436600098945853E+00  0.100420885608403E+00  0.242053405086133E-01 
 0.440345458811784E+00  0.824613701665562E-01  0.476881600319631E-01 
 0.443487617186308E+00  0.634250271447831E-01  0.702988160416751E-01 
 0.446044553618639E+00  0.418121615448033E-01  0.884963550428850E-01 
 0.447350677297086E+00  0.241116608248454E-01  0.105655676982660E+00 
 0.447627415036210E+00  0.182674019470258E-01  0.610643970621600E+00 
 0.447732836476616E+00  0.154695768041205E-01  0.669232628996020E+00 
 0.447586565710845E+00  0.192423195344419E-01  0.729551504905385E+00 
 0.447659387707981E+00  0.174663465787770E-01  0.793028712771809E+00 
 0.447378685403133E+00  0.235862780628567E-01  0.933417769069041E+00 
 0.443469177009299E+00  0.635538331542709E-01  0.979658594799825E+00 
 0.446651947271056E+00  0.347280673932568E-01  0.967065430064390E+00 
 0.446440177368523E+00  0.373519570713416E-01  0.911844792684821E+00 
 0.444861536080011E+00  0.529359460332570E-01  0.934727639612635E+00 
 0.442212430219797E+00  0.717785986559195E-01  0.955738574565803E+00 
 0.438897424977025E+00  0.898501586778921E-01  0.977021684763342E+00 
 0.447381201268715E+00  0.235385092402968E-01  0.864382707579052E+00 
 0.445920019901618E+00  0.431200245459202E-01  0.886089727269212E+00 
 0.443323735813639E+00  0.645605601752660E-01  0.907961482659054E+00 
 0.440147133953660E+00  0.835134787820813E-01  0.930084596583845E+00 
 0.436098850959618E+00  0.102575790796879E+00  0.952079988407743E+00 
 0.432122421326660E+00  0.118212578233820E+00  0.975662192008845E+00 
 0.447078783687175E+00  0.287151848799727E-01  0.835748514421695E+00 
 0.444901887709881E+00  0.525957315576762E-01  0.858307922724658E+00 
 0.441865590489936E+00  0.738836964890534E-01  0.880927675246100E+00 
 0.438069785661914E+00  0.938022577341848E-01  0.903757688006023E+00 
 0.433357219984963E+00  0.113602467195071E+00  0.925389383486395E+00 
 0.426795342587229E+00  0.136197416318189E+00  0.948961190452404E+00 
 0.424233980197642E+00  0.143977535440662E+00  0.977128125184782E+00 
 0.315440704625476E+00  0.318121301599380E+00  0.976778294107474E+00 
 0.333130961348060E+00  0.299545928460420E+00  0.971253208973194E+00 
 0.316325884737981E+00  0.317241131177271E+00  0.951534313807585E+00 
 0.363267705961412E+00  0.262184237648701E+00  0.977596498599628E+00 
 0.349424773417197E+00  0.280368201457008E+00  0.962195674060174E+00 
 0.333974803831723E+00  0.298604807515653E+00  0.942130380349543E+00 
 0.317032570924080E+00  0.316534910616773E+00  0.923869458610023E+00 
 0.378031913779745E+00  0.240407722067997E+00  0.972151754116081E+00 
 0.364993172236032E+00  0.259776798207569E+00  0.951665618760276E+00 
 0.350970039307898E+00  0.278431377854777E+00  0.932793365212938E+00 
 0.335863770978254E+00  0.296478545615301E+00  0.912703090168046E+00 
 0.428079480155277E+00  0.132105864123772E+00  0.250059963229394E-01 
 0.433239118044351E+00  0.114052037518213E+00  0.494060803121883E-01 
 0.437659632213348E+00  0.956976854306414E-01  0.735638287271171E-01 
 0.441328988649984E+00  0.770241808985272E-01  0.101720817513993E+00 
 0.445329154820472E+00  0.488461311956858E-01  0.113681246754890E+00 
 0.447079840719576E+00  0.286987227599685E-01  0.131371498730278E+00 
 0.318748645386599E+00  0.314806768875938E+00  0.892845081586395E+00 
 0.446611281663795E+00  0.352471808308024E-01  0.809293048261894E+00 
 0.443503346218030E+00  0.633149473609202E-01  0.800782453718410E+00 
 0.438022021501426E+00  0.940250463744092E-01  0.799560836949205E+00 
 0.430135194493995E+00  0.125250609274024E+00  0.799967568096074E+00 
 0.418911963749022E+00  0.158797881893425E+00  0.797910448306341E+00 
 0.405988449738451E+00  0.189413250182955E+00  0.807657833426981E+00 
 0.391213022912220E+00  0.218303392941532E+00  0.815150101335189E+00 
 0.375976894558023E+00  0.243609062689393E+00  0.808989651433519E+00 
 0.359025552629004E+00  0.267963902840170E+00  0.815950758135559E+00 
 0.336845564818499E+00  0.295362601099062E+00  0.822731466052414E+00 
 0.320910512786890E+00  0.312602692644762E+00  0.799808080271727E+00 
 0.405138506102501E+00  0.191224453297520E+00  0.975424195439342E+00 
 0.392487986996073E+00  0.216002733153245E+00  0.961063611706205E+00 
 0.379660577794068E+00  0.237827345641696E+00  0.943261036202662E+00 
 0.367016692659261E+00  0.256909999757416E+00  0.923907878302639E+00 
 0.353941420407559E+00  0.274644263704481E+00  0.904537576726651E+00 
 0.339679930588901E+00  0.292098520059615E+00  0.881956090982737E+00 
 0.322996240242076E+00  0.310447144382716E+00  0.856081110726100E+00 
 0.315743984977381E+00  0.317820289812504E+00  0.825843922449745E+00 
 0.367945169394468E+00  0.255578467373867E+00  0.785814464799647E+00 
 0.345828412457369E+00  0.284792397727033E+00  0.787432706141973E+00 
 0.326836559045666E+00  0.306401475742346E+00  0.773356654589708E+00 
 0.426531132813755E+00  0.137022601809028E+00  0.732662029895496E+00 
 0.414815447919135E+00  0.169210356756162E+00  0.730062885484752E+00 
 0.404261830289998E+00  0.193070902096827E+00  0.743372192075957E+00 
 0.391041034034052E+00  0.218611322596706E+00  0.738315198407069E+00 
 0.446308756805917E+00  0.388907992236611E-01  0.747397874820704E+00 
 0.443135417908868E+00  0.658407325341891E-01  0.737494130559972E+00 
 0.436690221796208E+00  0.100028250277028E+00  0.744687762638912E+00 
 0.446667716794000E+00  0.345246497437970E-01  0.776415463936249E+00 
 0.442177204989452E+00  0.719952779953116E-01  0.769439640351053E+00 
 0.435394368889972E+00  0.105526035672752E+00  0.775846495614884E+00 
 0.427608091812099E+00  0.133623802081499E+00  0.767854759276300E+00 
 0.415971249057249E+00  0.166348792071516E+00  0.760815422240698E+00 
 0.404518889787561E+00  0.192531733672506E+00  0.767437243842403E+00 
 0.393640058153152E+00  0.213896015117358E+00  0.763787896357414E+00 
 0.379426360237402E+00  0.238200835059193E+00  0.761013416662710E+00 
 0.362253959482275E+00  0.263583135851503E+00  0.758115961886265E+00 
 0.343109624276628E+00  0.288062122457376E+00  0.753278588812089E+00 
 0.321891550590367E+00  0.311592410569367E+00  0.747914814980788E+00 
 0.359159825302438E+00  0.267783906451861E+00  0.729043032377026E+00 
 0.340437062770742E+00  0.291215739543602E+00  0.723650066035937E+00 
 0.319890464138751E+00  0.313646443657495E+00  0.718941232092186E+00 
 0.427298744530821E+00  0.134609745517495E+00  0.671992721089093E+00 
 0.415302934089023E+00  0.168010337785951E+00  0.680968948103551E+00 
 0.404263807965848E+00  0.193066761082413E+00  0.670246649034607E+00 
 0.389773384214996E+00  0.220863554312364E+00  0.688190659012497E+00 
 0.446958902104924E+00  0.305244245655207E-01  0.683372021493111E+00 
 0.444266119919463E+00  0.577201468952559E-01  0.683489733042825E+00 
 0.437618539798146E+00  0.958854227233909E-01  0.683582722427778E+00 
 0.446442559537026E+00  0.373234738459069E-01  0.711416255343989E+00 
 0.441231579556603E+00  0.775802414786885E-01  0.712101236656645E+00 
 0.402375214390226E+00  0.196972555221080E+00  0.286647706879205E-01 
 0.389526522801995E+00  0.221298641432088E+00  0.491879585807419E-01 
 0.378289851848507E+00  0.240001643024239E+00  0.698275991993298E-01 
 0.365943253083031E+00  0.258436716023299E+00  0.909935502564956E-01 
 0.351888300427380E+00  0.277269949125806E+00  0.112209342151946E+00 
 0.335999585944471E+00  0.296324617457007E+00  0.131538235848996E+00 
 0.320344338665314E+00  0.313182862479707E+00  0.148763073511033E+00 
 0.308474602041746E+00  0.324880625093415E+00  0.162352618369648E+00 
 0.434988688578696E+00  0.107186013427546E+00  0.715745941494270E+00 
 0.429607513549735E+00  0.127048750357945E+00  0.700837132180964E+00 
 0.420308806726983E+00  0.155062915146207E+00  0.704407650082141E+00 
 0.404014718630507E+00  0.193587468075323E+00  0.708624055249523E+00 
 0.387303206772987E+00  0.225167108364570E+00  0.714820527684579E+00 
 0.374088288852098E+00  0.246499397178996E+00  0.706543017321136E+00 
 0.357681536375572E+00  0.269755295039612E+00  0.699739050738218E+00 
 0.339131635136143E+00  0.292734922268907E+00  0.693923606135732E+00 
 0.319088985616297E+00  0.314461794061318E+00  0.688936397382075E+00 
 0.357435101683399E+00  0.270081744570927E+00  0.670007953467373E+00 
 0.338702439256017E+00  0.293231407437746E+00  0.663899432598772E+00 
 0.318818145821073E+00  0.314736382646038E+00  0.658743889783385E+00 
 0.430739091283901E+00  0.123157768353525E+00  0.609647480048316E+00 
 0.420537700866890E+00  0.154441065832538E+00  0.615487714619573E+00 
 0.407327975540325E+00  0.186515203155458E+00  0.604659322377893E+00 
 0.392000802978603E+00  0.216885617619132E+00  0.624559678464030E+00 
 0.446430919712948E+00  0.374624423943355E-01  0.628644536804490E+00 
 0.442858138242948E+00  0.676806475877395E-01  0.622881948722655E+00 
 0.437164050021540E+00  0.979366838047385E-01  0.617689387497014E+00 
 0.446870103029947E+00  0.317979823872560E-01  0.655198756971966E+00 
 0.443302520908494E+00  0.647060709831750E-01  0.653625601969026E+00 
 0.437150532116093E+00  0.979970047323970E-01  0.648650463686837E+00 
 0.429155976000162E+00  0.128565737773518E+00  0.637036450988095E+00 
 0.417744441310327E+00  0.161844315378153E+00  0.651373604124008E+00 
 0.406005420262898E+00  0.189376871299135E+00  0.637275904682639E+00 
 0.390807183248818E+00  0.219029098950405E+00  0.657179455511933E+00 
 0.375109473259367E+00  0.244942613150467E+00  0.647159780082114E+00 
 0.357522447875613E+00  0.269966108856143E+00  0.639679077291055E+00 
 0.338585858973837E+00  0.293366011611513E+00  0.633666844096649E+00 
 0.318711066947858E+00  0.314844813314208E+00  0.628516502526444E+00 
 0.357456250664980E+00  0.270053753031563E+00  0.609009776463133E+00 
 0.417102653815887E+00  0.163491213359144E+00  0.259202104860585E-01 
 0.338405175314530E+00  0.293574416436854E+00  0.603298672520315E+00 
 0.318585430015504E+00  0.314971942318259E+00  0.598316986363889E+00 
 0.446603474624727E+00  0.353459632634019E-01  0.594802044231757E+00 
 0.442441317781673E+00  0.703539692236545E-01  0.591660171348759E+00 
 0.436271725495683E+00  0.101838019417719E+00  0.589654435302030E+00 
 0.428306741687325E+00  0.131367178895977E+00  0.586588416549794E+00 
 0.418724597232042E+00  0.159291281427342E+00  0.583352980456735E+00 
 0.408383456355503E+00  0.184192706807392E+00  0.575801264564990E+00 
 0.393665240707341E+00  0.213849664308208E+00  0.588405642701249E+00 
 0.374859659464222E+00  0.245324756949368E+00  0.584319569201596E+00 
 0.356892475179674E+00  0.270798378551318E+00  0.578239828261035E+00 
 0.337988466216650E+00  0.294054072188116E+00  0.572881406182369E+00 
 0.318331990138986E+00  0.315228083647464E+00  0.568142331000750E+00 
 0.425817100303881E+00  0.139225707951853E+00  0.532337672709807E+00 
 0.415746848668082E+00  0.166908832865308E+00  0.527183143140765E+00 
 0.405356184405146E+00  0.190762586558274E+00  0.521287612222596E+00 
 0.390776937912826E+00  0.219083056080056E+00  0.528290440481350E+00 
 0.445937249973647E+00  0.429414689064165E-01  0.536071008583727E+00 
 0.442140819935438E+00  0.722183910975928E-01  0.528279182783587E+00 
 0.435270147046122E+00  0.106037256454280E+00  0.537570783790140E+00 
 0.446319568542780E+00  0.387665242404358E-01  0.564381120414403E+00 
 0.441197718632478E+00  0.777725770397458E-01  0.560035595025972E+00 
 0.386147507071996E+00  0.227143354399779E+00  0.234038435681101E-01 
 0.374289933397531E+00  0.246193107992834E+00  0.431738113405726E-01 
 0.361203461849098E+00  0.265020866752270E+00  0.620304398603860E-01 
 0.348463245928620E+00  0.281562367696372E+00  0.839334979746605E-01 
 0.333947457984009E+00  0.298635389684338E+00  0.103950304023089E+00 
 0.317260618043844E+00  0.316306340284761E+00  0.122274196843409E+00 
 0.434119938382362E+00  0.110652066247303E+00  0.566355261826679E+00 
 0.426859257139374E+00  0.135996967835031E+00  0.559729101962067E+00 
 0.417027563609841E+00  0.163682655939902E+00  0.554609429845875E+00 
 0.403390777864942E+00  0.194884275916296E+00  0.550333902922413E+00 
 0.387918655263505E+00  0.224105148455932E+00  0.561030907664725E+00 
 0.373422207164622E+00  0.247507284462905E+00  0.553187397060750E+00 
 0.356013478913597E+00  0.271952943535706E+00  0.547333348753166E+00 
 0.337282667934942E+00  0.294863362553887E+00  0.542440913255956E+00 
 0.317879096953752E+00  0.315684780098388E+00  0.538068817682607E+00 
 0.354882018338191E+00  0.273427785212310E+00  0.516223737927398E+00 
 0.336103248966889E+00  0.296207033508321E+00  0.512156736754035E+00 
 0.317045363557024E+00  0.316522097353242E+00  0.508226785145719E+00 
 0.445976129586358E+00  0.425357791167766E-01  0.466929712725495E+00 
 0.442155089492845E+00  0.721309746328230E-01  0.478058688940867E+00 
 0.434021878064895E+00  0.111036075340066E+00  0.476996424643116E+00 
 0.445814694825891E+00  0.441956846671442E-01  0.499272687837828E+00 
 0.439278239788487E+00  0.879694760370596E-01  0.505207075077960E+00 
 0.432302485878376E+00  0.117552377131554E+00  0.511163968311371E+00 
 0.424191364267057E+00  0.144103043504129E+00  0.503569921976122E+00 
 0.413529014863971E+00  0.172330364508216E+00  0.499882430159904E+00 
 0.401170271996595E+00  0.199415178790582E+00  0.498813786758750E+00 
 0.387050705284626E+00  0.225600869246054E+00  0.496132445035543E+00 
 0.370953745298841E+00  0.251191798263123E+00  0.489560852868080E+00 
 0.352742833977701E+00  0.276181993879537E+00  0.484604881941556E+00 
 0.333869384806183E+00  0.298722671645523E+00  0.482676980415809E+00 
 0.315458030696522E+00  0.318104120587856E+00  0.478697229766435E+00 
 0.446055529584317E+00  0.416949060815974E-01  0.440959232322662E+00 
 0.442042658784991E+00  0.728168145430882E-01  0.443284458521553E+00 
 0.435457368379249E+00  0.105265763618201E+00  0.445052503186781E+00 
 0.427578198879356E+00  0.133719424576187E+00  0.443492961008487E+00 
 0.416577793673519E+00  0.164823974239197E+00  0.450269523697920E+00 
 0.403440914729983E+00  0.194780463567926E+00  0.447279570010658E+00 
 0.386146926508330E+00  0.227144341364851E+00  0.463158913588956E+00 
 0.369015177069723E+00  0.254031099982068E+00  0.456647039210702E+00 
 0.348605069080735E+00  0.281386756044262E+00  0.451265058714719E+00 
 0.329342802322864E+00  0.303705974956078E+00  0.457087490905081E+00 
 0.314144036203335E+00  0.319401824014483E+00  0.444863373383338E+00 
 0.445660995526018E+00  0.457195552543951E-01  0.416780688902159E+00 
 0.442529153594158E+00  0.697993473117389E-01  0.404028805089009E+00 
 0.436017283726455E+00  0.102921955664028E+00  0.415581876541223E+00 
 0.428353053027268E+00  0.131216091345989E+00  0.414768647230367E+00 
 0.417500395925338E+00  0.162472828707099E+00  0.415753428030820E+00 
 0.404265524297631E+00  0.193063167202508E+00  0.419734137877379E+00 
 0.388526811715385E+00  0.223049136389673E+00  0.423318902855187E+00 
 0.366508954786344E+00  0.257633822949006E+00  0.425067444477964E+00 
 0.349741764114106E+00  0.279972675631480E+00  0.419706694837597E+00 
 0.333050316735089E+00  0.299635590657309E+00  0.429548159517749E+00 
 0.317657318910685E+00  0.315907942933342E+00  0.412893914368219E+00 
 0.445973804853699E+00  0.425601462663651E-01  0.389616459009155E+00 
 0.443846077324263E+00  0.608659207584157E-01  0.376639667437758E+00 
 0.439207167481922E+00  0.883236361254037E-01  0.379991990879158E+00 
 0.430278370755610E+00  0.124757862781468E+00  0.383790848463543E+00 
 0.419441852148852E+00  0.157392926562285E+00  0.376137881841310E+00 
 0.371820482246171E+00  0.249907042013873E+00  0.194473255948251E-01 
 0.355994960860205E+00  0.271977183800477E+00  0.301766183771079E-01 
 0.342372226047732E+00  0.288938158603217E+00  0.561203114252656E-01 
 0.332024041098119E+00  0.300772400327512E+00  0.787068860809929E-01 
 0.316137104080407E+00  0.317429255251551E+00  0.931488013155456E-01 
 0.405289188745785E+00  0.190904882472097E+00  0.392505183674176E+00 
 0.391075614471971E+00  0.218549455344258E+00  0.389629427633045E+00 
 0.376315746732732E+00  0.243085292493984E+00  0.395715534199243E+00 
 0.359909522555509E+00  0.266775441597916E+00  0.399361725089936E+00 
 0.339957419287957E+00  0.291775519427127E+00  0.392218738449068E+00 
 0.320278970360390E+00  0.313249711589314E+00  0.388472110192938E+00 
 0.364771023353561E+00  0.260088641019737E+00  0.369049945555699E+00 
 0.346666292852209E+00  0.283771883853921E+00  0.358256010389700E+00 
 0.323594775527426E+00  0.309823210746474E+00  0.359774491047233E+00 
 0.446685503569388E+00  0.342937540502480E-01  0.357492058722649E+00 
 0.443190038689024E+00  0.654720571902790E-01  0.351543100406389E+00 
 0.437251036870642E+00  0.975475854209285E-01  0.350132779837440E+00 
 0.428449619805886E+00  0.130900435270829E+00  0.347101376965526E+00 
 0.417745918429199E+00  0.161840502661248E+00  0.343067795251526E+00 
 0.406065868084150E+00  0.189247223078616E+00  0.342711121415473E+00 
 0.393256658777578E+00  0.214600095510224E+00  0.342801874614829E+00 
 0.378431339533680E+00  0.239778485116251E+00  0.340550760048792E+00 
 0.361280001424843E+00  0.264916517484967E+00  0.336579413962269E+00 
 0.341909733298470E+00  0.289485293135362E+00  0.331057628109584E+00 
 0.320360061892370E+00  0.313166778905772E+00  0.325808876381935E+00 
 0.427518639130676E+00  0.133909722805164E+00  0.277957155128627E+00 
 0.416307773553048E+00  0.165504798556429E+00  0.282493330127039E+00 
 0.401987785615125E+00  0.197762030941609E+00  0.296542661191329E+00 
 0.387951971250768E+00  0.224047469676728E+00  0.290408483479874E+00 
 0.446162874354122E+00  0.405301149019684E-01  0.299083052850918E+00 
 0.441995204464016E+00  0.731043083321303E-01  0.291173688438574E+00 
 0.435218559277564E+00  0.106248794469704E+00  0.286952814442589E+00 
 0.446556294125273E+00  0.359371234658420E-01  0.326799410802588E+00 
 0.442535747202059E+00  0.697575308781875E-01  0.322536570120105E+00 
 0.435907430964260E+00  0.103386228754331E+00  0.318348450353719E+00 
 0.425650222937341E+00  0.139735064959701E+00  0.310916582055333E+00 
 0.412335470645823E+00  0.175166949831264E+00  0.315976924123321E+00 
 0.401074725863844E+00  0.199607276769021E+00  0.322518980921256E+00 
 0.389700620230487E+00  0.220991916725194E+00  0.317035405491795E+00 
 0.375006858915028E+00  0.245099686724777E+00  0.312733838486057E+00 
 0.358033677791308E+00  0.269287738735219E+00  0.307715340011120E+00 
 0.339218753592350E+00  0.292633965692894E+00  0.302015014918232E+00 
 0.334653539910817E+00  0.297843933782539E+00  0.285979265152028E-01 
 0.319501226343792E+00  0.314042938195898E+00  0.588520851552524E-01 
 0.319054873407374E+00  0.314496404464192E+00  0.295533738510492E+00 
 0.355813530121088E+00  0.272214497131704E+00  0.279272884986793E+00 
 0.337538202853299E+00  0.294570810299429E+00  0.273343596541195E+00 
 0.318167125635282E+00  0.315394484464904E+00  0.267455084140094E+00 
 0.426441528579667E+00  0.137301214009701E+00  0.213709339961969E+00 
 0.413588603639007E+00  0.172187303846240E+00  0.226060935519785E+00 
 0.399434881579455E+00  0.202868864154923E+00  0.226730919086128E+00 
 0.386049022424551E+00  0.227310696956719E+00  0.239644065475852E+00 
 0.446106017000185E+00  0.411512121586951E-01  0.235968149259412E+00 
 0.442637486095762E+00  0.691090194455837E-01  0.224767952316807E+00 
 0.435717070752560E+00  0.104185579235866E+00  0.228606337514018E+00 
 0.446414440210048E+00  0.376583090147012E-01  0.264803170119612E+00 
 0.441205878954148E+00  0.777262699619879E-01  0.256863660681640E+00 
 0.433596371268652E+00  0.112686234689779E+00  0.259240179941366E+00 
 0.424908982983650E+00  0.141973084934084E+00  0.248072280228997E+00 
 0.414499540794313E+00  0.169982738380119E+00  0.254345197695962E+00 
 0.400891485802964E+00  0.199975041634184E+00  0.260666220493836E+00 
 0.384182071620525E+00  0.230452026485477E+00  0.266296917237863E+00 
 0.370782623484576E+00  0.251444321446705E+00  0.257449024217193E+00 
 0.354314351004185E+00  0.274162983165818E+00  0.250931749223215E+00 
 0.336185705002331E+00  0.296113445182726E+00  0.245165640614230E+00 
 0.317366722150129E+00  0.316199880356687E+00  0.239250761435001E+00 
 0.352721384448278E+00  0.276209387274921E+00  0.223281699538579E+00 
 0.334718327827946E+00  0.297771122982000E+00  0.217554644361958E+00 
 0.316870759747829E+00  0.316696893389775E+00  0.210323048231530E+00 
 0.446721520979662E+00  0.338213447324908E-01  0.173530130852135E+00 
 0.443627915530498E+00  0.624361532124689E-01  0.173038755962232E+00 
 0.436911925117781E+00  0.990553903418659E-01  0.167602133059097E+00 
 0.315401302130908E+00  0.318160367236443E+00  0.270084012291916E-01 
 0.446265887086952E+00  0.393796735435188E-01  0.200612590732412E+00 
 0.440635246172602E+00  0.808985815470021E-01  0.198715834745579E+00 
 0.434179764534426E+00  0.110417085338880E+00  0.198728033431779E+00 
 0.428105812313523E+00  0.132020506472591E+00  0.182736468495105E+00 
 0.417836018508955E+00  0.161607742087081E+00  0.192806564026908E+00 
 0.405141763543389E+00  0.191217551754159E+00  0.199750507532942E+00 
 0.387794659792832E+00  0.224319643593830E+00  0.206629676436541E+00 
 0.367718864167294E+00  0.255903961675887E+00  0.194787950329844E+00 
 0.349004875721837E+00  0.280890721435012E+00  0.199117806884390E+00 
 0.334400907942503E+00  0.298127545579283E+00  0.189162012612763E+00 
 0.317444291392288E+00  0.316122005764149E+00  0.179656167204675E+00 
 0.470904400913637E+00  0.000000000000000E+00  0.974964018613526E+00 
 0.475449689064058E+00  0.000000000000000E+00  0.943723128623532E+00 
 0.474004083190565E+00  0.000000000000000E+00  0.910241296771466E+00 
 0.473934791295504E+00  0.000000000000000E+00  0.879630821121268E+00 
 0.474077079987612E+00  0.000000000000000E+00  0.849754307146723E+00 
 0.474013713970984E+00  0.000000000000000E+00  0.819070360965509E+00 
 0.474033926289415E+00  0.000000000000000E+00  0.786430680215841E+00 
 0.474025898769842E+00  0.000000000000000E+00  0.753332904346849E+00 
 0.473867814155623E+00  0.000000000000000E+00  0.720811457131475E+00 
 0.473932381407352E+00  0.000000000000000E+00  0.690065627927258E+00 
 0.473848309042651E+00  0.000000000000000E+00  0.659673699254616E+00 
 0.473917851395394E+00  0.000000000000000E+00  0.629814284300674E+00 
 0.473818467728066E+00  0.000000000000000E+00  0.599423463525384E+00 
 0.473897560733796E+00  0.000000000000000E+00  0.569178456920491E+00 
 0.473855103600697E+00  0.000000000000000E+00  0.538514739087705E+00 
 0.473750845115631E+00  0.000000000000000E+00  0.506989831024057E+00 
 0.473848602271031E+00  0.000000000000000E+00  0.476092198205486E+00 
 0.473832808368900E+00  0.000000000000000E+00  0.445916450839182E+00 
 0.473948924931215E+00  0.000000000000000E+00  0.416956448507743E+00 
 0.473965210780684E+00  0.000000000000000E+00  0.388721706380025E+00 
 0.473919045106278E+00  0.000000000000000E+00  0.360246941997871E+00 
 0.473869313434861E+00  0.000000000000000E+00  0.331206961847458E+00 
 0.473809820309550E+00  0.000000000000000E+00  0.301603654405363E+00 
 0.473692476100291E+00  0.000000000000000E+00  0.271485403046153E+00 
 0.473619222526055E+00  0.000000000000000E+00  0.273106851486748E-01 
 0.473889526959686E+00  0.000000000000000E+00  0.241718551731487E+00 
 0.473751634458160E+00  0.000000000000000E+00  0.211211960075261E+00 
 0.473767713722708E+00  0.000000000000000E+00  0.181648631129535E+00 
 0.473777679007173E+00  0.000000000000000E+00  0.152421123345690E+00 
 0.474016428612063E+00  0.000000000000000E+00  0.122548402511302E+00 
 0.473931778624718E+00  0.000000000000000E+00  0.914796143140351E-01 
 0.473858945504138E+00  0.000000000000000E+00  0.599949622704335E-01 
