 0.500000000000000E+00 -0.462592926927149E-17  0.000000000000000E+00 
 0.296799076139214E+00  0.402380800241400E+00  0.000000000000000E+00 
 0.312919654912312E+00  0.389976011530914E+00  0.000000000000000E+00 
 0.331849648867324E+00  0.373999746720013E+00  0.000000000000000E+00 
 0.352711990955163E+00  0.354392792585353E+00  0.000000000000000E+00 
 0.374158038406603E+00  0.331671165909434E+00  0.000000000000000E+00 
 0.395415871949532E+00  0.306016810339548E+00  0.000000000000000E+00 
 0.414383328479862E+00  0.279797171318709E+00  0.000000000000000E+00 
 0.429711518473411E+00  0.255632570090894E+00  0.000000000000000E+00 
 0.443549910211814E+00  0.230788815047637E+00  0.000000000000000E+00 
 0.457959708300587E+00  0.200681104175857E+00  0.000000000000000E+00 
 0.470235317441986E+00  0.169937477415178E+00  0.000000000000000E+00 
 0.480096990749113E+00  0.139667030732546E+00  0.000000000000000E+00 
 0.487562831733337E+00  0.110826373721105E+00  0.000000000000000E+00 
 0.492516434058892E+00  0.861833057030988E-01  0.000000000000000E+00 
 0.496063147122463E+00  0.626207159569196E-01  0.000000000000000E+00 
 0.498544591371720E+00  0.381220462987561E-01  0.000000000000000E+00 
 0.499719766579714E+00  0.167378281003513E-01  0.000000000000000E+00 
 0.281000012159348E+00  0.413568607568861E+00  0.000000000000000E+00 
 0.281000012159348E+00  0.338843849356370E+00  0.000000000000000E+00 
 0.281000012159348E+00  0.356247806243373E+00  0.000000000000000E+00 
 0.281000012159348E+00  0.377996113028325E+00  0.000000000000000E+00 
 0.281000012159348E+00  0.397695790490766E+00  0.000000000000000E+00 
 0.281000012159348E+00  0.326802698348414E+00  0.000000000000000E+00 
 0.429678131722992E+00  0.337300103823543E-01  0.000000000000000E+00 
 0.425944637876894E+00  0.658192672800327E-01  0.000000000000000E+00 
 0.419990000139271E+00  0.967957140805927E-01  0.000000000000000E+00 
 0.411740759182966E+00  0.127399206075979E+00  0.000000000000000E+00 
 0.401085867456050E+00  0.157769253685195E+00  0.000000000000000E+00 
 0.387531793955717E+00  0.188626931149351E+00  0.000000000000000E+00 
 0.371219009224965E+00  0.218991912342430E+00  0.000000000000000E+00 
 0.353315312274231E+00  0.246838612445298E+00  0.000000000000000E+00 
 0.335269505125701E+00  0.270841963909072E+00  0.000000000000000E+00 
 0.317855026728668E+00  0.291082793144275E+00  0.000000000000000E+00 
 0.302477365515844E+00  0.307031682130609E+00  0.000000000000000E+00 
 0.289946628644284E+00  0.318891773207105E+00  0.000000000000000E+00 
 0.431000012159357E+00  0.208166817117217E-16  0.000000000000000E+00 
 0.479706429948243E+00  0.000000000000000E+00  0.000000000000000E+00 
 0.454278470325559E+00  0.000000000000000E+00  0.000000000000000E+00 
 0.452008198112813E+00  0.278545978415574E-01  0.000000000000000E+00 
 0.306311276368448E+00  0.363560568761400E+00  0.000000000000000E+00 
 0.303774003705316E+00  0.336269006784936E+00  0.000000000000000E+00 
 0.327603419396206E+00  0.345052138421684E+00  0.000000000000000E+00 
 0.323819955084433E+00  0.316784881877171E+00  0.000000000000000E+00 
 0.348168593465813E+00  0.324331424202381E+00  0.000000000000000E+00 
 0.342474787652144E+00  0.296312931331283E+00  0.000000000000000E+00 
 0.368307039507645E+00  0.301174766170115E+00  0.000000000000000E+00 
 0.361399114351124E+00  0.272866459107820E+00  0.000000000000000E+00 
 0.388151082375895E+00  0.275155149846280E+00  0.000000000000000E+00 
 0.380799813265902E+00  0.245573640710824E+00  0.000000000000000E+00 
 0.410067166737845E+00  0.243083640169472E+00  0.000000000000000E+00 
 0.398977552562623E+00  0.214665041382075E+00  0.000000000000000E+00 
 0.427963809395537E+00  0.207742159274684E+00  0.000000000000000E+00 
 0.473286269939059E+00  0.486989791315472E-01  0.000000000000000E+00 
 0.449261236528971E+00  0.579136373307491E-01  0.000000000000000E+00 
 0.414140272833228E+00  0.182863133762425E+00  0.000000000000000E+00 
 0.441621919043158E+00  0.176500396103283E+00  0.000000000000000E+00 
 0.426400229767093E+00  0.151950011895630E+00  0.000000000000000E+00 
 0.452701554544785E+00  0.145760639797190E+00  0.000000000000000E+00 
 0.436231899028990E+00  0.121128272120299E+00  0.000000000000000E+00 
 0.461670684996753E+00  0.114933870830142E+00  0.000000000000000E+00 
 0.444223326649022E+00  0.895737806723366E-01  0.000000000000000E+00 
 0.470203123014532E+00  0.811587207984669E-01  0.000000000000000E+00 
 0.475739730207000E+00  0.227418990681690E-01  0.000000000000000E+00 
 0.281000012159348E+00  0.413568607568861E+00  0.100000000000000E+01 
 0.499457764544707E+00  0.232796356501697E-01  0.100000000000000E+01 
 0.497098696703382E+00  0.537855532257424E-01  0.100000000000000E+01 
 0.492679769875515E+00  0.852446148176538E-01  0.100000000000000E+01 
 0.485609919123027E+00  0.119092428177980E+00  0.100000000000000E+01 
 0.476265420736168E+00  0.152221053113557E+00  0.100000000000000E+01 
 0.467363386035192E+00  0.177683610368880E+00  0.100000000000000E+01 
 0.456508633347724E+00  0.203960456164897E+00  0.100000000000000E+01 
 0.440418659339893E+00  0.236709536151909E+00  0.100000000000000E+01 
 0.421989266984306E+00  0.268188475796497E+00  0.100000000000000E+01 
 0.404752796744900E+00  0.293556082422391E+00  0.100000000000000E+01 
 0.387521521788714E+00  0.315954221605851E+00  0.100000000000000E+01 
 0.371836839039541E+00  0.334271394428363E+00  0.100000000000000E+01 
 0.355213897044924E+00  0.351885048483391E+00  0.100000000000000E+01 
 0.335713656372797E+00  0.370535208751891E+00  0.100000000000000E+01 
 0.316100424421208E+00  0.387402273716524E+00  0.100000000000000E+01 
 0.297855521214547E+00  0.401599412950282E+00  0.100000000000000E+01 
 0.500000000000000E+00 -0.462592926927149E-17  0.100000000000000E+01 
 0.451545817528079E+00  0.000000000000000E+00  0.100000000000000E+01 
 0.478294132149398E+00  0.000000000000000E+00  0.100000000000000E+01 
 0.431000012159356E+00  0.115648231731787E-17  0.100000000000000E+01 
 0.296672196210980E+00  0.312644556128378E+00  0.100000000000000E+01 
 0.315242650052108E+00  0.293909989740873E+00  0.100000000000000E+01 
 0.333587767010151E+00  0.272910630394891E+00  0.100000000000000E+01 
 0.351902399270863E+00  0.248848773090742E+00  0.100000000000000E+01 
 0.372174864110901E+00  0.217363476705245E+00  0.100000000000000E+01 
 0.387931152076498E+00  0.187804237784879E+00  0.100000000000000E+01 
 0.399468568674017E+00  0.161820496609323E+00  0.100000000000000E+01 
 0.410483557078237E+00  0.131393530471452E+00  0.100000000000000E+01 
 0.418974703580968E+00  0.101099991298694E+00  0.100000000000000E+01 
 0.424843135945645E+00  0.725900841797892E-01  0.100000000000000E+01 
 0.428675308461478E+00  0.447044784872054E-01  0.100000000000000E+01 
 0.430558744060274E+00  0.194981638774641E-01  0.100000000000000E+01 
 0.281000012159348E+00  0.326802698348414E+00  0.100000000000000E+01 
 0.281000012159348E+00  0.398554946536837E+00  0.100000000000000E+01 
 0.281000012159348E+00  0.377432029017926E+00  0.100000000000000E+01 
 0.281000012159348E+00  0.350210231676675E+00  0.100000000000000E+01 
 0.303204215939659E+00  0.336603787253114E+00  0.100000000000000E+01 
 0.452545059508317E+00  0.279492778040951E-01  0.100000000000000E+01 
 0.474473498802619E+00  0.395060942038821E-01  0.100000000000000E+01 
 0.449286938406311E+00  0.574149674158434E-01  0.100000000000000E+01 
 0.470438831868024E+00  0.711039711321167E-01  0.100000000000000E+01 
 0.444295718157824E+00  0.874262531453197E-01  0.100000000000000E+01 
 0.464487898445366E+00  0.102853218137129E+00  0.100000000000000E+01 
 0.437117401984251E+00  0.118244847001992E+00  0.100000000000000E+01 
 0.456128540091999E+00  0.135515196465036E+00  0.100000000000000E+01 
 0.427479753597484E+00  0.150543841722713E+00  0.100000000000000E+01 
 0.444916725653928E+00  0.171671382064973E+00  0.100000000000000E+01 
 0.414912277335760E+00  0.182599250046614E+00  0.100000000000000E+01 
 0.427902532341353E+00  0.208290236240791E+00  0.100000000000000E+01 
 0.399479597669679E+00  0.213199704309728E+00  0.100000000000000E+01 
 0.410897756673561E+00  0.239523915289614E+00  0.100000000000000E+01 
 0.305031189644646E+00  0.365821341847976E+00  0.100000000000000E+01 
 0.381794107624977E+00  0.242898239716385E+00  0.100000000000000E+01 
 0.392915825715146E+00  0.267812969149275E+00  0.100000000000000E+01 
 0.363176515319448E+00  0.270386088776772E+00  0.100000000000000E+01 
 0.374489690816297E+00  0.293526396322002E+00  0.100000000000000E+01 
 0.344050737858825E+00  0.295188901672039E+00  0.100000000000000E+01 
 0.353967776231105E+00  0.320232252216177E+00  0.100000000000000E+01 
 0.323770603025237E+00  0.317416306885071E+00  0.100000000000000E+01 
 0.329330630481982E+00  0.343831354864039E+00  0.100000000000000E+01 
 0.500000000000000E+00 -0.138777878078145E-16  0.978784028675208E+00 
 0.500000000000000E+00 -0.138777878078145E-16  0.951485488091970E+00 
 0.500000000000000E+00 -0.138777878078145E-16  0.924454089136171E+00 
 0.500000000000000E+00 -0.138777878078145E-16  0.895884512714253E+00 
 0.500000000000000E+00 -0.138777878078145E-16  0.865745518618391E+00 
 0.500000000000000E+00 -0.138777878078145E-16  0.834183007506569E+00 
 0.500000000000000E+00 -0.138777878078145E-16  0.801690827227080E+00 
 0.500000000000000E+00 -0.138777878078145E-16  0.765539919054890E+00 
 0.500000000000000E+00 -0.138777878078145E-16  0.731322592220205E+00 
 0.500000000000000E+00 -0.138777878078145E-16  0.699757622356476E+00 
 0.500000000000000E+00 -0.138777878078145E-16  0.668993688198256E+00 
 0.500000000000000E+00 -0.138777878078145E-16  0.638612627092874E+00 
 0.500000000000000E+00 -0.138777878078145E-16  0.608396951555863E+00 
 0.500000000000000E+00 -0.138777878078145E-16  0.578245487438131E+00 
 0.500000000000000E+00 -0.138777878078145E-16  0.548045419483651E+00 
 0.500000000000000E+00 -0.138777878078145E-16  0.517768397018273E+00 
 0.500000000000000E+00 -0.138777878078145E-16  0.487410913828042E+00 
 0.500000000000000E+00 -0.138777878078145E-16  0.457068616804395E+00 
 0.500000000000000E+00 -0.138777878078145E-16  0.426888751139690E+00 
 0.500000000000000E+00 -0.138777878078145E-16  0.397081112587153E+00 
 0.500000000000000E+00 -0.138777878078145E-16  0.367611808883005E+00 
 0.500000000000000E+00 -0.138777878078145E-16  0.338335642350644E+00 
 0.500000000000000E+00 -0.138777878078145E-16  0.309186109973103E+00 
 0.500000000000000E+00 -0.138777878078145E-16  0.280397229648843E+00 
 0.500000000000000E+00 -0.138777878078145E-16  0.252997604395608E+00 
 0.500000000000000E+00 -0.138777878078145E-16  0.222405978161891E+00 
 0.500000000000000E+00 -0.138777878078145E-16  0.193281437621331E+00 
 0.500000000000000E+00 -0.138777878078145E-16  0.167199218144060E+00 
 0.500000000000000E+00 -0.138777878078145E-16  0.138664941454553E+00 
 0.500000000000000E+00 -0.138777878078145E-16  0.106339616376954E+00 
 0.500000000000000E+00 -0.138777878078145E-16  0.736980905310854E-01 
 0.500000000000000E+00 -0.138777878078145E-16  0.441028540412921E-01 
 0.500000000000000E+00 -0.138777878078145E-16  0.188061057495981E-01 
 0.281000012159348E+00  0.413568607568861E+00  0.245303654500842E-01 
 0.281000012159348E+00  0.413568607568861E+00  0.567450304052099E-01 
 0.281000012159348E+00  0.413568607568861E+00  0.815638666931045E-01 
 0.281000012159348E+00  0.413568607568861E+00  0.112847206015220E+00 
 0.281000012159348E+00  0.413568607568861E+00  0.145049881118983E+00 
 0.281000012159348E+00  0.413568607568861E+00  0.175917551247988E+00 
 0.281000012159348E+00  0.413568607568861E+00  0.211170657433161E+00 
 0.281000012159348E+00  0.413568607568861E+00  0.249652750516149E+00 
 0.281000012159348E+00  0.413568607568861E+00  0.282124218884155E+00 
 0.281000012159348E+00  0.413568607568861E+00  0.309614440052974E+00 
 0.281000012159348E+00  0.413568607568861E+00  0.340904731993493E+00 
 0.281000012159348E+00  0.413568607568861E+00  0.372799851890446E+00 
 0.281000012159348E+00  0.413568607568861E+00  0.403857251817825E+00 
 0.281000012159348E+00  0.413568607568861E+00  0.433024721928431E+00 
 0.281000012159348E+00  0.413568607568861E+00  0.462728548370589E+00 
 0.281000012159348E+00  0.413568607568861E+00  0.493541989194100E+00 
 0.281000012159348E+00  0.413568607568861E+00  0.527662922214504E+00 
 0.281000012159348E+00  0.413568607568861E+00  0.556670348290964E+00 
 0.281000012159348E+00  0.413568607568861E+00  0.581374222208995E+00 
 0.281000012159348E+00  0.413568607568861E+00  0.609185354638865E+00 
 0.281000012159348E+00  0.413568607568861E+00  0.638227117986857E+00 
 0.281000012159348E+00  0.413568607568861E+00  0.667520517223511E+00 
 0.281000012159348E+00  0.413568607568861E+00  0.696097317683510E+00 
 0.281000012159348E+00  0.413568607568861E+00  0.723259116022805E+00 
 0.281000012159348E+00  0.413568607568861E+00  0.750423231717606E+00 
 0.281000012159348E+00  0.413568607568861E+00  0.777503697189166E+00 
 0.281000012159348E+00  0.413568607568861E+00  0.811220842361036E+00 
 0.281000012159348E+00  0.413568607568861E+00  0.845902352811351E+00 
 0.281000012159348E+00  0.413568607568861E+00  0.877723269147532E+00 
 0.281000012159348E+00  0.413568607568861E+00  0.910842889604700E+00 
 0.281000012159348E+00  0.413568607568861E+00  0.941826748004130E+00 
 0.281000012159348E+00  0.413568607568861E+00  0.965528435360320E+00 
 0.281000012159348E+00  0.413568607568861E+00  0.985280353064023E+00 
 0.451970084351106E+00  0.213829471429114E+00  0.898015656275822E+00 
 0.443669230201144E+00  0.230559350651247E+00  0.865558870849708E+00 
 0.425421978417480E+00  0.262709231431554E+00  0.896254683214840E+00 
 0.438429010504842E+00  0.240374713203667E+00  0.898791998031975E+00 
 0.430712183580271E+00  0.253942936337113E+00  0.875905997299430E+00 
 0.458746513286371E+00  0.198875932549913E+00  0.869928056336731E+00 
 0.464202001179933E+00  0.185786173060712E+00  0.898801181043057E+00 
 0.438841223095332E+00  0.239621328166324E+00  0.833114081771904E+00 
 0.453185699096518E+00  0.211240910181717E+00  0.837604702472119E+00 
 0.442840347540806E+00  0.232147424258677E+00  0.799633212542889E+00 
 0.442699627100580E+00  0.232415662477827E+00  0.238264596903877E+00 
 0.442216267655988E+00  0.233334036566480E+00  0.187400788794896E+00 
 0.441158317092410E+00  0.235328152289930E+00  0.155974813798635E+00 
 0.432344512273812E+00  0.251153782983095E+00  0.127404973832834E+00 
 0.302381292262100E+00  0.398202905677373E+00  0.176482478051707E-01 
 0.447475010512828E+00  0.223083201892353E+00  0.120254939849387E+00 
 0.430193279477798E+00  0.254821000492773E+00  0.964880902242696E-01 
 0.446058227318265E+00  0.225902761916907E+00  0.852203925483837E-01 
 0.420618867420622E+00  0.270332699409067E+00  0.723058205734231E-01 
 0.478147260515590E+00  0.146202589790456E+00  0.774882944879124E+00 
 0.370870120671830E+00  0.335343635086254E+00  0.224983879067617E+00 
 0.436647262644420E+00  0.243596321862904E+00  0.955915219913110E+00 
 0.427192571511822E+00  0.259820143262829E+00  0.923998479752844E+00 
 0.444731528323540E+00  0.228503539830369E+00  0.927811468636850E+00 
 0.458194463944204E+00  0.200144530804326E+00  0.926770926705951E+00 
 0.469060946052646E+00  0.173152617329905E+00  0.924073337374199E+00 
 0.482895683535124E+00  0.129660166678688E+00  0.807546770858150E+00 
 0.319150465136658E+00  0.384893466563223E+00  0.211910256714705E-01 
 0.302510820041808E+00  0.398104513611229E+00  0.391400013072859E-01 
 0.483864422164430E+00  0.125996908547321E+00  0.846765686858762E+00 
 0.479683435717500E+00  0.141080833206551E+00  0.876732069594188E+00 
 0.485432778341211E+00  0.119812427201575E+00  0.780329638335905E+00 
 0.489724136808054E+00  0.100847755689489E+00  0.827937077917993E+00 
 0.491832044330970E+00  0.900068895652944E-01  0.797001932029926E+00 
 0.317834424023367E+00  0.385980930754014E+00  0.763934944187115E+00 
 0.329783539605141E+00  0.375822853224101E+00  0.788675456582654E+00 
 0.337731107841897E+00  0.368697299686185E+00  0.764693799936197E+00 
 0.350250599438827E+00  0.356825612299261E+00  0.792193827739829E+00 
 0.358309190930571E+00  0.348732739636931E+00  0.765949919314670E+00 
 0.362780126354791E+00  0.344079322136629E+00  0.818990749394291E+00 
 0.372103610788534E+00  0.333974404465574E+00  0.793972797226625E+00 
 0.378868758531533E+00  0.326279732451734E+00  0.766445760691088E+00 
 0.372440534541540E+00  0.333598633436068E+00  0.842653188378991E+00 
 0.386758682405215E+00  0.316887553533082E+00  0.825480171479284E+00 
 0.393083643228516E+00  0.309006876017665E+00  0.794750249816722E+00 
 0.398236662701176E+00  0.302336832821656E+00  0.765719757666434E+00 
 0.386744442076361E+00  0.316904932942111E+00  0.858880656710239E+00 
 0.400259535009487E+00  0.299653641115855E+00  0.880325393635633E+00 
 0.404779977342390E+00  0.293518602379295E+00  0.851425815323102E+00 
 0.408347551698126E+00  0.288534706789575E+00  0.821362939073588E+00 
 0.411569539905236E+00  0.283919907407340E+00  0.791776717596763E+00 
 0.415690299259468E+00  0.277851714231844E+00  0.763585078860123E+00 
 0.412283730056401E+00  0.282881823259786E+00  0.902566313344353E+00 
 0.416652843893671E+00  0.276406236679487E+00  0.875347491252423E+00 
 0.339004187196875E+00  0.367527088883236E+00  0.230802042738195E-01 
 0.324040693794255E+00  0.380785541696816E+00  0.439971190935833E-01 
 0.308664827898639E+00  0.393352289961942E+00  0.632115927213411E-01 
 0.297302819937222E+00  0.402008747737379E+00  0.835559086716765E-01 
 0.424824368441577E+00  0.263674526600912E+00  0.847669536929191E+00 
 0.425950631924365E+00  0.261851215699362E+00  0.814441739258564E+00 
 0.426221126863361E+00  0.261410694148741E+00  0.786693010117997E+00 
 0.431749916367917E+00  0.252174561992871E+00  0.762887275610539E+00 
 0.474461107263291E+00  0.157755056002944E+00  0.900421194271610E+00 
 0.470219326837335E+00  0.169981718630691E+00  0.874348719211141E+00 
 0.466225499641490E+00  0.180648231333836E+00  0.845196204805323E+00 
 0.461975321765044E+00  0.191255855021706E+00  0.811918497560490E+00 
 0.454523093435412E+00  0.208347684253757E+00  0.784490235950581E+00 
 0.445830378469854E+00  0.226352101013945E+00  0.762864784780627E+00 
 0.463964784193774E+00  0.186377785768649E+00  0.783469929611193E+00 
 0.458180024912956E+00  0.200177583087525E+00  0.760233409431772E+00 
 0.475522532328576E+00  0.154526118335439E+00  0.853413876662767E+00 
 0.474712671135421E+00  0.156996432645692E+00  0.825680875633093E+00 
 0.472563262711057E+00  0.163352265781286E+00  0.795177323604062E+00 
 0.469195582981613E+00  0.172787455883071E+00  0.763769634633899E+00 
 0.331057407772822E+00  0.374701204640096E+00  0.214018417957874E+00 
 0.339576935204072E+00  0.366997963315070E+00  0.192132619918489E+00 
 0.354398027224900E+00  0.352706731292584E+00  0.212834214922511E+00 
 0.356445551040628E+00  0.350637375565331E+00  0.180511497391306E+00 
 0.378587199695293E+00  0.326606387302631E+00  0.202351024497429E+00 
 0.375694069134629E+00  0.329930244774656E+00  0.163536683410176E+00 
 0.405221460759023E+00  0.292908804477303E+00  0.227184358545038E+00 
 0.397150379204835E+00  0.303762368139070E+00  0.188274546982249E+00 
 0.395279057595573E+00  0.306193511731317E+00  0.159202295150491E+00 
 0.386756249585276E+00  0.316890522746786E+00  0.134594980735270E+00 
 0.426765723709288E+00  0.260520665335570E+00  0.234069293883799E+00 
 0.417348193518616E+00  0.275355198546801E+00  0.201333806067410E+00 
 0.411428059012847E+00  0.284124888485541E+00  0.169230135917061E+00 
 0.405797461829435E+00  0.292110287345016E+00  0.139767954549059E+00 
 0.398927930671150E+00  0.301424129973754E+00  0.112267978044220E+00 
 0.434851841200187E+00  0.246787107047364E+00  0.209188205938749E+00 
 0.428413966165664E+00  0.257801228845414E+00  0.178221069614703E+00 
 0.422887728415912E+00  0.266769505669651E+00  0.148289384142413E+00 
 0.360154447026486E+00  0.346826720837720E+00  0.247697012699314E-01 
 0.345351421877806E+00  0.361569350757192E+00  0.473985620238299E-01 
 0.330519450123217E+00  0.375175816238529E+00  0.681712377119983E-01 
 0.316882860771000E+00  0.386762527333746E+00  0.877227266565582E-01 
 0.304706601243670E+00  0.396426395637994E+00  0.105965705297367E+00 
 0.417105258776105E+00  0.275723055077588E+00  0.118832603147940E+00 
 0.410851402167010E+00  0.284958111548701E+00  0.914449373556747E-01 
 0.497107305403073E+00  0.537059299788695E-01  0.231589784200432E+00 
 0.493857648525788E+00  0.781320868310801E-01  0.240491270616022E+00 
 0.493768219941371E+00  0.786952665408179E-01  0.211514215463281E+00 
 0.488873705619127E+00  0.104892802204075E+00  0.220106949582573E+00 
 0.489252426497060E+00  0.103111896339553E+00  0.190190774632854E+00 
 0.483821874619948E+00  0.126160190389993E+00  0.167546807947862E+00 
 0.482137567183452E+00  0.132451373380659E+00  0.226298344687105E+00 
 0.482760311817171E+00  0.130163287197994E+00  0.196076180535446E+00 
 0.475824447523084E+00  0.153593929370116E+00  0.172415646355147E+00 
 0.477614983704118E+00  0.147932171420942E+00  0.144716358809686E+00 
 0.473592850956857E+00  0.160342793796778E+00  0.230826484525008E+00 
 0.474447364123586E+00  0.157796383596652E+00  0.201222730704506E+00 
 0.463875255308372E+00  0.186600502444641E+00  0.235771942146830E+00 
 0.464243154233561E+00  0.185683315748275E+00  0.206489663225619E+00 
 0.465929596312113E+00  0.181410063889607E+00  0.177153691014048E+00 
 0.468243402053098E+00  0.175351408416758E+00  0.149357863502817E+00 
 0.470615161046775E+00  0.168882711349971E+00  0.121951639475286E+00 
 0.454497989418367E+00  0.208402441479610E+00  0.243282138071688E+00 
 0.451439583038645E+00  0.214947209486177E+00  0.213970083445637E+00 
 0.454215766590668E+00  0.209016835160357E+00  0.182026531826289E+00 
 0.456466525104029E+00  0.204054677622084E+00  0.152590822215295E+00 
 0.460912252888599E+00  0.193803754187467E+00  0.128047616653776E+00 
 0.460743237415542E+00  0.194205224378352E+00  0.990824682248791E-01 
 0.456441753481522E+00  0.204110082256399E+00  0.719326552907880E-01 
 0.434085564786728E+00  0.248132469547594E+00  0.638303469817159E-01 
 0.447598702278638E+00  0.222834920330005E+00  0.537617162117180E-01 
 0.296527705781962E+00  0.402580823815151E+00  0.978861055814201E+00 
 0.296536513314022E+00  0.402574336330028E+00  0.955757332612012E+00 
 0.309896968736842E+00  0.392382299253823E+00  0.971291225062065E+00 
 0.298451687241118E+00  0.401156565922746E+00  0.930040386715953E+00 
 0.313817991738289E+00  0.389253475336248E+00  0.949673368882782E+00 
 0.326791472837434E+00  0.378427447842702E+00  0.973106470766611E+00 
 0.301004650090200E+00  0.399244537375374E+00  0.898959015150711E+00 
 0.317803325803543E+00  0.386006536354253E+00  0.924613899215171E+00 
 0.332768453848648E+00  0.373182470278522E+00  0.947297956248946E+00 
 0.347506416395851E+00  0.359498665593787E+00  0.972067300817056E+00 
 0.364211600576277E+00  0.342563731305091E+00  0.982083051555639E+00 
 0.297577373780996E+00  0.401805558216416E+00  0.865634204661750E+00 
 0.313023337291617E+00  0.389892793355839E+00  0.879516857851980E+00 
 0.323841742259502E+00  0.380954755804846E+00  0.899888715939377E+00 
 0.338036743548040E+00  0.368417100595828E+00  0.921428218530673E+00 
 0.352485871419627E+00  0.354617696187805E+00  0.942747191279869E+00 
 0.366915293174493E+00  0.339666259193750E+00  0.960582951502681E+00 
 0.379262397392695E+00  0.325822089373857E+00  0.979120783394278E+00 
 0.299213996222056E+00  0.400588297962918E+00  0.837375066448722E+00 
 0.315397480320804E+00  0.387974779344338E+00  0.855992790609754E+00 
 0.330291008000668E+00  0.375376943929568E+00  0.875140803166089E+00 
 0.343834074813242E+00  0.363012574158694E+00  0.896125105784278E+00 
 0.357953008144670E+00  0.349098329930382E+00  0.916982626804589E+00 
 0.371951126379430E+00  0.334144219739132E+00  0.936768734022633E+00 
 0.381743979576063E+00  0.322911031179534E+00  0.268306733653405E-01 
 0.366734111168495E+00  0.339861871508785E+00  0.508244184344976E-01 
 0.351931761528537E+00  0.355167615679444E+00  0.730203654673314E-01 
 0.337525575253855E+00  0.368885464676441E+00  0.937755642060649E-01 
 0.323494451277809E+00  0.381249708186733E+00  0.113197484041865E+00 
 0.308685411255217E+00  0.393336137264551E+00  0.131011351332598E+00 
 0.297227073659783E+00  0.402064754341439E+00  0.150255649943662E+00 
 0.384959730731480E+00  0.319070534075377E+00  0.956518104462455E+00 
 0.395829518105130E+00  0.305481574888995E+00  0.977644096487537E+00 
 0.294453632308541E+00  0.404100307374675E+00  0.790705483821539E+00 
 0.303114143481857E+00  0.397645339493952E+00  0.811623960063773E+00 
 0.318507339952576E+00  0.385425835143850E+00  0.830803815142834E+00 
 0.334682337200548E+00  0.371467001449629E+00  0.849110744165186E+00 
 0.349328480263792E+00  0.357728406583248E+00  0.870598711323002E+00 
 0.363454804508832E+00  0.343366575367270E+00  0.891658443549005E+00 
 0.377329106146038E+00  0.328059058181651E+00  0.911980636422735E+00 
 0.390568529759989E+00  0.312179793646419E+00  0.932518680786970E+00 
 0.402519041028895E+00  0.296611566883658E+00  0.953933559941260E+00 
 0.412425805776031E+00  0.282674644653517E+00  0.976653405632916E+00 
 0.297971259445271E+00  0.401513547149531E+00  0.764086010841120E+00 
 0.310630958208317E+00  0.391801490301636E+00  0.787510534683084E+00 
 0.320199700647272E+00  0.384021030290526E+00  0.807765074022731E+00 
 0.339088714258204E+00  0.367449103771826E+00  0.818891312829976E+00 
 0.354479616646762E+00  0.352624731665215E+00  0.844511740444212E+00 
 0.368408138229950E+00  0.338046511128191E+00  0.866417707322111E+00 
 0.382429792755234E+00  0.322098515384949E+00  0.886219044047760E+00 
 0.395646047402782E+00  0.305719160627128E+00  0.907206519410533E+00 
 0.408510425377780E+00  0.288304062332922E+00  0.928863580364312E+00 
 0.419717633939108E+00  0.271729843338116E+00  0.951990454317477E+00 
 0.427075990266778E+00  0.260011727692523E+00  0.976383823291936E+00 
 0.498775149632932E+00  0.349764221818942E-01  0.978507483197186E+00 
 0.499574610213301E+00  0.206205923830746E-01  0.960149257020184E+00 
 0.495973439343572E+00  0.633273042668628E-01  0.974836178760882E+00 
 0.498057849298610E+00  0.440270229750131E-01  0.953835462859005E+00 
 0.499461982334361E+00  0.231889672609737E-01  0.936914623105786E+00 
 0.491604700749615E+00  0.912404416960013E-01  0.970210116835563E+00 
 0.495074992854652E+00  0.700053672939907E-01  0.947118081200430E+00 
 0.497618112098599E+00  0.487464307557551E-01  0.926922107689230E+00 
 0.499345831404173E+00  0.255683526899004E-01  0.909859675732247E+00 
 0.480618917370341E+00  0.137860278056302E+00  0.977704408256811E+00 
 0.486202957986389E+00  0.116647690269830E+00  0.961771527830076E+00 
 0.490664671434841E+00  0.961674591831346E-01  0.939837446726708E+00 
 0.494267405237039E+00  0.754965702548469E-01  0.918119852707036E+00 
 0.497162584394987E+00  0.531917726504492E-01  0.897998987540494E+00 
 0.499199263493452E+00  0.282859563669918E-01  0.880228256193278E+00 
 0.463091115261910E+00  0.188538110114323E+00  0.976916999312350E+00 
 0.472660990575739E+00  0.163069273586293E+00  0.972127466599046E+00 
 0.479840930794081E+00  0.140544231950906E+00  0.952456352024025E+00 
 0.484930968410717E+00  0.121827566159079E+00  0.932244011080636E+00 
 0.489333801178530E+00  0.102725026279729E+00  0.910209415922361E+00 
 0.493214350186247E+00  0.820950958971274E-01  0.888185953855973E+00 
 0.496505153312228E+00  0.590138351100930E-01  0.867133879029296E+00 
 0.498945399264246E+00  0.324574883970142E-01  0.847979734534021E+00 
 0.482585867119889E+00  0.130808565683387E+00  0.757330115890529E+00 
 0.488999778751962E+00  0.104303482111253E+00  0.760015999744169E+00 
 0.495277238538358E+00  0.685598788346218E-01  0.767915648948247E+00 
 0.498305479250433E+00  0.411296650727486E-01  0.754764850457239E+00 
 0.452405570605931E+00  0.212906551530764E+00  0.962132028505452E+00 
 0.499099528154389E+00  0.299943494022835E-01  0.781706775203806E+00 
 0.404179077358691E+00  0.294345500093813E+00  0.301164213450072E-01 
 0.387512796631407E+00  0.315964922810912E+00  0.551573778827543E-01 
 0.372958251952725E+00  0.333019732599087E+00  0.780738092669104E-01 
 0.358750314824435E+00  0.348278927891667E+00  0.100117658938097E+00 
 0.344420278824057E+00  0.362456440879120E+00  0.120876494344029E+00 
 0.329692471849675E+00  0.375902745408505E+00  0.139837579020990E+00 
 0.315759493346920E+00  0.387680206305785E+00  0.158322194545378E+00 
 0.302905066647998E+00  0.397804626165875E+00  0.176359401610491E+00 
 0.464895286688289E+00  0.184044484880730E+00  0.950846154722839E+00 
 0.473173922574424E+00  0.161574871175975E+00  0.945240998578989E+00 
 0.477886553966660E+00  0.147052512858062E+00  0.925903979950516E+00 
 0.482782170783299E+00  0.130082187765143E+00  0.904042572473879E+00 
 0.487336747082550E+00  0.111816344704157E+00  0.880233718355045E+00 
 0.491639450089154E+00  0.910530126686326E-01  0.857363696632027E+00 
 0.495344128551315E+00  0.680749168911580E-01  0.833936674253268E+00 
 0.498299431705693E+00  0.412028683683879E-01  0.810691246175715E+00 
 0.292561947096698E+00  0.405471956010510E+00  0.738952392078820E+00 
 0.307333726856494E+00  0.394393179880811E+00  0.739603021852215E+00 
 0.324909379934097E+00  0.380044595844804E+00  0.738977236373896E+00 
 0.344247580726803E+00  0.362620467105407E+00  0.738716997373638E+00 
 0.364351936535861E+00  0.342414465732053E+00  0.738702663243488E+00 
 0.384080267724237E+00  0.320128642806105E+00  0.738307775764282E+00 
 0.402687864243950E+00  0.296382327392586E+00  0.737302292698130E+00 
 0.419856283019247E+00  0.271515564211819E+00  0.736071608972957E+00 
 0.435474230198795E+00  0.245687188987882E+00  0.735250213532016E+00 
 0.449458179978423E+00  0.219060138889949E+00  0.734592769450957E+00 
 0.462235991700493E+00  0.190624993053539E+00  0.734867931698571E+00 
 0.474578298546063E+00  0.157402155478010E+00  0.739781644275401E+00 
 0.483419379258752E+00  0.127693789030960E+00  0.732506359591523E+00 
 0.490361112857582E+00  0.977035260217068E-01  0.732234311959554E+00 
 0.495546650230526E+00  0.665846637395209E-01  0.731901812576851E+00 
 0.498794021653748E+00  0.347062524983684E-01  0.729323475653974E+00 
 0.295483507993408E+00  0.403347860418163E+00  0.716925961076136E+00 
 0.311638495308231E+00  0.391000573199096E+00  0.714191973587996E+00 
 0.329656116368568E+00  0.375934628547030E+00  0.712548538452078E+00 
 0.349022370890090E+00  0.358027072465562E+00  0.711466795764570E+00 
 0.368806524658416E+00  0.337611829427497E+00  0.710703879370147E+00 
 0.388066016018310E+00  0.315285215656676E+00  0.709860015738405E+00 
 0.406259409901627E+00  0.291467479946531E+00  0.708834303461613E+00 
 0.423093139201304E+00  0.266443606717793E+00  0.707800015016154E+00 
 0.438440721267922E+00  0.240353352242203E+00  0.706972216747265E+00 
 0.452311858217268E+00  0.213105567538818E+00  0.706484680599316E+00 
 0.464778049518995E+00  0.184340350128013E+00  0.706610411095789E+00 
 0.475555478707850E+00  0.154424695793605E+00  0.706552285593928E+00 
 0.484227086059642E+00  0.124595863198534E+00  0.704060269757472E+00 
 0.491007547498300E+00  0.944012092067971E-01  0.702882261078066E+00 
 0.495931591562936E+00  0.636541945974746E-01  0.701769219721357E+00 
 0.498964908894837E+00  0.321561765694665E-01  0.700377844896069E+00 
 0.297084698546441E+00  0.402169966419137E+00  0.690741421314738E+00 
 0.314267067518150E+00  0.388891000504695E+00  0.687311393341708E+00 
 0.332825755332833E+00  0.373131366394101E+00  0.684988359493526E+00 
 0.352327854773790E+00  0.354774692939758E+00  0.683365759294912E+00 
 0.371956669407370E+00  0.334138049439714E+00  0.682161667165945E+00 
 0.390955049938900E+00  0.311695602996372E+00  0.681064333298454E+00 
 0.408868319224677E+00  0.287796277832754E+00  0.679998233381531E+00 
 0.425444497079952E+00  0.262672762014616E+00  0.679000717157357E+00 
 0.440559719205580E+00  0.236446894277555E+00  0.678161053825306E+00 
 0.454157650544432E+00  0.209143081291162E+00  0.677530296585123E+00 
 0.466161034266425E+00  0.180814518586471E+00  0.677000529140017E+00 
 0.476410699775183E+00  0.151765757467619E+00  0.676121016495798E+00 
 0.484825582815228E+00  0.122246285210940E+00  0.674581071314218E+00 
 0.491410078879654E+00  0.922829040261130E-01  0.673255376247067E+00 
 0.496158315570220E+00  0.618621523269401E-01  0.671923452024210E+00 
 0.499036444593497E+00  0.310262303137388E-01  0.670490066888262E+00 
 0.298087471352731E+00  0.401427277875501E+00  0.662820014378078E+00 
 0.315942781306441E+00  0.387530849017662E+00  0.659298189165029E+00 
 0.334889190991192E+00  0.371280527037528E+00  0.656647949720593E+00 
 0.354500288068116E+00  0.352603950289305E+00  0.654688379974160E+00 
 0.374065361321451E+00  0.331775685455478E+00  0.653180670782310E+00 
 0.392898967140824E+00  0.309241655699348E+00  0.651923291096380E+00 
 0.410627257035411E+00  0.285281011950628E+00  0.650793416943349E+00 
 0.427010703043154E+00  0.260118933348943E+00  0.649772527529313E+00 
 0.441922816902652E+00  0.233889341144108E+00  0.648861886876946E+00 
 0.455278822036962E+00  0.206691059808199E+00  0.648034163877325E+00 
 0.466992570726368E+00  0.178655923177426E+00  0.647184139108516E+00 
 0.476987628740845E+00  0.149942662468643E+00  0.646117855854422E+00 
 0.485215289884676E+00  0.120690192070978E+00  0.644810520685199E+00 
 0.491656140923368E+00  0.909628445704180E-01  0.643448716426678E+00 
 0.496281992466516E+00  0.608620074715345E-01  0.642016620350490E+00 
 0.499070510768571E+00  0.304733536257153E-01  0.640409120939713E+00 
 0.298714020981799E+00  0.400961262055183E+00  0.634161104996444E+00 
 0.316997873924595E+00  0.386668265994621E+00  0.630677563023153E+00 
 0.336162356129758E+00  0.370128180933700E+00  0.627828695177953E+00 
 0.355855032934889E+00  0.351236665988773E+00  0.625582564690022E+00 
 0.375368670652686E+00  0.330300410372793E+00  0.623877103577721E+00 
 0.394110849928584E+00  0.307695690526482E+00  0.622482034567282E+00 
 0.411713864314164E+00  0.283710581282225E+00  0.621293789241521E+00 
 0.427966717525167E+00  0.258543011297413E+00  0.620222838407930E+00 
 0.293331520043364E+00  0.404915570642880E+00  0.229580032278529E+00 
 0.442734657443551E+00  0.232348925322115E+00  0.619233861503678E+00 
 0.455929648646209E+00  0.205251444538997E+00  0.618280280300810E+00 
 0.467482644637494E+00  0.177369605521167E+00  0.617281273878733E+00 
 0.477333816478540E+00  0.148836916274261E+00  0.616168930087181E+00 
 0.485449421201519E+00  0.119744976742701E+00  0.614905811738583E+00 
 0.491794957722628E+00  0.902093097113530E-01  0.613546994535683E+00 
 0.496348769979341E+00  0.603149943214344E-01  0.612033940894580E+00 
 0.499086996164549E+00  0.302021565363698E-01  0.610332474450665E+00 
 0.299124516718977E+00  0.400655117897723E+00  0.605456467862822E+00 
 0.317628696925110E+00  0.386150243933183E+00  0.601855056362164E+00 
 0.336909937559695E+00  0.369447823073195E+00  0.598693561906910E+00 
 0.356619175538836E+00  0.350460787589711E+00  0.596211936598370E+00 
 0.376117808064576E+00  0.329447104186239E+00  0.594315599730642E+00 
 0.394795598133473E+00  0.306816615740466E+00  0.592831810733073E+00 
 0.412331381205229E+00  0.282812361952917E+00  0.591578053056012E+00 
 0.428501382979600E+00  0.257655903841868E+00  0.590464789794143E+00 
 0.443182196975572E+00  0.231494147407458E+00  0.589418210466917E+00 
 0.456286988951194E+00  0.204455823379656E+00  0.588389155622694E+00 
 0.467750576799069E+00  0.176661817901146E+00  0.587331703372034E+00 
 0.477527242559944E+00  0.148215156489126E+00  0.586189960941776E+00 
 0.485576046127356E+00  0.119230463503770E+00  0.584949467884828E+00 
 0.491870436826671E+00  0.897968450221969E-01  0.583570503264338E+00 
 0.496382118526024E+00  0.600399234477856E-01  0.582027018137817E+00 
 0.499095480975326E+00  0.300616178873920E-01  0.580243238411747E+00 
 0.299385070489649E+00  0.400460459431275E+00  0.577308880137294E+00 
 0.317968604334447E+00  0.385870401375389E+00  0.572962143673694E+00 
 0.337277632681878E+00  0.369112176028518E+00  0.569371382600201E+00 
 0.357014295378296E+00  0.350058270714375E+00  0.566614737386445E+00 
 0.376494816933979E+00  0.329016189300541E+00  0.564597288371618E+00 
 0.395154883625811E+00  0.306353746421799E+00  0.563023194235511E+00 
 0.412648351469587E+00  0.282349673329778E+00  0.561734374378743E+00 
 0.421473309186801E+00  0.268998605281008E+00  0.214825425848149E-01 
 0.428777627206370E+00  0.257195929997492E+00  0.560583065007764E+00 
 0.443411260293885E+00  0.231055089198634E+00  0.559500955165801E+00 
 0.456468238415563E+00  0.204050844932809E+00  0.558435725747998E+00 
 0.467888930197001E+00  0.176295062321967E+00  0.557344726379078E+00 
 0.477624866061860E+00  0.147900261390539E+00  0.556199030160703E+00 
 0.485642007755706E+00  0.118961507652714E+00  0.554951317888269E+00 
 0.491907310751359E+00  0.895946294672069E-01  0.553570669866402E+00 
 0.496399451413459E+00  0.598964492805449E-01  0.551980925317174E+00 
 0.499099488311169E+00  0.299950123775496E-01  0.550142623634761E+00 
 0.299372493684268E+00  0.400469861569211E+00  0.549268356692228E+00 
 0.318024983278938E+00  0.385823936544159E+00  0.543822176028245E+00 
 0.337416833698517E+00  0.368984932398150E+00  0.539780261989136E+00 
 0.357176784855004E+00  0.349892475427297E+00  0.536863602060388E+00 
 0.376677148435946E+00  0.328807429730784E+00  0.534739915880960E+00 
 0.395322604481333E+00  0.306137286827488E+00  0.533133523437353E+00 
 0.412805251140759E+00  0.282120230807035E+00  0.531808665475047E+00 
 0.428911399333830E+00  0.256972783620164E+00  0.530640935180609E+00 
 0.443523175139689E+00  0.230840189555478E+00  0.529537166603117E+00 
 0.456557777961814E+00  0.203850424043147E+00  0.528451304244193E+00 
 0.467956338861818E+00  0.176116055256309E+00  0.527349599533929E+00 
 0.477674668265117E+00  0.147739335648332E+00  0.526192993131365E+00 
 0.485674084123728E+00  0.118830484348831E+00  0.524947759741267E+00 
 0.491927020431179E+00  0.894863485102761E-01  0.523544824312494E+00 
 0.496407989289715E+00  0.598256480896144E-01  0.521923281599131E+00 
 0.499101978222359E+00  0.299535529533237E-01  0.519996850289336E+00 
 0.299283459987528E+00  0.400536403561391E+00  0.519485961904815E+00 
 0.318026916255545E+00  0.385822343231944E+00  0.513950766299759E+00 
 0.337466896126971E+00  0.368939146768716E+00  0.509902638666826E+00 
 0.357262470304411E+00  0.349804984687167E+00  0.506944089603403E+00 
 0.376764444668315E+00  0.328707397595151E+00  0.504815910247854E+00 
 0.395416988213826E+00  0.306015367966883E+00  0.503182197974610E+00 
 0.412888684307723E+00  0.281998110579908E+00  0.501853903156282E+00 
 0.428987210645527E+00  0.256846205155090E+00  0.500670840615578E+00 
 0.443586642213714E+00  0.230718206584488E+00  0.499558050562307E+00 
 0.456609562067841E+00  0.203734405116599E+00  0.498463065936260E+00 
 0.467997742618664E+00  0.176006002465355E+00  0.497351612658257E+00 
 0.477704792207088E+00  0.147641902935390E+00  0.496194420838471E+00 
 0.485695929155305E+00  0.118741165574390E+00  0.494938612513883E+00 
 0.491939757283120E+00  0.894163027877199E-01  0.493525367259584E+00 
 0.452094623539759E+00  0.213566035142396E+00  0.258190446311491E-01 
 0.460194435159388E+00  0.195502127477764E+00  0.484313304342772E-01 
 0.466826659158110E+00  0.179089001056115E+00  0.721186839695792E-01 
 0.473229485968579E+00  0.161412061537898E+00  0.955072931130955E-01 
 0.479712816071173E+00  0.140980899759735E+00  0.118143760152946E+00 
 0.485288749754860E+00  0.120394473965232E+00  0.140558185000585E+00 
 0.490050162087253E+00  0.992513911149722E-01  0.162639161640497E+00 
 0.494075092843933E+00  0.767450495553870E-01  0.183755006641095E+00 
 0.497172679836391E+00  0.530973297285387E-01  0.203646781675454E+00 
 0.499054808244851E+00  0.307294381285321E-01  0.222643919029492E+00 
 0.499788151830984E+00  0.145534631400750E-01  0.237617916383510E+00 
 0.496414867517092E+00  0.597685478156193E-01  0.491853789204114E+00 
 0.499103824453456E+00  0.299227742018376E-01  0.489837196081313E+00 
 0.299394060393655E+00  0.400453738403078E+00  0.488325505706896E+00 
 0.318113343462237E+00  0.385751086468044E+00  0.483613111439517E+00 
 0.337549080538300E+00  0.368863956259958E+00  0.479809448281825E+00 
 0.357340663370910E+00  0.349725106764782E+00  0.476950424102016E+00 
 0.376855429620325E+00  0.328603081491455E+00  0.474839368285758E+00 
 0.395502840415966E+00  0.305904402097948E+00  0.473225791837898E+00 
 0.412973902866437E+00  0.281873296981574E+00  0.471888306377958E+00 
 0.429062290602763E+00  0.256720764221966E+00  0.470704652159302E+00 
 0.443653446649532E+00  0.230589720664195E+00  0.469584991859556E+00 
 0.456666860577217E+00  0.203605939133780E+00  0.468484746324078E+00 
 0.468044623459494E+00  0.175881296477653E+00  0.467370543710326E+00 
 0.477742499432714E+00  0.147519843532264E+00  0.466205984878732E+00 
 0.485722509897916E+00  0.118632387561194E+00  0.464951989513926E+00 
 0.491957717438760E+00  0.893174353216964E-01  0.463522978951328E+00 
 0.496423738287938E+00  0.596948244341876E-01  0.461820658601367E+00 
 0.499106625016354E+00  0.298760249160506E-01  0.459703377758463E+00 
 0.299463600924751E+00  0.400401737909791E+00  0.457792686421781E+00 
 0.318211214598768E+00  0.385670355230444E+00  0.453341633257690E+00 
 0.337660537070302E+00  0.368761930932947E+00  0.449707943307629E+00 
 0.357480553853738E+00  0.349582112838206E+00  0.446931500426340E+00 
 0.377003320075282E+00  0.328433397589548E+00  0.444886490447989E+00 
 0.395658881994975E+00  0.305702550035956E+00  0.443282678833640E+00 
 0.413119429217448E+00  0.281659967341917E+00  0.441952220984869E+00 
 0.429197715257321E+00  0.256494290809553E+00  0.440760749302409E+00 
 0.443774094247775E+00  0.230357446753012E+00  0.439642284480856E+00 
 0.456772673725306E+00  0.203368445285484E+00  0.438540670876840E+00 
 0.468134806981671E+00  0.175641118455313E+00  0.437419322408399E+00 
 0.477813568542486E+00  0.147289489498386E+00  0.436255826997859E+00 
 0.485776041332990E+00  0.118412996190660E+00  0.435001327463952E+00 
 0.436170091281840E+00  0.244449691084262E+00  0.303364975629463E-01 
 0.420758843700864E+00  0.270114781986311E+00  0.467919790586960E-01 
 0.406013490559335E+00  0.291809947540904E+00  0.626741224630740E-01 
 0.392741407046728E+00  0.309441734727164E+00  0.840384542155336E-01 
 0.379453381147028E+00  0.325599649164566E+00  0.106222219715420E+00 
 0.366086619683961E+00  0.340559226696871E+00  0.129119022474372E+00 
 0.351332668340992E+00  0.355760250950550E+00  0.149779929807920E+00 
 0.335468297059371E+00  0.370757362257428E+00  0.167134657792884E+00 
 0.321000764423912E+00  0.383351678278919E+00  0.186575695254203E+00 
 0.306016434133096E+00  0.395416163099670E+00  0.210580957854601E+00 
 0.491991839650678E+00  0.891292865288513E-01  0.433587252767308E+00 
 0.496441937475708E+00  0.595432843850981E-01  0.431868486781593E+00 
 0.499111682751398E+00  0.297914105249834E-01  0.429695000823262E+00 
 0.299533735903675E+00  0.400349273829225E+00  0.427753039788056E+00 
 0.318341483821868E+00  0.385562834928487E+00  0.423214807050128E+00 
 0.337866712514331E+00  0.368573038317723E+00  0.419639253232554E+00 
 0.357743139660902E+00  0.349313392279139E+00  0.416977292892562E+00 
 0.377306431611792E+00  0.328085136305161E+00  0.414991238643824E+00 
 0.395963319517697E+00  0.305308122388721E+00  0.413412514100398E+00 
 0.413412258811145E+00  0.281229984647205E+00  0.412065189521560E+00 
 0.429464822788434E+00  0.256046804290347E+00  0.410874341501061E+00 
 0.444016325447259E+00  0.229890197129660E+00  0.409762036998602E+00 
 0.456986894056035E+00  0.202886615283064E+00  0.408664405116128E+00 
 0.468315682790810E+00  0.175158274860703E+00  0.407538030378801E+00 
 0.477959727239515E+00  0.146814505881158E+00  0.406363510504985E+00 
 0.485882891759448E+00  0.117973791561839E+00  0.405135608107552E+00 
 0.492062995308379E+00  0.887356109357835E-01  0.403762280440744E+00 
 0.496478336417649E+00  0.592390198092781E-01  0.402085918147426E+00 
 0.499122239087514E+00  0.296140245199235E-01  0.399902385392853E+00 
 0.299603838313166E+00  0.400296814961122E+00  0.397721070056673E+00 
 0.318577572723066E+00  0.385367785573573E+00  0.393083561574762E+00 
 0.338264945190164E+00  0.368207586634897E+00  0.389631157880349E+00 
 0.358267277993371E+00  0.348775798356509E+00  0.387129242842401E+00 
 0.377884758101186E+00  0.327418859558835E+00  0.385246367826645E+00 
 0.396545994597580E+00  0.304550938544960E+00  0.383649559082657E+00 
 0.413956882460298E+00  0.280427708088468E+00  0.382268093595771E+00 
 0.429967797853302E+00  0.255201279011650E+00  0.381074141113942E+00 
 0.444472568351242E+00  0.229006847022641E+00  0.380001714122989E+00 
 0.457390510993221E+00  0.201975049086168E+00  0.378923218998688E+00 
 0.468658492491041E+00  0.174238966411147E+00  0.377771435150473E+00 
 0.478232197925988E+00  0.145924517703088E+00  0.376580893156516E+00 
 0.486087009414958E+00  0.117129924775963E+00  0.375388645048932E+00 
 0.492196661957189E+00  0.879911697740231E-01  0.374147664386202E+00 
 0.471090503486841E+00  0.167552193433910E+00  0.471789568518187E-01 
 0.476755119790602E+00  0.150680309773535E+00  0.702444943056844E-01 
 0.482155118189157E+00  0.132387469210647E+00  0.928246744974553E-01 
 0.487080141621798E+00  0.112928896380376E+00  0.115023437003999E+00 
 0.491252133772018E+00  0.931200357841424E-01  0.136821909278291E+00 
 0.494584184439198E+00  0.733926733578627E-01  0.157899247770940E+00 
 0.497407816665622E+00  0.508474573596277E-01  0.177016235592865E+00 
 0.499281671478823E+00  0.267920235389731E-01  0.196606026432879E+00 
 0.496549417251281E+00  0.586402270409432E-01  0.372558403400060E+00 
 0.499142494900287E+00  0.292706300703726E-01  0.370402075551188E+00 
 0.299826826394003E+00  0.400129821651049E+00  0.367125880491159E+00 
 0.319091797347804E+00  0.384942105861840E+00  0.362836873097163E+00 
 0.339053944039513E+00  0.367481187316100E+00  0.359680801404572E+00 
 0.359235404491745E+00  0.347778556210202E+00  0.357516643785830E+00 
 0.378927866493218E+00  0.326211085027621E+00  0.355750495276635E+00 
 0.397550055067063E+00  0.303239103210939E+00  0.354052187495996E+00 
 0.414890771482527E+00  0.279044168078520E+00  0.352555930513149E+00 
 0.430831661648956E+00  0.253740180737697E+00  0.351408113606373E+00 
 0.445263765477337E+00  0.227464676714745E+00  0.350457578086777E+00 
 0.458088767095198E+00  0.200386330524818E+00  0.349422940923824E+00 
 0.469242569405448E+00  0.172659813094341E+00  0.348202024518532E+00 
 0.478699976704075E+00  0.144382590029124E+00  0.346926777512884E+00 
 0.486437171809362E+00  0.115667099393517E+00  0.345821319679932E+00 
 0.492432208723930E+00  0.866632552543029E-01  0.344874562758639E+00 
 0.496673733504650E+00  0.575777947350535E-01  0.343450736409396E+00 
 0.499177968940832E+00  0.286592973414588E-01  0.341220636561434E+00 
 0.300320545077342E+00  0.399759390389329E+00  0.336340927275118E+00 
 0.320091899353588E+00  0.384110890197365E+00  0.332594505906543E+00 
 0.340485851725084E+00  0.366154864470000E+00  0.329842530345255E+00 
 0.360916890899056E+00  0.346033232311232E+00  0.328381973820180E+00 
 0.380636240567213E+00  0.324216058156993E+00  0.326706476616006E+00 
 0.399109868524415E+00  0.301183188186897E+00  0.324570383611777E+00 
 0.416334626100471E+00  0.276885317613234E+00  0.322864875898507E+00 
 0.432212092901917E+00  0.251381595884315E+00  0.321931107482946E+00 
 0.446531617419462E+00  0.224965585467554E+00  0.321324180424986E+00 
 0.459186302504461E+00  0.197858382668719E+00  0.320347700252735E+00 
 0.470142084661155E+00  0.170195241503584E+00  0.318889101308735E+00 
 0.479417832373460E+00  0.141980780397676E+00  0.317386867908520E+00 
 0.486999960194462E+00  0.113274175214799E+00  0.316407356179588E+00 
 0.492814622198233E+00  0.844615187384949E-01  0.316273264583729E+00 
 0.464919815921530E+00  0.183982512113219E+00  0.238662331941993E-01 
 0.496875020550619E+00  0.558141017380198E-01  0.315012236327509E+00 
 0.499229425997237E+00  0.277485174102985E-01  0.312390524444160E+00 
 0.301213960589282E+00  0.399086644660177E+00  0.306057170046557E+00 
 0.321793495587441E+00  0.382686485517343E+00  0.302479793488126E+00 
 0.342962177749291E+00  0.363836425655079E+00  0.299901760493953E+00 
 0.363708296277453E+00  0.343098054816626E+00  0.300471206386520E+00 
 0.383143406666043E+00  0.321249326736009E+00  0.298296460339323E+00 
 0.401151609797687E+00  0.298458348780402E+00  0.294783351606898E+00 
 0.418412892279078E+00  0.273734637148200E+00  0.292990207374470E+00 
 0.434323428302878E+00  0.247715884890806E+00  0.292823478860519E+00 
 0.448431527250164E+00  0.221154166517580E+00  0.293011607335833E+00 
 0.460745221389251E+00  0.194200517421994E+00  0.291945940898261E+00 
 0.471349578206710E+00  0.166821986333807E+00  0.289809340750783E+00 
 0.480406737689101E+00  0.138597858507681E+00  0.287738726767580E+00 
 0.487870472587967E+00  0.109464158411754E+00  0.286904253273831E+00 
 0.493428759773634E+00  0.807964047978221E-01  0.289209484981379E+00 
 0.497161671381637E+00  0.532003055349998E-01  0.287590697871340E+00 
 0.499277210472447E+00  0.268750274948954E-01  0.283614126029251E+00 
 0.306170904455563E+00  0.395296568749164E+00  0.247681248967060E+00 
 0.325879864924484E+00  0.379212755108264E+00  0.242092405652998E+00 
 0.344621747025897E+00  0.362264891311342E+00  0.236708190935877E+00 
 0.364723552439933E+00  0.342018611036879E+00  0.247575136117039E+00 
 0.386062940906950E+00  0.317734803976960E+00  0.238671746832818E+00 
 0.302620666552871E+00  0.398021019765409E+00  0.276503799818944E+00 
 0.324343073014345E+00  0.380528016035103E+00  0.272375112951953E+00 
 0.347399402245948E+00  0.359602079136311E+00  0.268198451248538E+00 
 0.368752386480249E+00  0.337670960352117E+00  0.276348930993598E+00 
 0.385216648477377E+00  0.318760307654289E+00  0.268974314997240E+00 
 0.403352320639352E+00  0.295477419500795E+00  0.263536366168667E+00 
 0.421461625416312E+00  0.269016910809415E+00  0.262872557441128E+00 
 0.437583473456074E+00  0.241910528415193E+00  0.264615127806481E+00 
 0.451090299304802E+00  0.215679256937483E+00  0.266383171551034E+00 
 0.462644232503982E+00  0.189632049323950E+00  0.264337322349629E+00 
 0.472645847107099E+00  0.163113160757840E+00  0.260571712774280E+00 
 0.481560287685446E+00  0.134535085848675E+00  0.257498968075908E+00 
 0.489349171591836E+00  0.102651781584074E+00  0.255846861989358E+00 
 0.494534650910310E+00  0.737257014142141E-01  0.266530700251731E+00 
 0.497316537555260E+00  0.517325958564519E-01  0.259869765065796E+00 
 0.499250796141938E+00  0.273613331481033E-01  0.253566866997237E+00 
 0.499499463362602E+00  0.223670762611659E-01  0.222092442404997E-01 
 0.475475950776544E+00  0.154669390097527E+00  0.231929149924501E-01 
 0.480292701432265E+00  0.138992521204908E+00  0.460822927411090E-01 
 0.484853587189822E+00  0.122135166881459E+00  0.686187457475029E-01 
 0.489071365649224E+00  0.103967299195483E+00  0.907831898973460E-01 
 0.492725983622648E+00  0.849770855177682E-01  0.112615796213655E+00 
 0.495608091904472E+00  0.661257834646135E-01  0.133835119416888E+00 
 0.497470909595510E+00  0.502264283641142E-01  0.153384695832840E+00 
 0.499383646351648E+00  0.248188185966283E-01  0.165272173479680E+00 
 0.499218658876495E+00  0.279415573931291E-01  0.454239698039378E-01 
 0.497793381648083E+00  0.469228002933131E-01  0.225837071898407E-01 
 0.499518518189642E+00  0.219374106408349E-01  0.890357499684425E-01 
 0.498621867461301E+00  0.370976183791454E-01  0.672202285000382E-01 
 0.496874505959970E+00  0.558186825985356E-01  0.448879225048753E-01 
 0.494716909626459E+00  0.724926156904692E-01  0.225703617593619E-01 
 0.499228978372075E+00  0.277565695570299E-01  0.111640988331833E+00 
 0.497711155094657E+00  0.477870912940099E-01  0.891555352559451E-01 
 0.495655250145544E+00  0.657713691750276E-01  0.670168918602858E-01 
 0.493035635940360E+00  0.831616599935657E-01  0.449163690115091E-01 
 0.490195875574566E+00  0.985292016088905E-01  0.226235545937158E-01 
 0.498637820994172E+00  0.368825632810962E-01  0.134860078847100E+00 
 0.496779136709125E+00  0.566611801018678E-01  0.111595995644214E+00 
 0.494231965930186E+00  0.757282236209403E-01  0.895354262026360E-01 
 0.491107967201741E+00  0.938773910533003E-01  0.675236553146428E-01 
 0.487576621869530E+00  0.110765688759188E+00  0.453138154562461E-01 
 0.483889238329912E+00  0.125901568808722E+00  0.227690970425884E-01 
 0.281000012159348E+00  0.326802698348414E+00  0.217943881582131E-01 
 0.281000012159348E+00  0.326802698348414E+00  0.536615903798275E-01 
 0.281000012159348E+00  0.326802698348414E+00  0.832876657702508E-01 
 0.281000012159348E+00  0.326802698348414E+00  0.115216150529274E+00 
 0.281000012159348E+00  0.326802698348414E+00  0.148083687888033E+00 
 0.281000012159348E+00  0.326802698348414E+00  0.176779532916728E+00 
 0.281000012159348E+00  0.326802698348414E+00  0.203069862275741E+00 
 0.281000012159348E+00  0.326802698348414E+00  0.231888311845559E+00 
 0.281000012159348E+00  0.326802698348414E+00  0.260186898569665E+00 
 0.281000012159348E+00  0.326802698348414E+00  0.289168470778716E+00 
 0.281000012159348E+00  0.326802698348414E+00  0.320687007099417E+00 
 0.281000012159348E+00  0.326802698348414E+00  0.356123366732187E+00 
 0.281000012159348E+00  0.326802698348414E+00  0.391003937036009E+00 
 0.281000012159348E+00  0.326802698348414E+00  0.419495263579234E+00 
 0.281000012159348E+00  0.326802698348414E+00  0.444004529994000E+00 
 0.281000012159348E+00  0.326802698348414E+00  0.471330737524378E+00 
 0.281000012159348E+00  0.326802698348414E+00  0.500595454270068E+00 
 0.281000012159348E+00  0.326802698348414E+00  0.529038020538171E+00 
 0.281000012159348E+00  0.326802698348414E+00  0.556564885009886E+00 
 0.281000012159348E+00  0.326802698348414E+00  0.585647010405221E+00 
 0.281000012159348E+00  0.326802698348414E+00  0.615857107141482E+00 
 0.281000012159348E+00  0.326802698348414E+00  0.647941965411512E+00 
 0.281000012159348E+00  0.326802698348414E+00  0.679725557174189E+00 
 0.281000012159348E+00  0.326802698348414E+00  0.711657341263254E+00 
 0.281000012159348E+00  0.326802698348414E+00  0.744797277336019E+00 
 0.281000012159348E+00  0.326802698348414E+00  0.782124524993872E+00 
 0.281000012159348E+00  0.326802698348414E+00  0.819170126425062E+00 
 0.281000012159348E+00  0.326802698348414E+00  0.850699202924833E+00 
 0.281000012159348E+00  0.326802698348414E+00  0.879492397721547E+00 
 0.281000012159348E+00  0.326802698348414E+00  0.907124107143116E+00 
 0.281000012159348E+00  0.326802698348414E+00  0.933839427972274E+00 
 0.281000012159348E+00  0.326802698348414E+00  0.958906112990426E+00 
 0.281000012159348E+00  0.326802698348414E+00  0.981964133621937E+00 
 0.281000012159348E+00  0.345870449763824E+00  0.675235660367203E-01 
 0.281000012159348E+00  0.345960141301509E+00  0.253091296256847E+00 
 0.281000012159348E+00  0.345177892091948E+00  0.276641597664281E+00 
 0.281000012159348E+00  0.346559243345302E+00  0.410935041476109E+00 
 0.281000012159348E+00  0.345859834416498E+00  0.433567353443083E+00 
 0.281000012159348E+00  0.346029868147348E+00  0.522171077110376E+00 
 0.281000012159348E+00  0.347509418227633E+00  0.548046264595929E+00 
 0.281000012159348E+00  0.345894264089898E+00  0.573719770372649E+00 
 0.281000012159348E+00  0.345902120271531E+00  0.923974976788417E+00 
 0.281000012159348E+00  0.346995613209725E+00  0.948132375483480E+00 
 0.281000012159348E+00  0.343886210741555E+00  0.971370690389900E+00 
 0.281000012159348E+00  0.364629534911901E+00  0.968277432689977E+00 
 0.281000012159348E+00  0.388247896969122E+00  0.958349049921536E+00 
 0.281000012159348E+00  0.397172803124790E+00  0.980180436552111E+00 
 0.281000012159348E+00  0.368982434731879E+00  0.934540265670058E+00 
 0.281000012159348E+00  0.393403628213924E+00  0.931488011705264E+00 
 0.281000012159348E+00  0.382927778438181E+00  0.911495581603478E+00 
 0.281000012159348E+00  0.356658644514730E+00  0.900222241453900E+00 
 0.281000012159348E+00  0.384641120980124E+00  0.885901128377667E+00 
 0.281000012159348E+00  0.355898031538974E+00  0.836480498517286E+00 
 0.281000012159348E+00  0.356013254348254E+00  0.867901196456593E+00 
 0.281000012159348E+00  0.384823944388120E+00  0.855836936834252E+00 
 0.281000012159348E+00  0.384824043284782E+00  0.823708664920052E+00 
 0.281000012159348E+00  0.355557971084594E+00  0.769868472975306E+00 
 0.281000012159348E+00  0.355691289992398E+00  0.803596994833441E+00 
 0.281000012159348E+00  0.384670059646192E+00  0.790924882474644E+00 
 0.281000012159348E+00  0.384479602925469E+00  0.759511163914705E+00 
 0.281000012159348E+00  0.355711798702883E+00  0.705300260286722E+00 
 0.281000012159348E+00  0.355639199182805E+00  0.736954311546063E+00 
 0.281000012159348E+00  0.386247437241518E+00  0.270463950560461E-01 
 0.281000012159348E+00  0.384517410141277E+00  0.729499480663802E+00 
 0.281000012159348E+00  0.384590924786724E+00  0.699856755712721E+00 
 0.281000012159348E+00  0.355908233162048E+00  0.641701195487690E+00 
 0.281000012159348E+00  0.355792297050057E+00  0.673922671565665E+00 
 0.281000012159348E+00  0.384706510803439E+00  0.669846350925432E+00 
 0.281000012159348E+00  0.384968826459198E+00  0.639318437884849E+00 
 0.281000012159348E+00  0.355969240314976E+00  0.605167966007756E+00 
 0.281000012159348E+00  0.386702847339390E+00  0.609255386935667E+00 
 0.281000012159348E+00  0.361469517309137E+00  0.245742667040100E-01 
 0.281000012159348E+00  0.346662455773703E+00  0.442418550535924E-01 
 0.281000012159348E+00  0.369995628952456E+00  0.573109311796685E+00 
 0.281000012159348E+00  0.394289374113035E+00  0.585626346516623E+00 
 0.281000012159348E+00  0.367410099641621E+00  0.536977662858929E+00 
 0.281000012159348E+00  0.391932142778944E+00  0.554889826237355E+00 
 0.281000012159348E+00  0.384829802796515E+00  0.522860820341967E+00 
 0.281000012159348E+00  0.358370999194124E+00  0.500880625267228E+00 
 0.281000012159348E+00  0.385853290287939E+00  0.494828831959345E+00 
 0.281000012159348E+00  0.356393998227602E+00  0.462398910846165E+00 
 0.281000012159348E+00  0.387148751943298E+00  0.464473329782094E+00 
 0.281000012159348E+00  0.369570764548803E+00  0.430453577089446E+00 
 0.281000012159348E+00  0.393958361290654E+00  0.567244771889492E-01 
 0.281000012159348E+00  0.369288110626185E+00  0.574510156784171E-01 
 0.281000012159348E+00  0.394303134071784E+00  0.440429791752461E+00 
 0.281000012159348E+00  0.389709764025165E+00  0.412630479022307E+00 
 0.281000012159348E+00  0.359500767244036E+00  0.388846160910308E+00 
 0.281000012159348E+00  0.386377926159165E+00  0.378845990786948E+00 
 0.281000012159348E+00  0.356582096525398E+00  0.349247579234270E+00 
 0.281000012159348E+00  0.385305557359759E+00  0.343919423286604E+00 
 0.281000012159348E+00  0.355853078531275E+00  0.308058403911855E+00 
 0.281000012159348E+00  0.386546359286051E+00  0.309406793490215E+00 
 0.281000012159348E+00  0.387628611690140E+00  0.882247575885574E-01 
 0.281000012159348E+00  0.357370334596092E+00  0.957475721073414E-01 
 0.281000012159348E+00  0.368136189372203E+00  0.272036934048911E+00 
 0.281000012159348E+00  0.393463876710394E+00  0.278764285450563E+00 
 0.281000012159348E+00  0.384411997899996E+00  0.250129561061359E+00 
 0.281000012159348E+00  0.356648285758811E+00  0.196902474736560E+00 
 0.281000012159348E+00  0.358287039850153E+00  0.231095700687952E+00 
 0.281000012159348E+00  0.385643819136107E+00  0.220118939783754E+00 
 0.281000012159348E+00  0.385291456152678E+00  0.187105595831167E+00 
 0.281000012159348E+00  0.356261813216253E+00  0.133297901215471E+00 
 0.281000012159348E+00  0.356263059640938E+00  0.165746405716913E+00 
 0.281000012159348E+00  0.385050695354409E+00  0.154735805341002E+00 
 0.281000012159348E+00  0.385337620299612E+00  0.121797388312677E+00 
 0.431000012159356E+00  0.346944695195361E-17  0.211276917095807E-01 
 0.431000012159356E+00  0.346944695195361E-17  0.484350603103834E-01 
 0.431000012159356E+00  0.346944695195361E-17  0.783069065591033E-01 
 0.431000012159356E+00  0.346944695195361E-17  0.109554981067981E+00 
 0.431000012159356E+00  0.346944695195361E-17  0.138665195776540E+00 
 0.431000012159356E+00  0.346944695195361E-17  0.168569202153329E+00 
 0.431000012159356E+00  0.346944695195361E-17  0.199451393780880E+00 
 0.431000012159356E+00  0.346944695195361E-17  0.230757994173991E+00 
 0.431000012159356E+00  0.346944695195361E-17  0.261588427974724E+00 
 0.431000012159356E+00  0.346944695195361E-17  0.292112825589884E+00 
 0.431000012159356E+00  0.346944695195361E-17  0.322058740615994E+00 
 0.431000012159356E+00  0.346944695195361E-17  0.351089837537288E+00 
 0.431000012159356E+00  0.346944695195361E-17  0.377165612185953E+00 
 0.431000012159356E+00  0.346944695195361E-17  0.402751243694807E+00 
 0.431000012159356E+00  0.346944695195361E-17  0.436376073857146E+00 
 0.431000012159356E+00  0.346944695195361E-17  0.468707175522075E+00 
 0.431000012159356E+00  0.346944695195361E-17  0.500438002799472E+00 
 0.431000012159356E+00  0.346944695195361E-17  0.531599963464230E+00 
 0.431000012159356E+00  0.346944695195361E-17  0.562069924955063E+00 
 0.431000012159356E+00  0.346944695195361E-17  0.592143538797781E+00 
 0.431000012159356E+00  0.346944695195361E-17  0.622127492031577E+00 
 0.431000012159356E+00  0.346944695195361E-17  0.651814546405976E+00 
 0.431000012159356E+00  0.346944695195361E-17  0.682775811458357E+00 
 0.431000012159356E+00  0.346944695195361E-17  0.713468258128089E+00 
 0.431000012159356E+00  0.346944695195361E-17  0.744278182274492E+00 
 0.431000012159356E+00  0.346944695195361E-17  0.774385797629670E+00 
 0.431000012159356E+00  0.346944695195361E-17  0.801877954703397E+00 
 0.431000012159356E+00  0.346944695195361E-17  0.830719376500646E+00 
 0.431000012159356E+00  0.346944695195361E-17  0.859632629849352E+00 
 0.431000012159356E+00  0.346944695195361E-17  0.890530735360888E+00 
 0.431000012159356E+00  0.346944695195361E-17  0.921014375368070E+00 
 0.431000012159356E+00  0.346944695195361E-17  0.947564578131399E+00 
 0.431000012159356E+00  0.346944695195361E-17  0.977182976410219E+00 
 0.401236138856893E+00  0.157386693708736E+00  0.901489257227957E+00 
 0.394721576993320E+00  0.173077691044409E+00  0.876226896461645E+00 
 0.388315612854668E+00  0.187008008637763E+00  0.903662725452700E+00 
 0.393115712346413E+00  0.176694785400503E+00  0.105217572299524E+00 
 0.386093658041819E+00  0.191553380813926E+00  0.801583797537377E-01 
 0.399032717377150E+00  0.162892298602370E+00  0.772636079823882E-01 
 0.427425865094316E+00  0.553907964352690E-01  0.828069769737214E+00 
 0.423773056343129E+00  0.785964833752831E-01  0.819649348675925E+00 
 0.422403996885917E+00  0.856497162643299E-01  0.848530076920895E+00 
 0.417911158954624E+00  0.105410026575079E+00  0.823317281640857E+00 
 0.417131086893896E+00  0.108455828926216E+00  0.876746784238365E+00 
 0.413288466596932E+00  0.122285133435390E+00  0.850430014049362E+00 
 0.408940688880903E+00  0.136119519022686E+00  0.824060153985669E+00 
 0.411875416144486E+00  0.126963191741392E+00  0.901823717729066E+00 
 0.407324065824403E+00  0.140883341391493E+00  0.876447320050508E+00 
 0.402395055785931E+00  0.154399577591367E+00  0.850843124599803E+00 
 0.398566035558165E+00  0.164030868377888E+00  0.825729891783403E+00 
 0.402096646580346E+00  0.155175053698058E+00  0.946105129996906E+00 
 0.392360982002369E+00  0.178364431105235E+00  0.952719331234738E+00 
 0.406729497836167E+00  0.142590764326776E+00  0.925266056695093E+00 
 0.395910458410105E+00  0.170340598222670E+00  0.926435494208920E+00 
 0.383460452875768E+00  0.196771673677056E+00  0.931495378862490E+00 
 0.428635058755883E+00  0.450887667462487E-01  0.207362447756682E-01 
 0.430146436886405E+00  0.271118666875540E-01  0.393605703999128E-01 
 0.387369830786350E+00  0.188959320166837E+00  0.847273811842596E+00 
 0.378930354752771E+00  0.205360163440473E+00  0.878719698476700E+00 
 0.373610798656285E+00  0.214885973504023E+00  0.908959883708497E+00 
 0.376114064191358E+00  0.210473801692320E+00  0.827748240880082E+00 
 0.361895031640545E+00  0.234079039119796E+00  0.887514252488607E+00 
 0.364589711646839E+00  0.229859419303699E+00  0.852461200718955E+00 
 0.349014317265947E+00  0.252883405593846E+00  0.871253320464572E+00 
 0.353349535006538E+00  0.246789620105913E+00  0.832734677234729E+00 
 0.342773753680712E+00  0.261279858138722E+00  0.847571381097787E+00 
 0.323683428693693E+00  0.284587505822814E+00  0.833683570519679E+00 
 0.393992238459792E+00  0.174731584193584E+00  0.783667084597661E+00 
 0.382663273816602E+00  0.198317496336856E+00  0.784717925214465E+00 
 0.368484013464681E+00  0.223563284781557E+00  0.784814575165335E+00 
 0.412794748781656E+00  0.123941542106126E+00  0.736832413609111E+00 
 0.360109469882908E+00  0.236816764993548E+00  0.733043185037658E+00 
 0.412350752410366E+00  0.125410794862164E+00  0.674609465131964E+00 
 0.359171061454735E+00  0.238237610579935E+00  0.675480479210866E+00 
 0.413100939440387E+00  0.122917144104574E+00  0.612910600019463E+00 
 0.357732637921091E+00  0.240392117689777E+00  0.615000298045744E+00 
 0.410584715850649E+00  0.131077082631544E+00  0.528112711290594E+00 
 0.356518043015216E+00  0.242189792282743E+00  0.523382468612062E+00 
 0.406091401749404E+00  0.144398005202837E+00  0.470811779294037E+00 
 0.395175907794062E+00  0.172037822528930E+00  0.471510491511832E+00 
 0.383945896659348E+00  0.195822774262362E+00  0.473828770022816E+00 
 0.394260714492794E+00  0.174124953665430E+00  0.366286253572210E+00 
 0.424072815479108E+00  0.769627029994446E-01  0.227639287993699E-01 
 0.427294125237004E+00  0.563980586483418E-01  0.437586364166327E-01 
 0.429746239612555E+00  0.328508754864052E-01  0.623414928244638E-01 
 0.382134556541614E+00  0.199334370287973E+00  0.367605406806610E+00 
 0.366606321014671E+00  0.226629247612586E+00  0.368792709694626E+00 
 0.411437304645176E+00  0.128375834282262E+00  0.290449260949846E+00 
 0.356635908037958E+00  0.242016196935865E+00  0.284027473547748E+00 
 0.409523774703654E+00  0.134355083394061E+00  0.233359329806592E+00 
 0.354984037957456E+00  0.244432696824253E+00  0.222092945715158E+00 
 0.316701605688260E+00  0.292337311056651E+00  0.160031146349404E+00 
 0.333262656535337E+00  0.273307541499252E+00  0.170860876790354E+00 
 0.332714861271556E+00  0.273974143981517E+00  0.142563322269968E+00 
 0.350183408080275E+00  0.251261997099921E+00  0.153140263275461E+00 
 0.347632700306649E+00  0.254779347983435E+00  0.123053467452308E+00 
 0.360736804586292E+00  0.235860060837416E+00  0.101303551025018E+00 
 0.367714156567046E+00  0.224827288249325E+00  0.161747755235086E+00 
 0.365429112429967E+00  0.228522590283774E+00  0.130405992248927E+00 
 0.382560505254879E+00  0.198515667644876E+00  0.169206624759004E+00 
 0.384287981434832E+00  0.195150602884287E+00  0.136650644636820E+00 
 0.377612439108364E+00  0.207773569810963E+00  0.105869154478480E+00 
 0.371425307639547E+00  0.218641833431360E+00  0.788118474402584E-01 
 0.426313137058767E+00  0.633886397745766E-01  0.143163271432371E+00 
 0.420569665900896E+00  0.942452471234806E-01  0.155047706768354E+00 
 0.420488513381698E+00  0.946066625318016E-01  0.124991475612784E+00 
 0.404688568382441E+00  0.148284095917010E+00  0.179257550396218E+00 
 0.411153242284666E+00  0.129282720578434E+00  0.150948229920512E+00 
 0.411566013629771E+00  0.127962599638541E+00  0.121378768334616E+00 
 0.415875954507981E+00  0.113173322578386E+00  0.978369118979709E-01 
 0.396350909624034E+00  0.169313221343039E+00  0.159252921910408E+00 
 0.401254911664685E+00  0.157338826569672E+00  0.129194954936396E+00 
 0.405757569965527E+00  0.145333426633468E+00  0.100512068893656E+00 
 0.410235717461783E+00  0.132165300287067E+00  0.744497755047629E-01 
 0.379556533299112E+00  0.204200510555972E+00  0.580945001856075E-01 
 0.391561363807238E+00  0.180113044654664E+00  0.531539749135437E-01 
 0.403724344430489E+00  0.150889576165907E+00  0.506995975541867E-01 
 0.430350288144208E+00  0.236567110045050E-01  0.928590765939199E+00 
 0.426567294364784E+00  0.616551203037163E-01  0.979049911806263E+00 
 0.417176079913332E+00  0.108282634016269E+00  0.239894825417966E-01 
 0.421853050639552E+00  0.883233499560616E-01  0.467632641579572E-01 
 0.425694361036462E+00  0.674189992740688E-01  0.680835726793900E-01 
 0.428573881258062E+00  0.456666046992496E-01  0.869427782173713E-01 
 0.430158774699495E+00  0.269154050755892E-01  0.104020848741168E+00 
 0.429656807475373E+00  0.340005628104168E-01  0.964771575677313E+00 
 0.429299303666889E+00  0.382507300908086E-01  0.908565097661031E+00 
 0.427734580605084E+00  0.529541219920628E-01  0.932616031902993E+00 
 0.425146497199176E+00  0.707917113836760E-01  0.955076618831137E+00 
 0.421912665089852E+00  0.880381367257169E-01  0.977033003710735E+00 
 0.430342862637930E+00  0.237914072291792E-01  0.860934374603548E+00 
 0.428737329444342E+00  0.441057005645540E-01  0.883331384131206E+00 
 0.425948972294143E+00  0.657912112893627E-01  0.906219214086508E+00 
 0.422777523455742E+00  0.837864914051639E-01  0.929695756293396E+00 
 0.418958206669420E+00  0.101168332721757E+00  0.952643084674235E+00 
 0.414626888267490E+00  0.117667132228900E+00  0.975763657460033E+00 
 0.429850597597567E+00  0.314559092440372E-01  0.836382003720753E+00 
 0.427713711467031E+00  0.531224199792780E-01  0.856437576093457E+00 
 0.424240446388629E+00  0.760332435802592E-01  0.879061340137885E+00 
 0.420123814688062E+00  0.962132569519816E-01  0.903566968736002E+00 
 0.415677726624344E+00  0.113899245255499E+00  0.927372144843685E+00 
 0.410782255881628E+00  0.130456692945037E+00  0.950487331744629E+00 
 0.403362356679053E+00  0.151854600508763E+00  0.972739926761905E+00 
 0.300432086296649E+00  0.309033286240818E+00  0.975548869477345E+00 
 0.340036123358481E+00  0.264832862939424E+00  0.979475696560020E+00 
 0.321859149318880E+00  0.286649085958916E+00  0.970567107604385E+00 
 0.301993121335036E+00  0.307507992006189E+00  0.947741314987614E+00 
 0.353779116837515E+00  0.246173408334502E+00  0.972765685521888E+00 
 0.295036897181199E+00  0.314188223495165E+00  0.891089703271824E+00 
 0.338813853690314E+00  0.266394787916119E+00  0.954288544817965E+00 
 0.321982117781401E+00  0.286510953211844E+00  0.936522795665167E+00 
 0.303181915394560E+00  0.306335986555680E+00  0.915715048174919E+00 
 0.366187725009847E+00  0.227304994519415E+00  0.962658041022368E+00 
 0.354463553648512E+00  0.245186866728678E+00  0.944642827525673E+00 
 0.340472153973103E+00  0.264272062182652E+00  0.925593285450403E+00 
 0.325435472317132E+00  0.282582313386879E+00  0.905288767982846E+00 
 0.311498382663383E+00  0.297875423758745E+00  0.885003418741272E+00 
 0.296917579953186E+00  0.312411525389349E+00  0.866650047839185E+00 
 0.430164236956490E+00  0.268279653532283E-01  0.805739178210486E+00 
 0.427165543599841E+00  0.573638286937901E-01  0.798196343087109E+00 
 0.407875565059265E+00  0.139278619712214E+00  0.249593970179144E-01 
 0.413966640518098E+00  0.119969291985551E+00  0.488403190149000E-01 
 0.419193852962574E+00  0.100187444920751E+00  0.719326316709170E-01 
 0.423570289869592E+00  0.796819930796659E-01  0.945663227985429E-01 
 0.427292253147267E+00  0.564122405306701E-01  0.114192765816230E+00 
 0.429963718053636E+00  0.298699119323642E-01  0.129542514840111E+00 
 0.422055415777542E+00  0.873512249153032E-01  0.796883638764762E+00 
 0.414648629431346E+00  0.117590495330454E+00  0.797052900985015E+00 
 0.403654055734888E+00  0.151077509147228E+00  0.795884468495967E+00 
 0.388677272805946E+00  0.186255169285284E+00  0.810765098653155E+00 
 0.375818745901820E+00  0.211000665188863E+00  0.804457700843643E+00 
 0.362202934720011E+00  0.233602321395935E+00  0.813642354894548E+00 
 0.342837195038152E+00  0.261196608285269E+00  0.817377671793585E+00 
 0.328130313409363E+00  0.279448578280922E+00  0.799925135020357E+00 
 0.305263413533025E+00  0.304261826129275E+00  0.807666792234330E+00 
 0.389608066555060E+00  0.184300203354706E+00  0.977741740736287E+00 
 0.379512748582355E+00  0.204281874244450E+00  0.959806404745627E+00 
 0.369459550433280E+00  0.221947406101080E+00  0.937034204455739E+00 
 0.357576761457230E+00  0.240623918485086E+00  0.916593709590678E+00 
 0.344125391146385E+00  0.259497062892250E+00  0.896776680437996E+00 
 0.330330085741125E+00  0.276844802977438E+00  0.871480687762573E+00 
 0.313045149082711E+00  0.296249464332240E+00  0.858495249509869E+00 
 0.300275319448531E+00  0.309185612555693E+00  0.838317288400109E+00 
 0.349864336129756E+00  0.251706092071372E+00  0.786672968260061E+00 
 0.333667424939838E+00  0.272813232845060E+00  0.773590168108521E+00 
 0.314160508239496E+00  0.295066408701596E+00  0.776290610027093E+00 
 0.404169664146648E+00  0.149692662027704E+00  0.726872907252449E+00 
 0.389385873391028E+00  0.184769185972295E+00  0.732228090533937E+00 
 0.373212045442525E+00  0.215577780900458E+00  0.740041978713104E+00 
 0.429974674508251E+00  0.297117781843780E-01  0.740299106059403E+00 
 0.427255901863375E+00  0.566869015229419E-01  0.733155667973612E+00 
 0.421359260030663E+00  0.906497902246305E-01  0.743348004568126E+00 
 0.429935142281251E+00  0.302784397377800E-01  0.771884572742083E+00 
 0.426152743936489E+00  0.644581206424706E-01  0.766233462663792E+00 
 0.419863221897778E+00  0.973441594497280E-01  0.773952278813565E+00 
 0.412690546419372E+00  0.124288066110287E+00  0.767363074358017E+00 
 0.401807786753842E+00  0.155921496225934E+00  0.758444071204883E+00 
 0.389498329226760E+00  0.184532008093231E+00  0.763042579136529E+00 
 0.377706467916431E+00  0.207602588075036E+00  0.761612966992501E+00 
 0.362888687545140E+00  0.232535612182574E+00  0.760188275956985E+00 
 0.346738787572062E+00  0.255994577431658E+00  0.754801548292588E+00 
 0.328235141941663E+00  0.279325441154026E+00  0.749224542144370E+00 
 0.306437661673657E+00  0.303079148060927E+00  0.747693364806499E+00 
 0.343753813487061E+00  0.259989088606540E+00  0.726655534289899E+00 
 0.324764229249927E+00  0.283353499856727E+00  0.721235429069273E+00 
 0.303615976522612E+00  0.305905784975664E+00  0.716868178892093E+00 
 0.400609982133990E+00  0.158973748449107E+00  0.666243026413572E+00 
 0.386944579807447E+00  0.189828613857332E+00  0.669125601613316E+00 
 0.374647425353418E+00  0.213073501772075E+00  0.685070613064787E+00 
 0.429914622699422E+00  0.305684096833290E-01  0.679252738877577E+00 
 0.427100315442309E+00  0.578474807613812E-01  0.675534343191446E+00 
 0.421278854228799E+00  0.910227304634835E-01  0.682881373017426E+00 
 0.429894988477803E+00  0.308433033740512E-01  0.709600310692303E+00 
 0.426020616466915E+00  0.653256827481237E-01  0.705817389061859E+00 
 0.419395845309960E+00  0.993384891071958E-01  0.715480480190827E+00 
 0.412360024613633E+00  0.125380303804062E+00  0.705876964095702E+00 
 0.401970098285036E+00  0.155502574146133E+00  0.699019570467622E+00 
 0.388754052656478E+00  0.186094860285076E+00  0.696112859076215E+00 
 0.374773964266608E+00  0.212850854330563E+00  0.714414419087667E+00 
 0.379804402794180E+00  0.203739112836773E+00  0.295970453065849E-01 
 0.366459294011632E+00  0.226866913219744E+00  0.517266279909371E-01 
 0.355451677359209E+00  0.243752160080444E+00  0.739939007673283E-01 
 0.343273843186250E+00  0.260622483806555E+00  0.953880172360227E-01 
 0.329857629395151E+00  0.277407560839943E+00  0.115322762844984E+00 
 0.315571219915096E+00  0.293557176104849E+00  0.133412073947467E+00 
 0.301634251124228E+00  0.307860015315537E+00  0.149095652000429E+00 
 0.359456050169679E+00  0.237807397861739E+00  0.705095166833762E+00 
 0.342209998885463E+00  0.262017799288841E+00  0.697844188981910E+00 
 0.323054524348781E+00  0.285301217626456E+00  0.691675544636921E+00 
 0.302514682520702E+00  0.306994914193632E+00  0.685845043284148E+00 
 0.341374350827638E+00  0.263105612023699E+00  0.668208489075388E+00 
 0.322196582195266E+00  0.286269755480813E+00  0.661505561041765E+00 
 0.302010286224976E+00  0.307491134011478E+00  0.654840081735124E+00 
 0.405113656081101E+00  0.147118782410534E+00  0.604479021771211E+00 
 0.391148759013099E+00  0.181007344613058E+00  0.611867768027883E+00 
 0.372710147402558E+00  0.216444349671047E+00  0.622970977859627E+00 
 0.430263850658570E+00  0.251799383997017E-01  0.615298562182368E+00 
 0.426898796217530E+00  0.593163406607480E-01  0.623214715696444E+00 
 0.420724612706155E+00  0.935511130057428E-01  0.618945771368965E+00 
 0.429611830804200E+00  0.345642201476981E-01  0.646973505548610E+00 
 0.425597567392494E+00  0.680273556075058E-01  0.654827987941815E+00 
 0.420394117462416E+00  0.950252413012096E-01  0.649893683686273E+00 
 0.412584827102879E+00  0.124638561151204E+00  0.642775187148701E+00 
 0.403261547733676E+00  0.152122104247855E+00  0.631501732422814E+00 
 0.392302228114186E+00  0.178493619768335E+00  0.644826653854544E+00 
 0.376712818287049E+00  0.209400245987411E+00  0.651120884162517E+00 
 0.358680920963856E+00  0.238974909599059E+00  0.645266539646305E+00 
 0.340720469618363E+00  0.263951836637668E+00  0.638158372592895E+00 
 0.321658061270696E+00  0.286874714990590E+00  0.631148535294589E+00 
 0.301712904927393E+00  0.307782932407940E+00  0.623919029004764E+00 
 0.340095132324375E+00  0.264757080076476E+00  0.607989764676843E+00 
 0.321248776496624E+00  0.287332967271034E+00  0.600868816388719E+00 
 0.301533673184792E+00  0.307958527105588E+00  0.593526023817117E+00 
 0.429898817811078E+00  0.307898835007881E-01  0.589571393191533E+00 
 0.426218519025405E+00  0.640217503755446E-01  0.589955602234936E+00 
 0.420072455256206E+00  0.964372480755220E-01  0.589506472351522E+00 
 0.412317457528629E+00  0.125520216293956E+00  0.584899406301386E+00 
 0.402803679111549E+00  0.153330383732500E+00  0.580188728521734E+00 
 0.395951854241120E+00  0.170244352635780E+00  0.261629746175048E-01 
 0.391725446633367E+00  0.179755903772997E+00  0.577159561730973E+00 
 0.376121271856685E+00  0.210460921166541E+00  0.590328748210352E+00 
 0.357212698362431E+00  0.241164049165684E+00  0.585144726235358E+00 
 0.339552733350713E+00  0.265452353079448E+00  0.577838125442624E+00 
 0.320886569903440E+00  0.287737414558760E+00  0.570760544911430E+00 
 0.301348632033665E+00  0.308139598969031E+00  0.563798654083459E+00 
 0.399563176445460E+00  0.161586752273104E+00  0.524426066769058E+00 
 0.387157547807100E+00  0.189393884952370E+00  0.517691901442389E+00 
 0.372279315087759E+00  0.217184534530313E+00  0.534215268654800E+00 
 0.429804668765578E+00  0.320773625578174E-01  0.528950266467474E+00 
 0.426725374460233E+00  0.605513441067336E-01  0.523597894978462E+00 
 0.420197880333749E+00  0.958892686612047E-01  0.532605400443554E+00 
 0.429725162421034E+00  0.331254473716321E-01  0.559870211745347E+00 
 0.425386624862927E+00  0.693341897557467E-01  0.556606392215217E+00 
 0.418441419984066E+00  0.103284986920047E+00  0.564119477161703E+00 
 0.411211256382114E+00  0.129098075531736E+00  0.557008926984172E+00 
 0.400878946154224E+00  0.158294286099134E+00  0.552757801481836E+00 
 0.386131500990783E+00  0.191477085897930E+00  0.550889633621508E+00 
 0.370233856613597E+00  0.220653352338870E+00  0.563649602542797E+00 
 0.356046409105235E+00  0.242882615772775E+00  0.554907747378063E+00 
 0.339035305436665E+00  0.266112893616268E+00  0.547354390525588E+00 
 0.320455800947327E+00  0.288217088529744E+00  0.540763777707517E+00 
 0.361212673436237E+00  0.235130633968449E+00  0.251427927621406E-01 
 0.349840007107892E+00  0.251739905275479E+00  0.479931082656690E-01 
 0.337924672538059E+00  0.267521823729208E+00  0.695176399101756E-01 
 0.325138255225178E+00  0.282924239807200E+00  0.896522934863968E-01 
 0.312128903179933E+00  0.297214667001895E+00  0.108545384957563E+00 
 0.297840645722068E+00  0.311531636013453E+00  0.126042693063901E+00 
 0.301058115371090E+00  0.308423445364590E+00  0.534657627977970E+00 
 0.338591989044130E+00  0.266676724587084E+00  0.516477678770877E+00 
 0.319649624644221E+00  0.289110926715273E+00  0.510843821331436E+00 
 0.300432501047166E+00  0.309032883033345E+00  0.505730865409698E+00 
 0.429217749624633E+00  0.391552536516070E-01  0.467282195487163E+00 
 0.423570538727668E+00  0.796806701986841E-01  0.471097972414527E+00 
 0.415797051799090E+00  0.113462867038251E+00  0.472187715755000E+00 
 0.429617378414953E+00  0.344951974225139E-01  0.498315243585039E+00 
 0.425312788026690E+00  0.697856921031975E-01  0.498485338844675E+00 
 0.418185435355381E+00  0.104316595697838E+00  0.501075123167147E+00 
 0.408847345883411E+00  0.136399626998921E+00  0.499265437585632E+00 
 0.398403355079756E+00  0.164425597589153E+00  0.496856657445512E+00 
 0.388326432535806E+00  0.186985540284194E+00  0.492552464728971E+00 
 0.374343229695316E+00  0.213607483161613E+00  0.498299337472174E+00 
 0.356211129064464E+00  0.242640973481350E+00  0.489552620640820E+00 
 0.337023392475368E+00  0.268656366769429E+00  0.485719147788442E+00 
 0.317851821183567E+00  0.291086293479519E+00  0.481081344194459E+00 
 0.299229396818509E+00  0.310197966726070E+00  0.477256291124799E+00 
 0.429798052315413E+00  0.321658935400837E-01  0.440100593323765E+00 
 0.426861727732355E+00  0.595825131956281E-01  0.436773312233425E+00 
 0.420894603311370E+00  0.927833141503444E-01  0.446251974833774E+00 
 0.413184477900985E+00  0.122636037538096E+00  0.442648002813718E+00 
 0.401455997162131E+00  0.156825038893393E+00  0.442470729829445E+00 
 0.388921468891940E+00  0.185744721368586E+00  0.451583351837187E+00 
 0.373489230093476E+00  0.215097200087640E+00  0.459544762257451E+00 
 0.353388541942340E+00  0.246733761178369E+00  0.453122591991427E+00 
 0.332836579430474E+00  0.273826262207220E+00  0.458118686297435E+00 
 0.315268293449059E+00  0.293882482681553E+00  0.448832847453180E+00 
 0.296163372849095E+00  0.313126599100116E+00  0.452208141778316E+00 
 0.430111738638623E+00  0.276568755757821E-01  0.416287677308414E+00 
 0.427907943737876E+00  0.515344755225081E-01  0.405605325106840E+00 
 0.421906635519092E+00  0.880670278044935E-01  0.409428561672143E+00 
 0.410705057005992E+00  0.130699528044516E+00  0.412915451648691E+00 
 0.401285646655528E+00  0.157260421815568E+00  0.415359397453430E+00 
 0.387890393575141E+00  0.187888405851665E+00  0.421051766536140E+00 
 0.370381501022426E+00  0.220405431379840E+00  0.431205385289690E+00 
 0.358137186259526E+00  0.239789003708401E+00  0.420631541580058E+00 
 0.343244535138786E+00  0.260661081826027E+00  0.233344127960428E-01 
 0.331927593725831E+00  0.274927414065486E+00  0.451514071286701E-01 
 0.319429836164564E+00  0.289353745870405E+00  0.655379349903742E-01 
 0.306151375676247E+00  0.303368333306061E+00  0.845655749015921E-01 
 0.295620859129835E+00  0.313638833897678E+00  0.102991551833709E+00 
 0.338512691098492E+00  0.266777376189610E+00  0.423760364195570E+00 
 0.319634240383798E+00  0.289127935100757E+00  0.420618420414042E+00 
 0.300355625201438E+00  0.309107600830535E+00  0.420201604158917E+00 
 0.430265831673410E+00  0.251460648162357E-01  0.383217613369526E+00 
 0.427507294633544E+00  0.547587757027690E-01  0.378262767862546E+00 
 0.423237783942189E+00  0.814296550714950E-01  0.374080493034842E+00 
 0.416344134844896E+00  0.111438646176317E+00  0.380733425573513E+00 
 0.402941757636151E+00  0.152967154756977E+00  0.384855423058919E+00 
 0.388595405006389E+00  0.186425914747060E+00  0.389391550051391E+00 
 0.373251333119750E+00  0.215509751068690E+00  0.399080710929145E+00 
 0.355347871584999E+00  0.243903465824840E+00  0.394946909916927E+00 
 0.340696661402595E+00  0.263982566451805E+00  0.394323403805293E+00 
 0.322918302259521E+00  0.285455391518857E+00  0.390511057419807E+00 
 0.302911408026807E+00  0.306603472531825E+00  0.390716899037317E+00 
 0.346478713039202E+00  0.256346468460276E+00  0.367637058631520E+00 
 0.329310324220363E+00  0.278057046023355E+00  0.357736078065016E+00 
 0.306610601192335E+00  0.302904192308114E+00  0.361538134887528E+00 
 0.430005507475860E+00  0.292621602377888E-01  0.350831185348738E+00 
 0.426804331640775E+00  0.599922742861911E-01  0.348430564452878E+00 
 0.421240111405748E+00  0.912018586665344E-01  0.350246810216948E+00 
 0.413195890400390E+00  0.122597580064143E+00  0.351357598846334E+00 
 0.402974630892658E+00  0.152880532895071E+00  0.346122120912488E+00 
 0.391092276536596E+00  0.181129350782197E+00  0.342364647519559E+00 
 0.377425269075248E+00  0.208113374737992E+00  0.342418149615902E+00 
 0.361723082171545E+00  0.234344665622403E+00  0.340688824716582E+00 
 0.344156018408890E+00  0.259456442344946E+00  0.336242045687098E+00 
 0.324883385301735E+00  0.283216871736553E+00  0.331191989976466E+00 
 0.303527195950115E+00  0.305993875428932E+00  0.327842689488508E+00 
 0.402490595321404E+00  0.154150352445842E+00  0.281392052045982E+00 
 0.387349228418187E+00  0.189001549531196E+00  0.285928397196496E+00 
 0.370243357082925E+00  0.220637410738354E+00  0.292185765312249E+00 
 0.429845123078752E+00  0.315306302944695E-01  0.288914334318862E+00 
 0.426789044453926E+00  0.601009319017865E-01  0.283126318162908E+00 
 0.420481753865460E+00  0.946367008490006E-01  0.295436534900293E+00 
 0.429812831798850E+00  0.319677978973797E-01  0.320070912063218E+00 
 0.425677088507187E+00  0.675279705115081E-01  0.316859170351135E+00 
 0.325163232996638E+00  0.282895532641520E+00  0.220304302820122E-01 
 0.313641517175015E+00  0.295618012281914E+00  0.426588165256586E-01 
 0.299923653340934E+00  0.309526755948470E+00  0.619550223160341E-01 
 0.418959298965679E+00  0.101163809198462E+00  0.326625282530394E+00 
 0.411525630254794E+00  0.128092412440197E+00  0.320384560513721E+00 
 0.399963785504652E+00  0.160592592500850E+00  0.312775436493572E+00 
 0.386550260708380E+00  0.190630287277867E+00  0.319122344735494E+00 
 0.373772233625644E+00  0.214605050853553E+00  0.316268143633684E+00 
 0.358378877569153E+00  0.239427631224201E+00  0.312689319139756E+00 
 0.341411791709756E+00  0.263057026066384E+00  0.307179541144253E+00 
 0.322453753414812E+00  0.285980047188706E+00  0.301930731923410E+00 
 0.302111241762239E+00  0.307391945376313E+00  0.296466635018464E+00 
 0.339724872871376E+00  0.265232013968682E+00  0.277854029046184E+00 
 0.320916045835009E+00  0.287704539427131E+00  0.272442862396049E+00 
 0.301209965580926E+00  0.308275148391975E+00  0.266652317097621E+00 
 0.398906305838322E+00  0.163201622675080E+00  0.225292271636280E+00 
 0.388199187502887E+00  0.187249569568148E+00  0.223858502064045E+00 
 0.374283957744425E+00  0.213711322714845E+00  0.227847473484482E+00 
 0.429531337069505E+00  0.355505408768716E-01  0.227164243753527E+00 
 0.425726924168254E+00  0.672130680715905E-01  0.224596742648241E+00 
 0.419067155159539E+00  0.100716085844553E+00  0.237880017272693E+00 
 0.429682612169339E+00  0.336728864323753E-01  0.258198963924257E+00 
 0.425071419362936E+00  0.712411322350912E-01  0.256535010750898E+00 
 0.418018869316256E+00  0.104982071692814E+00  0.268718979757198E+00 
 0.410575301326317E+00  0.131106568951209E+00  0.261106446836263E+00 
 0.400197932768962E+00  0.160008203192228E+00  0.254812546678758E+00 
 0.387666874149885E+00  0.188349157598901E+00  0.248992554189199E+00 
 0.372723751607002E+00  0.216420921976968E+00  0.264325155228125E+00 
 0.356579754265951E+00  0.242098924675414E+00  0.253945423771448E+00 
 0.338403208480424E+00  0.266916239617432E+00  0.248514783902906E+00 
 0.306929523807681E+00  0.302581026993673E+00  0.207863856623711E-01 
 0.296321251539903E+00  0.312977197839047E+00  0.397801348371707E-01 
 0.319386728440690E+00  0.289401327186501E+00  0.243556804221609E+00 
 0.300259663161871E+00  0.309200816880027E+00  0.237707180606990E+00 
 0.335878079650522E+00  0.270086886189673E+00  0.220242324649762E+00 
 0.317131754484068E+00  0.291870623357699E+00  0.215699090212522E+00 
 0.299223210601423E+00  0.310203934080039E+00  0.208533710756652E+00 
 0.429631595540471E+00  0.343176717552883E-01  0.159273653298240E+00 
 0.425063854317686E+00  0.712862555753330E-01  0.174060238737468E+00 
 0.416274267899291E+00  0.111699348101341E+00  0.182883285873256E+00 
 0.428872502487785E+00  0.427713349244685E-01  0.194533313693504E+00 
 0.422537654619378E+00  0.849878868434396E-01  0.203918165764503E+00 
 0.415873962317835E+00  0.113180642989068E+00  0.213005738498892E+00 
 0.408573683293538E+00  0.137217184788590E+00  0.206003845854432E+00 
 0.400841100733110E+00  0.158390095790186E+00  0.201353005941544E+00 
 0.389897420812095E+00  0.183687266094942E+00  0.194776568808785E+00 
 0.370726744371519E+00  0.219824228621537E+00  0.194360786863274E+00 
 0.349894131190433E+00  0.251664672609902E+00  0.188879430500527E+00 
 0.330782802555711E+00  0.276303724214396E+00  0.196556940224796E+00 
 0.315633371057224E+00  0.293490350022634E+00  0.187437136661363E+00 
 0.298125980354773E+00  0.311258590755118E+00  0.176336279796518E+00 
 0.476120757008515E+00  0.000000000000000E+00  0.971294867097442E+00 
 0.453337258363268E+00  0.000000000000000E+00  0.960889886933058E+00 
 0.476316630425695E+00  0.000000000000000E+00  0.941888194730337E+00 
 0.453488622200781E+00  0.000000000000000E+00  0.931121292028667E+00 
 0.476396230676056E+00  0.000000000000000E+00  0.912999838719958E+00 
 0.453415752407617E+00  0.000000000000000E+00  0.901787687914877E+00 
 0.476446086255706E+00  0.000000000000000E+00  0.883494513710818E+00 
 0.453472926236036E+00  0.000000000000000E+00  0.871735525277541E+00 
 0.476551675580369E+00  0.000000000000000E+00  0.853187374259044E+00 
 0.453608700167271E+00  0.000000000000000E+00  0.841665262938194E+00 
 0.476644845894474E+00  0.000000000000000E+00  0.822234652092621E+00 
 0.453690974073218E+00  0.000000000000000E+00  0.811662734096138E+00 
 0.476767742366248E+00  0.000000000000000E+00  0.790486233469029E+00 
 0.453750963198466E+00  0.000000000000000E+00  0.781648312909216E+00 
 0.476635317889616E+00  0.000000000000000E+00  0.757924788669462E+00 
 0.453590869803753E+00  0.000000000000000E+00  0.750944635029324E+00 
 0.476469029002934E+00  0.000000000000000E+00  0.725845407272525E+00 
 0.453460070127508E+00  0.000000000000000E+00  0.719886552711890E+00 
 0.476394950895853E+00  0.000000000000000E+00  0.694653188643298E+00 
 0.453403062495364E+00  0.000000000000000E+00  0.689034756606054E+00 
 0.476364762180571E+00  0.000000000000000E+00  0.663980804879090E+00 
 0.453369089141847E+00  0.000000000000000E+00  0.658398180205329E+00 
 0.476371950684924E+00  0.000000000000000E+00  0.633651425567561E+00 
 0.453398711388362E+00  0.000000000000000E+00  0.628214882441528E+00 
 0.476374137758574E+00  0.000000000000000E+00  0.603492358711563E+00 
 0.453389617141948E+00  0.000000000000000E+00  0.598147920575273E+00 
 0.476371278698325E+00  0.000000000000000E+00  0.573333365550474E+00 
 0.453389570111908E+00  0.000000000000000E+00  0.568006083894223E+00 
 0.476365468095479E+00  0.000000000000000E+00  0.543068612100922E+00 
 0.454343236344185E+00  0.000000000000000E+00  0.279177981023357E-01 
 0.476930058656172E+00  0.000000000000000E+00  0.356683122854056E-01 
 0.453381118716930E+00  0.000000000000000E+00  0.537636588077717E+00 
 0.476349560355035E+00  0.000000000000000E+00  0.512614071000648E+00 
 0.453362775568836E+00  0.000000000000000E+00  0.506909107967916E+00 
 0.476330573616980E+00  0.000000000000000E+00  0.481995963402179E+00 
 0.453340985218549E+00  0.000000000000000E+00  0.475842684403084E+00 
 0.476306779241548E+00  0.000000000000000E+00  0.451335934753757E+00 
 0.453309493094195E+00  0.000000000000000E+00  0.444582337234395E+00 
 0.453661110478376E+00  0.000000000000000E+00  0.573288527184252E-01 
 0.476563681307101E+00  0.000000000000000E+00  0.658018298544941E-01 
 0.476294993655372E+00  0.000000000000000E+00  0.420917806514761E+00 
 0.453266087476211E+00  0.000000000000000E+00  0.413497671889878E+00 
 0.476412927424846E+00  0.000000000000000E+00  0.391247553784324E+00 
 0.453514602341559E+00  0.000000000000000E+00  0.384469052451517E+00 
 0.476460193285351E+00  0.000000000000000E+00  0.362182202018132E+00 
 0.453507790804260E+00  0.000000000000000E+00  0.356464620314025E+00 
 0.476388770912352E+00  0.000000000000000E+00  0.333157602197699E+00 
 0.453385680491064E+00  0.000000000000000E+00  0.327747618859211E+00 
 0.476313659813542E+00  0.000000000000000E+00  0.303997892115253E+00 
 0.453320085792019E+00  0.000000000000000E+00  0.298335120086619E+00 
 0.476254648315998E+00  0.000000000000000E+00  0.274831162967069E+00 
 0.453303841326988E+00  0.000000000000000E+00  0.268533495651230E+00 
 0.476340617036305E+00  0.000000000000000E+00  0.245526805633364E+00 
 0.453328775109181E+00  0.000000000000000E+00  0.238427124828891E+00 
 0.476277465428900E+00  0.000000000000000E+00  0.215645662696283E+00 
 0.453277012892031E+00  0.000000000000000E+00  0.208102130641582E+00 
 0.453518293677458E+00  0.000000000000000E+00  0.876729056868474E-01 
 0.476550008953716E+00  0.000000000000000E+00  0.966618878026648E-01 
 0.476198898437463E+00  0.000000000000000E+00  0.186397147097497E+00 
 0.453282374366210E+00  0.000000000000000E+00  0.178019021426720E+00 
 0.476337460161440E+00  0.000000000000000E+00  0.157572705712430E+00 
 0.453426465977728E+00  0.000000000000000E+00  0.148193934378195E+00 
 0.476531500886763E+00  0.000000000000000E+00  0.127684104835386E+00 
 0.453553675924237E+00  0.000000000000000E+00  0.118237934865145E+00 
