 0.500000000000000E+00 -0.462592926927149E-17  0.000000000000000E+00 
 0.307163338760184E+00  0.394525896896131E+00  0.000000000000000E+00 
 0.321515313543888E+00  0.382920230801110E+00  0.000000000000000E+00 
 0.338764464650520E+00  0.367748062523851E+00  0.000000000000000E+00 
 0.358000635230727E+00  0.349049488145156E+00  0.000000000000000E+00 
 0.378107806924620E+00  0.327161254342036E+00  0.000000000000000E+00 
 0.398305941405404E+00  0.302245557520958E+00  0.000000000000000E+00 
 0.416687451365331E+00  0.276354062526074E+00  0.000000000000000E+00 
 0.431391364284881E+00  0.252787441975328E+00  0.000000000000000E+00 
 0.444699780246120E+00  0.228565319873888E+00  0.000000000000000E+00 
 0.458951384313294E+00  0.198402688582869E+00  0.000000000000000E+00 
 0.471052871550739E+00  0.167657961945749E+00  0.000000000000000E+00 
 0.480753796675570E+00  0.137389180731323E+00  0.000000000000000E+00 
 0.488056432455293E+00  0.108632033668767E+00  0.000000000000000E+00 
 0.492804250466858E+00  0.845220132379623E-01  0.000000000000000E+00 
 0.496200005355965E+00  0.615268614894399E-01  0.000000000000000E+00 
 0.498612242824213E+00  0.372267552414595E-01  0.000000000000000E+00 
 0.499737008861004E+00  0.162148689374186E-01  0.000000000000000E+00 
 0.293000012729317E+00  0.405155516487953E+00  0.000000000000000E+00 
 0.293000012729317E+00  0.342945496329482E+00  0.000000000000000E+00 
 0.293000012729317E+00  0.357367369718843E+00  0.000000000000000E+00 
 0.293000012729317E+00  0.374699888623784E+00  0.000000000000000E+00 
 0.293000012729317E+00  0.391213482637314E+00  0.000000000000000E+00 
 0.293000012729317E+00  0.332264960263334E+00  0.000000000000000E+00 
 0.441596507917475E+00  0.352354292334199E-01  0.000000000000000E+00 
 0.437747398343007E+00  0.680163695157634E-01  0.000000000000000E+00 
 0.431644812906103E+00  0.996582498814298E-01  0.000000000000000E+00 
 0.423253851085690E+00  0.130786806747870E+00  0.000000000000000E+00 
 0.412485041702553E+00  0.161570732652347E+00  0.000000000000000E+00 
 0.398781361639631E+00  0.192931171372118E+00  0.000000000000000E+00 
 0.382222121934906E+00  0.223953702317588E+00  0.000000000000000E+00 
 0.364194825718425E+00  0.252212490170690E+00  0.000000000000000E+00 
 0.346281626888975E+00  0.276293405924384E+00  0.000000000000000E+00 
 0.329113056292056E+00  0.296536013759331E+00  0.000000000000000E+00 
 0.313950564400849E+00  0.312544483858796E+00  0.000000000000000E+00 
 0.301715711109586E+00  0.324371146910158E+00  0.000000000000000E+00 
 0.443000012729326E+00  0.462592926927149E-17  0.000000000000000E+00 
 0.482692344273823E+00  0.000000000000000E+00  0.000000000000000E+00 
 0.462265683836101E+00  0.000000000000000E+00  0.000000000000000E+00 
 0.460110513692627E+00  0.279142455399025E-01  0.000000000000000E+00 
 0.316295614973787E+00  0.361333032720797E+00  0.000000000000000E+00 
 0.314435348351787E+00  0.338671464190709E+00  0.000000000000000E+00 
 0.335970568898651E+00  0.343543966599973E+00  0.000000000000000E+00 
 0.333481004041913E+00  0.319152251964272E+00  0.000000000000000E+00 
 0.355248119205182E+00  0.323453789413357E+00  0.000000000000000E+00 
 0.351392918127129E+00  0.299003468242012E+00  0.000000000000000E+00 
 0.374463796952434E+00  0.300853392140633E+00  0.000000000000000E+00 
 0.369766907721638E+00  0.275789505435046E+00  0.000000000000000E+00 
 0.393581646397184E+00  0.275265863617298E+00  0.000000000000000E+00 
 0.388828205486645E+00  0.248297194239235E+00  0.000000000000000E+00 
 0.414679524771286E+00  0.242723192771394E+00  0.000000000000000E+00 
 0.407170131048614E+00  0.216820037698686E+00  0.000000000000000E+00 
 0.433151261220237E+00  0.207395034163360E+00  0.000000000000000E+00 
 0.477630082854788E+00  0.477362132440276E-01  0.000000000000000E+00 
 0.457509156423481E+00  0.582733267740762E-01  0.000000000000000E+00 
 0.422585615332492E+00  0.184653679958648E+00  0.000000000000000E+00 
 0.446701356257753E+00  0.176211246042833E+00  0.000000000000000E+00 
 0.434848787911236E+00  0.153554685588460E+00  0.000000000000000E+00 
 0.457639420147321E+00  0.145410633377287E+00  0.000000000000000E+00 
 0.444587214545970E+00  0.122563328262504E+00  0.000000000000000E+00 
 0.466326347767292E+00  0.114615765292576E+00  0.000000000000000E+00 
 0.452410345031774E+00  0.905506598406104E-01  0.000000000000000E+00 
 0.473973904869216E+00  0.802735538211325E-01  0.000000000000000E+00 
 0.479717665607193E+00  0.221765145642021E-01  0.000000000000000E+00 
 0.293000012729317E+00  0.405155516487953E+00  0.100000000000000E+01 
 0.499467695192518E+00  0.230655903690726E-01  0.100000000000000E+01 
 0.497070528734256E+00  0.540452538512563E-01  0.100000000000000E+01 
 0.492599849231234E+00  0.857052421813619E-01  0.100000000000000E+01 
 0.485416745343183E+00  0.119877367924189E+00  0.100000000000000E+01 
 0.475909442767974E+00  0.153330369738927E+00  0.100000000000000E+01 
 0.467146870221747E+00  0.178252073317610E+00  0.100000000000000E+01 
 0.456481738470878E+00  0.204020642197316E+00  0.100000000000000E+01 
 0.440554719103903E+00  0.236456210481520E+00  0.100000000000000E+01 
 0.422286602376417E+00  0.267720050525511E+00  0.100000000000000E+01 
 0.405288920323448E+00  0.292815455642378E+00  0.100000000000000E+01 
 0.388516757206225E+00  0.314729613112524E+00  0.100000000000000E+01 
 0.373859492023747E+00  0.332007650851220E+00  0.100000000000000E+01 
 0.358548310558375E+00  0.348486884969485E+00  0.100000000000000E+01 
 0.341157696175736E+00  0.365528967853526E+00  0.100000000000000E+01 
 0.324248898967601E+00  0.380608265173391E+00  0.100000000000000E+01 
 0.308276103744586E+00  0.393657012969485E+00  0.100000000000000E+01 
 0.500000000000000E+00 -0.462592926927149E-17  0.100000000000000E+01 
 0.460580806570887E+00  0.000000000000000E+00  0.100000000000000E+01 
 0.481800538892417E+00  0.000000000000000E+00  0.100000000000000E+01 
 0.443000012729326E+00  0.462592926927149E-17  0.100000000000000E+01 
 0.308684959128839E+00  0.317746136539535E+00  0.100000000000000E+01 
 0.327194152174462E+00  0.298651968118422E+00  0.100000000000000E+01 
 0.345481430524908E+00  0.277293332845627E+00  0.100000000000000E+01 
 0.363600742141746E+00  0.253068195536591E+00  0.100000000000000E+01 
 0.383868480987848E+00  0.221119878306449E+00  0.100000000000000E+01 
 0.399809669258934E+00  0.190791089008992E+00  0.100000000000000E+01 
 0.411500338244988E+00  0.164062435988356E+00  0.100000000000000E+01 
 0.422722801158378E+00  0.132493187217254E+00  0.100000000000000E+01 
 0.431239441110911E+00  0.101398006432685E+00  0.100000000000000E+01 
 0.437040826029568E+00  0.724177302983773E-01  0.100000000000000E+01 
 0.440783872198692E+00  0.442559520031056E-01  0.100000000000000E+01 
 0.442589844222960E+00  0.190588842503016E-01  0.100000000000000E+01 
 0.293000012729317E+00  0.332264960263334E+00  0.100000000000000E+01 
 0.293000012729317E+00  0.391477984407388E+00  0.100000000000000E+01 
 0.293000012729317E+00  0.373209479580267E+00  0.100000000000000E+01 
 0.293000012729317E+00  0.351731461967841E+00  0.100000000000000E+01 
 0.313459828840512E+00  0.338538498253560E+00  0.100000000000000E+01 
 0.461027744900301E+00  0.276743237521701E-01  0.100000000000000E+01 
 0.478926393114444E+00  0.398843010699712E-01  0.100000000000000E+01 
 0.457840617877720E+00  0.572101149845425E-01  0.100000000000000E+01 
 0.475035899536509E+00  0.711997528067726E-01  0.100000000000000E+01 
 0.452970600935767E+00  0.873497134921394E-01  0.100000000000000E+01 
 0.469121459380384E+00  0.103132008343408E+00  0.100000000000000E+01 
 0.445766925260727E+00  0.118561932054316E+00  0.100000000000000E+01 
 0.460634719723426E+00  0.136067195744811E+00  0.100000000000000E+01 
 0.435787076534566E+00  0.151559035590851E+00  0.100000000000000E+01 
 0.448496433807606E+00  0.172743666353551E+00  0.100000000000000E+01 
 0.423101396172492E+00  0.184387998850979E+00  0.100000000000000E+01 
 0.432177485057963E+00  0.209788517463035E+00  0.100000000000000E+01 
 0.407724777864574E+00  0.215629235970654E+00  0.100000000000000E+01 
 0.415265776072244E+00  0.241124829525395E+00  0.100000000000000E+01 
 0.314261026023063E+00  0.362984475317144E+00  0.100000000000000E+01 
 0.389998042376588E+00  0.245808851306394E+00  0.100000000000000E+01 
 0.397389252953429E+00  0.269400677012765E+00  0.100000000000000E+01 
 0.371495505024692E+00  0.273323720386857E+00  0.100000000000000E+01 
 0.379360871729601E+00  0.294476373054131E+00  0.100000000000000E+01 
 0.352660506322819E+00  0.297746722525263E+00  0.100000000000000E+01 
 0.358888778637466E+00  0.320201511509197E+00  0.100000000000000E+01 
 0.332957821821813E+00  0.319693931548305E+00  0.100000000000000E+01 
 0.336474009976601E+00  0.342852901534846E+00  0.100000000000000E+01 
 0.500000000000000E+00 -0.138777878078145E-16  0.979436284871334E+00 
 0.500000000000000E+00 -0.138777878078145E-16  0.952393651010652E+00 
 0.500000000000000E+00 -0.138777878078145E-16  0.925415007229581E+00 
 0.500000000000000E+00 -0.138777878078145E-16  0.896843318901391E+00 
 0.500000000000000E+00 -0.138777878078145E-16  0.866674068525093E+00 
 0.500000000000000E+00 -0.138777878078145E-16  0.835103980118147E+00 
 0.500000000000000E+00 -0.138777878078145E-16  0.802646578325243E+00 
 0.500000000000000E+00 -0.138777878078145E-16  0.766611540323123E+00 
 0.500000000000000E+00 -0.138777878078145E-16  0.732336751826150E+00 
 0.500000000000000E+00 -0.138777878078145E-16  0.700558160318271E+00 
 0.500000000000000E+00 -0.138777878078145E-16  0.669533243724043E+00 
 0.500000000000000E+00 -0.138777878078145E-16  0.638894521869461E+00 
 0.500000000000000E+00 -0.138777878078145E-16  0.608470263251076E+00 
 0.500000000000000E+00 -0.138777878078145E-16  0.578142320126671E+00 
 0.500000000000000E+00 -0.138777878078145E-16  0.547806248822419E+00 
 0.500000000000000E+00 -0.138777878078145E-16  0.517409772872499E+00 
 0.500000000000000E+00 -0.138777878078145E-16  0.486951261336966E+00 
 0.500000000000000E+00 -0.138777878078145E-16  0.456519357486087E+00 
 0.500000000000000E+00 -0.138777878078145E-16  0.426289089935279E+00 
 0.500000000000000E+00 -0.138777878078145E-16  0.396546104052135E+00 
 0.500000000000000E+00 -0.138777878078145E-16  0.367295897508329E+00 
 0.500000000000000E+00 -0.138777878078145E-16  0.338315812934928E+00 
 0.500000000000000E+00 -0.138777878078145E-16  0.309470282207820E+00 
 0.500000000000000E+00 -0.138777878078145E-16  0.280940476811377E+00 
 0.500000000000000E+00 -0.138777878078145E-16  0.253822335735122E+00 
 0.500000000000000E+00 -0.138777878078145E-16  0.223536960078636E+00 
 0.500000000000000E+00 -0.138777878078145E-16  0.194490465292481E+00 
 0.500000000000000E+00 -0.138777878078145E-16  0.168562793071845E+00 
 0.500000000000000E+00 -0.138777878078145E-16  0.140080024683731E+00 
 0.500000000000000E+00 -0.138777878078145E-16  0.107739534417082E+00 
 0.500000000000000E+00 -0.138777878078145E-16  0.749618305134134E-01 
 0.500000000000000E+00 -0.138777878078145E-16  0.447810508838745E-01 
 0.500000000000000E+00 -0.138777878078145E-16  0.188163619926788E-01 
 0.293000012729317E+00  0.405155516487953E+00  0.241087642530792E-01 
 0.293000012729317E+00  0.405155516487953E+00  0.566966982691804E-01 
 0.293000012729317E+00  0.405155516487953E+00  0.813264984962378E-01 
 0.293000012729317E+00  0.405155516487953E+00  0.113017108811398E+00 
 0.293000012729317E+00  0.405155516487953E+00  0.145733648877974E+00 
 0.293000012729317E+00  0.405155516487953E+00  0.176722342671125E+00 
 0.293000012729317E+00  0.405155516487953E+00  0.212929849690669E+00 
 0.293000012729317E+00  0.405155516487953E+00  0.251684126716402E+00 
 0.293000012729317E+00  0.405155516487953E+00  0.284340070014547E+00 
 0.293000012729317E+00  0.405155516487953E+00  0.311773628495088E+00 
 0.293000012729317E+00  0.405155516487953E+00  0.343638516749578E+00 
 0.293000012729317E+00  0.405155516487953E+00  0.376160393994200E+00 
 0.293000012729317E+00  0.405155516487953E+00  0.407527461662042E+00 
 0.293000012729317E+00  0.405155516487953E+00  0.436429325595829E+00 
 0.293000012729317E+00  0.405155516487953E+00  0.465662347757475E+00 
 0.293000012729317E+00  0.405155516487953E+00  0.496316322518514E+00 
 0.293000012729317E+00  0.405155516487953E+00  0.530820153058980E+00 
 0.293000012729317E+00  0.405155516487953E+00  0.559865352430081E+00 
 0.293000012729317E+00  0.405155516487953E+00  0.584004802273093E+00 
 0.293000012729317E+00  0.405155516487953E+00  0.611432148204695E+00 
 0.293000012729317E+00  0.405155516487953E+00  0.640397374024852E+00 
 0.293000012729317E+00  0.405155516487953E+00  0.669548595551011E+00 
 0.293000012729317E+00  0.405155516487953E+00  0.697836716481146E+00 
 0.293000012729317E+00  0.405155516487953E+00  0.724457042986827E+00 
 0.293000012729317E+00  0.405155516487953E+00  0.750875029598619E+00 
 0.293000012729317E+00  0.405155516487953E+00  0.777467368187755E+00 
 0.293000012729317E+00  0.405155516487953E+00  0.811247097789390E+00 
 0.293000012729317E+00  0.405155516487953E+00  0.846751471318656E+00 
 0.293000012729317E+00  0.405155516487953E+00  0.878760262251966E+00 
 0.293000012729317E+00  0.405155516487953E+00  0.912631316012816E+00 
 0.293000012729317E+00  0.405155516487953E+00  0.943686980453479E+00 
 0.293000012729317E+00  0.405155516487953E+00  0.966949436651092E+00 
 0.293000012729317E+00  0.405155516487953E+00  0.985971059080607E+00 
 0.450918241939748E+00  0.216038744409346E+00  0.897167501706303E+00 
 0.442336668017573E+00  0.233105710198424E+00  0.864088736695364E+00 
 0.424338477855604E+00  0.264455773639354E+00  0.894434321790937E+00 
 0.437292276107609E+00  0.242436517993116E+00  0.897172044062848E+00 
 0.429450139539478E+00  0.256071430756191E+00  0.874163704301071E+00 
 0.457585017309092E+00  0.201533996968845E+00  0.869311109388828E+00 
 0.463279949867326E+00  0.188073624017106E+00  0.898575520346272E+00 
 0.437168070983788E+00  0.242660416451290E+00  0.831471041192610E+00 
 0.451732340489009E+00  0.214331268265557E+00  0.836585899336070E+00 
 0.440966453385673E+00  0.235687477368784E+00  0.798139553920121E+00 
 0.444368947078774E+00  0.229207850808174E+00  0.240501164403193E+00 
 0.443657774799944E+00  0.230581393133883E+00  0.189946743995696E+00 
 0.442521238933911E+00  0.232755135480179E+00  0.158514246294049E+00 
 0.433832234986073E+00  0.248575123226338E+00  0.129677033617944E+00 
 0.312002209629985E+00  0.390710405781580E+00  0.174784801017108E-01 
 0.448671763010604E+00  0.220666375048300E+00  0.122617180223983E+00 
 0.431800508284030E+00  0.252087923244357E+00  0.984025061202944E-01 
 0.447339291636568E+00  0.223355228633882E+00  0.869947936599796E-01 
 0.422492446484613E+00  0.267395087208884E+00  0.738172891190576E-01 
 0.477095509811281E+00  0.149599045845598E+00  0.774609886900410E+00 
 0.374526272454189E+00  0.331255296171353E+00  0.227047973557985E+00 
 0.436243188125565E+00  0.244319219084465E+00  0.954997366188504E+00 
 0.426397115674795E+00  0.261123533493662E+00  0.922399187946474E+00 
 0.443864670892107E+00  0.230182870635158E+00  0.926737326137293E+00 
 0.457383713398933E+00  0.201990442143689E+00  0.926429805942210E+00 
 0.468358194606746E+00  0.175044570166313E+00  0.924102024745611E+00 
 0.482054891929060E+00  0.132751953534638E+00  0.807608698405863E+00 
 0.327336559345155E+00  0.377956051566946E+00  0.211016960470726E-01 
 0.312055884770104E+00  0.390667537402774E+00  0.388368223182217E-01 
 0.483179321335938E+00  0.128599157980691E+00  0.847007013653352E+00 
 0.478955587274709E+00  0.143532384562992E+00  0.876873878548711E+00 
 0.484653292459911E+00  0.122927564475051E+00  0.780346447025430E+00 
 0.489230863431080E+00  0.103214157296758E+00  0.828390777002911E+00 
 0.491365042966841E+00  0.925224002617461E-01  0.797330508734753E+00 
 0.324308245251745E+00  0.380557698728766E+00  0.763987738156125E+00 
 0.334587180101492E+00  0.371552713503390E+00  0.788270020935742E+00 
 0.341449407769491E+00  0.365256487873745E+00  0.764308631791570E+00 
 0.352575047995801E+00  0.354529033410183E+00  0.791169434467773E+00 
 0.359645448769581E+00  0.347354503611695E+00  0.764980981661626E+00 
 0.363793354807330E+00  0.343007864338456E+00  0.817741852936285E+00 
 0.372287831391157E+00  0.333769037806190E+00  0.792548778767195E+00 
 0.378458010116018E+00  0.326756078105709E+00  0.765054488163735E+00 
 0.372763082966781E+00  0.333238179050811E+00  0.841064662995776E+00 
 0.386236533420184E+00  0.317523763286401E+00  0.823820383110584E+00 
 0.391954447941788E+00  0.310437933794581E+00  0.792958256209284E+00 
 0.396781667020893E+00  0.304243831023936E+00  0.764085160732817E+00 
 0.386460502993611E+00  0.317251130220091E+00  0.857136549670231E+00 
 0.399581615929487E+00  0.300557036535796E+00  0.878543286432771E+00 
 0.403764158525855E+00  0.294914401631912E+00  0.849596420616461E+00 
 0.406864210702553E+00  0.290622631688223E+00  0.819439725848666E+00 
 0.409760415353591E+00  0.286524697031953E+00  0.789924973669389E+00 
 0.413763421296071E+00  0.280713076284968E+00  0.761944413204707E+00 
 0.411472426047832E+00  0.284060631912118E+00  0.900826922275296E+00 
 0.415520349276029E+00  0.278105806011897E+00  0.873550490380475E+00 
 0.345373793693448E+00  0.361547981089365E+00  0.231923603148892E-01 
 0.331575696990913E+00  0.374242644770729E+00  0.440282959009247E-01 
 0.317572023608806E+00  0.386196853717127E+00  0.632315585862247E-01 
 0.307668726583571E+00  0.394131900107621E+00  0.836122456250739E-01 
 0.423346654848771E+00  0.266040616877115E+00  0.845888210277440E+00 
 0.424138009370436E+00  0.264777168591410E+00  0.812560345051217E+00 
 0.424216330299199E+00  0.264651667494238E+00  0.784937393052940E+00 
 0.429733531560778E+00  0.255595563052847E+00  0.761358879944053E+00 
 0.473717429957654E+00  0.159974362178178E+00  0.900506662829223E+00 
 0.469255487138822E+00  0.172624702143426E+00  0.874242065937743E+00 
 0.465055616190932E+00  0.183638976933745E+00  0.844815865955037E+00 
 0.460472334045858E+00  0.194846682235957E+00  0.811122168008916E+00 
 0.452770676308817E+00  0.212129004793915E+00  0.783380087784502E+00 
 0.443960805297004E+00  0.229997398594061E+00  0.761621404966796E+00 
 0.462424590598957E+00  0.190167026609208E+00  0.782662376851676E+00 
 0.456546812563423E+00  0.203874981148199E+00  0.759288714275858E+00 
 0.474591529647406E+00  0.157362257186834E+00  0.853380605233452E+00 
 0.473652384457135E+00  0.160166846438551E+00  0.825460592282179E+00 
 0.471278380321105E+00  0.167023017102181E+00  0.794688388558914E+00 
 0.467848886784285E+00  0.176401301397426E+00  0.763139071026996E+00 
 0.337524454171997E+00  0.368886490449156E+00  0.215686670135468E+00 
 0.345367159768370E+00  0.361554318123196E+00  0.193812144086346E+00 
 0.359036905568453E+00  0.347983477251190E+00  0.214784566344936E+00 
 0.361122468328448E+00  0.345818684961309E+00  0.182350081397803E+00 
 0.381930758569475E+00  0.322690092284447E+00  0.204611087609570E+00 
 0.378925024517144E+00  0.326214386247268E+00  0.165317981881073E+00 
 0.407632827140365E+00  0.289543568807103E+00  0.229271768532646E+00 
 0.399559069812126E+00  0.300587008586314E+00  0.190272680399846E+00 
 0.397633563050466E+00  0.303129591983018E+00  0.161171381475483E+00 
 0.389434156168314E+00  0.313593746763983E+00  0.136392265445018E+00 
 0.428714696921748E+00  0.257300813530182E+00  0.236239528456893E+00 
 0.419328713718144E+00  0.272329634545135E+00  0.203561823558794E+00 
 0.413386245855295E+00  0.281268220276778E+00  0.171387132913135E+00 
 0.407844939406471E+00  0.289244715423692E+00  0.141831265627697E+00 
 0.401227037341504E+00  0.298356941441219E+00  0.114078341181526E+00 
 0.436531321052958E+00  0.243804031426389E+00  0.211576113758357E+00 
 0.430083333368588E+00  0.255006522188285E+00  0.180619282524373E+00 
 0.424563060201180E+00  0.264095073624272E+00  0.150560149068807E+00 
 0.364936235701434E+00  0.341791667353181E+00  0.250958729796857E-01 
 0.351063387475542E+00  0.356025979352908E+00  0.477982799164877E-01 
 0.337323606702014E+00  0.369070161841275E+00  0.685466357661310E-01 
 0.325050775541774E+00  0.379923667754052E+00  0.881570656559054E-01 
 0.313806619977156E+00  0.389262643029758E+00  0.106407210563518E+00 
 0.418901928990484E+00  0.272985666085330E+00  0.120880601860847E+00 
 0.412913203333480E+00  0.281962207596842E+00  0.931456745018119E-01 
 0.497219128301107E+00  0.526605967634892E-01  0.233394270181544E+00 
 0.494099438191221E+00  0.765881529945734E-01  0.242505300721589E+00 
 0.493985760376908E+00  0.773179703875397E-01  0.213837042200320E+00 
 0.489265646289459E+00  0.103049150219485E+00  0.222547668249928E+00 
 0.489583555595761E+00  0.101528035981261E+00  0.192893489150723E+00 
 0.484261597147613E+00  0.124461662884773E+00  0.170451649991176E+00 
 0.482754326585362E+00  0.130185483688135E+00  0.228791435584948E+00 
 0.483292104637590E+00  0.128174652700794E+00  0.198852956485909E+00 
 0.476479803243952E+00  0.151548662483721E+00  0.175319673565191E+00 
 0.478171379749890E+00  0.146123685924241E+00  0.147606693360152E+00 
 0.474478764743137E+00  0.157701939771921E+00  0.233302815801393E+00 
 0.475224991105292E+00  0.155438759094940E+00  0.203979852024888E+00 
 0.465046542145837E+00  0.183661954792495E+00  0.238164215962929E+00 
 0.465304084590046E+00  0.183008493966317E+00  0.209159060820428E+00 
 0.466840389205026E+00  0.179053207195236E+00  0.179984043732638E+00 
 0.469019737074175E+00  0.173264209330351E+00  0.152188537080358E+00 
 0.471320255861729E+00  0.166904812436412E+00  0.124639824075748E+00 
 0.455917612984439E+00  0.205278177531299E+00  0.245544812428861E+00 
 0.452829194715339E+00  0.212004057540080E+00  0.216470281646114E+00 
 0.455409502909868E+00  0.206402966692311E+00  0.184734109718295E+00 
 0.457502507400699E+00  0.201721232700162E+00  0.155327668033024E+00 
 0.461821506712322E+00  0.191626970799940E+00  0.130693231441751E+00 
 0.461690619726616E+00  0.191942104959941E+00  0.101303416022351E+00 
 0.457535375835890E+00  0.201646670834683E+00  0.736274318384229E-01 
 0.435684841845362E+00  0.245313510810517E+00  0.652576502752821E-01 
 0.448909622779688E+00  0.220182085047349E+00  0.550804694343691E-01 
 0.306756593447827E+00  0.394842237325599E+00  0.979604113891506E+00 
 0.306572903194625E+00  0.394984879491379E+00  0.957031288644724E+00 
 0.318594889475550E+00  0.385353469427826E+00  0.971740950920566E+00 
 0.308041040003013E+00  0.393840980185991E+00  0.931546870097578E+00 
 0.321674734922467E+00  0.382786317561849E+00  0.950442121541470E+00 
 0.333383929232327E+00  0.372632735719253E+00  0.973106687480699E+00 
 0.309744802645988E+00  0.392502429589675E+00  0.899322192180719E+00 
 0.324651433748761E+00  0.380264968889949E+00  0.924984064647265E+00 
 0.338194164273757E+00  0.368272599104489E+00  0.947106602017415E+00 
 0.351446172016744E+00  0.355648124098493E+00  0.971903418446649E+00 
 0.366541987858825E+00  0.340069068185421E+00  0.981912156416712E+00 
 0.306665367889602E+00  0.394913094410827E+00  0.865730171600393E+00 
 0.320033779634092E+00  0.384159315770316E+00  0.879275883782665E+00 
 0.329450683633470E+00  0.376114672744150E+00  0.899461993052333E+00 
 0.342303248595867E+00  0.364456425379930E+00  0.920907830788262E+00 
 0.355586589156680E+00  0.351508431779265E+00  0.942107413978595E+00 
 0.368943419131683E+00  0.337462225262952E+00  0.960284258091739E+00 
 0.380737704277652E+00  0.324096899925598E+00  0.978874158273506E+00 
 0.308166991493577E+00  0.393742435297235E+00  0.837181940116851E+00 
 0.322022118634824E+00  0.382494124281588E+00  0.855738660680397E+00 
 0.335014825643885E+00  0.371167167996844E+00  0.874586579092890E+00 
 0.347146158807620E+00  0.359846556778184E+00  0.895279278251354E+00 
 0.360191523600015E+00  0.346788215380367E+00  0.916000796685079E+00 
 0.373378524832847E+00  0.332548458414179E+00  0.935957486355084E+00 
 0.385240859950135E+00  0.318731046220603E+00  0.273376086143972E-01 
 0.370906121084347E+00  0.335303816474200E+00  0.515687526101956E-01 
 0.356925652565178E+00  0.350148652062123E+00  0.737830161504386E-01 
 0.343601262053334E+00  0.363232945525810E+00  0.945252104277234E-01 
 0.330829905927069E+00  0.374902085009255E+00  0.113920158425407E+00 
 0.317481623412504E+00  0.386271172617581E+00  0.131511108582061E+00 
 0.307555617869096E+00  0.394220169343425E+00  0.151251730669716E+00 
 0.385884368125856E+00  0.317951654243391E+00  0.955878956054864E+00 
 0.396482219753090E+00  0.304633959728168E+00  0.977256526525020E+00 
 0.304259611785139E+00  0.396769566167009E+00  0.790569083077856E+00 
 0.311295280869535E+00  0.391273878643026E+00  0.811182346898794E+00 
 0.324732925237040E+00  0.380195380386184E+00  0.830109107581755E+00 
 0.338701941779438E+00  0.367805647910466E+00  0.848483211586744E+00 
 0.351852459612366E+00  0.355246177551185E+00  0.869549510752339E+00 
 0.364887698824354E+00  0.341843483551563E+00  0.890322439505063E+00 
 0.378078263959541E+00  0.327195394712914E+00  0.910693394445337E+00 
 0.390950447326691E+00  0.311701375895360E+00  0.931376457893605E+00 
 0.402732684970865E+00  0.296321420852692E+00  0.953058673948268E+00 
 0.412562034316988E+00  0.282475782750005E+00  0.976188596600339E+00 
 0.307508361820240E+00  0.394257032163832E+00  0.764259048173837E+00 
 0.318149635106492E+00  0.385721155346199E+00  0.787462169095978E+00 
 0.326189543959616E+00  0.378946409682712E+00  0.807299123798392E+00 
 0.342796544047318E+00  0.363992485347177E+00  0.818048615511332E+00 
 0.356209651056968E+00  0.350877021894955E+00  0.843351253281208E+00 
 0.369192462795770E+00  0.337189746900456E+00  0.864820026867983E+00 
 0.382567693173541E+00  0.321934714095693E+00  0.884586000907917E+00 
 0.395433100385920E+00  0.305994547531781E+00  0.905650653079799E+00 
 0.408228198978564E+00  0.288703546148498E+00  0.927469293129997E+00 
 0.419479719379212E+00  0.272096977251747E+00  0.951050265764843E+00 
 0.426924281156193E+00  0.260260750324109E+00  0.975867244629087E+00 
 0.498763494948466E+00  0.351422268331369E-01  0.978888429659662E+00 
 0.499569954822597E+00  0.207330711316197E-01  0.960833244966195E+00 
 0.495921139928507E+00  0.637355706965160E-01  0.975175749955189E+00 
 0.498034789871891E+00  0.442871096060777E-01  0.954495409340519E+00 
 0.499454519157173E+00  0.233491604447980E-01  0.937783654262371E+00 
 0.491451793033378E+00  0.920604970890254E-01  0.970550183963574E+00 
 0.494983955001804E+00  0.706461909148104E-01  0.947748633735653E+00 
 0.497568845244777E+00  0.492467688460753E-01  0.927785441965658E+00 
 0.499329926459775E+00  0.258771045844783E-01  0.910839274929651E+00 
 0.480260823709691E+00  0.139102628334943E+00  0.977782633145644E+00 
 0.485917781713377E+00  0.117830002184295E+00  0.962041670115020E+00 
 0.490444025276796E+00  0.972864742412523E-01  0.940387302426684E+00 
 0.494115880829247E+00  0.764819999237594E-01  0.918909074651615E+00 
 0.497076224534234E+00  0.539928421440442E-01  0.898947232747635E+00 
 0.499170775953441E+00  0.287843088164325E-01  0.881230422747042E+00 
 0.462711665551087E+00  0.189467449877120E+00  0.976912416476439E+00 
 0.472243690729442E+00  0.164273846263596E+00  0.972162305342376E+00 
 0.479402920464139E+00  0.142031122823326E+00  0.952623990518861E+00 
 0.484541128958262E+00  0.123368935911165E+00  0.932614744203630E+00 
 0.489016024135361E+00  0.104227290758441E+00  0.910811197786727E+00 
 0.492981303590091E+00  0.834831378819367E-01  0.888989760512548E+00 
 0.496365546698805E+00  0.601767733465037E-01  0.868044530413683E+00 
 0.498897116493788E+00  0.331913716827586E-01  0.848934810374367E+00 
 0.481738101202694E+00  0.133896982227469E+00  0.757189210480806E+00 
 0.488395693507299E+00  0.107096435811492E+00  0.760118489720599E+00 
 0.495018999763024E+00  0.704002121702444E-01  0.768496855198246E+00 
 0.498206701292316E+00  0.423093699720157E-01  0.755438989326519E+00 
 0.451907804305111E+00  0.213961062831847E+00  0.961962747994387E+00 
 0.499049806156127E+00  0.308105659722815E-01  0.782669315492672E+00 
 0.406653719369240E+00  0.290917088743792E+00  0.308014641035162E-01 
 0.390557392172987E+00  0.312193727385794E+00  0.562262512448947E-01 
 0.376535595554086E+00  0.328969520291364E+00  0.792193462581547E-01 
 0.363079265638192E+00  0.343763649712461E+00  0.101222250290098E+00 
 0.349820862909667E+00  0.357246922832284E+00  0.121967522980071E+00 
 0.336424298465593E+00  0.369890107196629E+00  0.140967946470749E+00 
 0.324017955749596E+00  0.380804890136475E+00  0.159395284932672E+00 
 0.312187289673079E+00  0.390562538099312E+00  0.177195974003062E+00 
 0.464308368966819E+00  0.185520183557941E+00  0.950833737238871E+00 
 0.472611521436067E+00  0.163212590831364E+00  0.945333504589450E+00 
 0.477329067847913E+00  0.148852144718988E+00  0.926087123997026E+00 
 0.482253136533648E+00  0.132029967444737E+00  0.904369481926739E+00 
 0.486878255219443E+00  0.113796153689265E+00  0.880755404450900E+00 
 0.491292537504388E+00  0.929066337378563E-01  0.858045983392158E+00 
 0.495114438811979E+00  0.697258379648384E-01  0.834681390589671E+00 
 0.498214800142658E+00  0.422138948547884E-01  0.811637918417203E+00 
 0.302900909724915E+00  0.397807791386517E+00  0.739691438063696E+00 
 0.315632104795901E+00  0.387783927493275E+00  0.740091493096316E+00 
 0.330479980473654E+00  0.375210584213896E+00  0.739238623932470E+00 
 0.347205090270309E+00  0.359789695920251E+00  0.738487024202383E+00 
 0.365097734630755E+00  0.341619150762206E+00  0.737915755998606E+00 
 0.383358363658152E+00  0.320992780313427E+00  0.737135224422698E+00 
 0.401136228186606E+00  0.298479021769074E+00  0.735939108582160E+00 
 0.417973992790468E+00  0.274404339161745E+00  0.734701335508915E+00 
 0.433587892613774E+00  0.249001083087496E+00  0.733997353014803E+00 
 0.447752742861478E+00  0.222525237355279E+00  0.733551147612700E+00 
 0.460803448410884E+00  0.194062314560654E+00  0.734082988919047E+00 
 0.473510615726193E+00  0.160585481269640E+00  0.739331074740923E+00 
 0.482685940455856E+00  0.130438808972812E+00  0.732317608517393E+00 
 0.489899726672551E+00  0.999912886513625E-01  0.732316967436016E+00 
 0.495330521534973E+00  0.681738544890334E-01  0.732286994913967E+00 
 0.498728224702787E+00  0.356392744708108E-01  0.729890409449354E+00 
 0.305419665534933E+00  0.395877288947635E+00  0.718195181238628E+00 
 0.319205738194158E+00  0.384847627904762E+00  0.715259427852667E+00 
 0.334567594301769E+00  0.371570349790086E+00  0.713095724356400E+00 
 0.351456592438883E+00  0.355637826491008E+00  0.711508766483802E+00 
 0.369277326722621E+00  0.337096805040621E+00  0.710206954185603E+00 
 0.387283505644251E+00  0.316245926860567E+00  0.709000446799136E+00 
 0.404804147084431E+00  0.293485267949256E+00  0.707789909789675E+00 
 0.421401980378635E+00  0.269110332267204E+00  0.706725303595291E+00 
 0.436790500110722E+00  0.243339390590642E+00  0.705976890371431E+00 
 0.450856481573797E+00  0.216167604008780E+00  0.705645116621097E+00 
 0.463598831353622E+00  0.187286207627672E+00  0.705974558928231E+00 
 0.474681526444671E+00  0.157090574039810E+00  0.706130492147282E+00 
 0.483634424719649E+00  0.126876882157840E+00  0.703834902973001E+00 
 0.490651910898294E+00  0.962325429979552E-01  0.702870212177238E+00 
 0.495765318514358E+00  0.649364994310380E-01  0.701963114696485E+00 
 0.498919636420163E+00  0.328511247048313E-01  0.700803538375010E+00 
 0.306719785972109E+00  0.394870830643672E+00  0.692462198504017E+00 
 0.321424317800707E+00  0.382996616076892E+00  0.688715270532836E+00 
 0.337371393745704E+00  0.369026479648929E+00  0.685914288563581E+00 
 0.354547685242556E+00  0.352556291801956E+00  0.683743923501084E+00 
 0.372411272110249E+00  0.333631300098216E+00  0.682013625387159E+00 
 0.390311919217280E+00  0.312500569146559E+00  0.680557505750144E+00 
 0.407659407354976E+00  0.289506144313018E+00  0.679285426526962E+00 
 0.424051078692846E+00  0.264916369179849E+00  0.678220966402270E+00 
 0.439217184822809E+00  0.238931505993509E+00  0.677415374638245E+00 
 0.452994208336625E+00  0.211651239574623E+00  0.676882058902140E+00 
 0.465232504437284E+00  0.183190384068086E+00  0.676483299163397E+00 
 0.475729078987914E+00  0.153889062006729E+00  0.675730703588070E+00 
 0.484368956040264E+00  0.124043195800759E+00  0.674322890840397E+00 
 0.491143427399264E+00  0.936916950562038E-01  0.673129315803649E+00 
 0.496035800977399E+00  0.628369648273250E-01  0.671949621531120E+00 
 0.499005097819747E+00  0.315263754641240E-01  0.670716803191891E+00 
 0.307603855944530E+00  0.394182531079266E+00  0.664802750292965E+00 
 0.322943344380391E+00  0.381716644018057E+00  0.661027814074762E+00 
 0.339338868290857E+00  0.367218099318484E+00  0.657930558640575E+00 
 0.356753065747892E+00  0.350324492548665E+00  0.655428943356311E+00 
 0.374687459155684E+00  0.331072964694276E+00  0.653408953502179E+00 
 0.392533116524683E+00  0.309705912813138E+00  0.651767878754523E+00 
 0.409753920950849E+00  0.286533984485969E+00  0.650400699401474E+00 
 0.425968431189597E+00  0.261822259614941E+00  0.649271165184121E+00 
 0.440914070252189E+00  0.235785458952939E+00  0.648345437520575E+00 
 0.454407855466773E+00  0.208598899541893E+00  0.647560086807427E+00 
 0.466303341546597E+00  0.180447204640243E+00  0.646771400508809E+00 
 0.476484485884105E+00  0.151533939141567E+00  0.645770211881259E+00 
 0.484882971967333E+00  0.122018455555407E+00  0.644520847250324E+00 
 0.491464634153826E+00  0.919919201671875E-01  0.643228453750363E+00 
 0.496196340353945E+00  0.615564116835296E-01  0.641882194127546E+00 
 0.499049069432066E+00  0.308224966378207E-01  0.640438567453377E+00 
 0.308218551719622E+00  0.393702075656020E+00  0.636350432387714E+00 
 0.324003204615789E+00  0.380817441037959E+00  0.632712157173169E+00 
 0.340700401134821E+00  0.365955238610642E+00  0.629465619200573E+00 
 0.358282166657050E+00  0.348760503864084E+00  0.626705850023804E+00 
 0.376266546453408E+00  0.329277217584249E+00  0.624460577568899E+00 
 0.394079152983873E+00  0.307736285126589E+00  0.622654792573865E+00 
 0.411201479912810E+00  0.284452707699391E+00  0.621187134942037E+00 
 0.427275807849462E+00  0.259683237862188E+00  0.619965775515692E+00 
 0.304075814239858E+00  0.396910442284362E+00  0.231594758867530E+00 
 0.442042932129511E+00  0.233662248029810E+00  0.618918020015292E+00 
 0.455327483396900E+00  0.206583839792579E+00  0.617955408758667E+00 
 0.467005325469856E+00  0.178622579711508E+00  0.616967769726801E+00 
 0.476987848941098E+00  0.149941961980443E+00  0.615860827359582E+00 
 0.485222307564577E+00  0.120661975127659E+00  0.614601380813257E+00 
 0.491666627232786E+00  0.909061475673533E-01  0.613244441627273E+00 
 0.496292020990572E+00  0.607801768761259E-01  0.611769629487803E+00 
 0.499073274976197E+00  0.304280496340698E-01  0.610178092797582E+00 
 0.308667169418363E+00  0.393350452552499E+00  0.607925551886283E+00 
 0.324739303227621E+00  0.380189932716845E+00  0.604229640435638E+00 
 0.341612649477648E+00  0.365103817724304E+00  0.600708019007549E+00 
 0.359287554911737E+00  0.347724679718805E+00  0.597682370311022E+00 
 0.377307847083265E+00  0.328083508469096E+00  0.595222874005454E+00 
 0.395093286534159E+00  0.306433181844978E+00  0.593281181578144E+00 
 0.412150076368943E+00  0.283076517127569E+00  0.591711228014489E+00 
 0.428121434521924E+00  0.258286734663030E+00  0.590408442343404E+00 
 0.442763949724235E+00  0.232293101112786E+00  0.589264264970311E+00 
 0.455910666965928E+00  0.205293603764664E+00  0.588189154834876E+00 
 0.467450046021594E+00  0.177455499983544E+00  0.587099600901845E+00 
 0.477309309524550E+00  0.148915489594594E+00  0.585922552861991E+00 
 0.485434848256577E+00  0.119804040408136E+00  0.584633158536671E+00 
 0.491791560132046E+00  0.902278304232614E-01  0.583210716800609E+00 
 0.496348330962379E+00  0.603186070036514E-01  0.581651652753244E+00 
 0.499087418039987E+00  0.301951842878812E-01  0.579944870764075E+00 
 0.308994223586328E+00  0.393093589098426E+00  0.580159894031097E+00 
 0.325192541377848E+00  0.379802331525514E+00  0.575745850299615E+00 
 0.342161107479395E+00  0.364589874418467E+00  0.571724414630039E+00 
 0.359906409214628E+00  0.347084105954497E+00  0.568393404872357E+00 
 0.377950645855347E+00  0.327342800894606E+00  0.565759784710356E+00 
 0.395729994696663E+00  0.305610489508097E+00  0.563696639746158E+00 
 0.412741712272519E+00  0.282213179972780E+00  0.562053251411687E+00 
 0.423406856594256E+00  0.265944794626575E+00  0.220354098028562E-01 
 0.428649570815285E+00  0.257409295558401E+00  0.560681308406538E+00 
 0.443211124833142E+00  0.231438758258295E+00  0.559473039238508E+00 
 0.456271284193382E+00  0.204490868305951E+00  0.558331627678173E+00 
 0.467727098503631E+00  0.176723969300641E+00  0.557180191224201E+00 
 0.477507807144995E+00  0.148277760016726E+00  0.555964756946043E+00 
 0.485567385962443E+00  0.119265727221194E+00  0.554634091415714E+00 
 0.491867246252762E+00  0.898143199257514E-01  0.553167533059337E+00 
 0.496383024242313E+00  0.600324349335857E-01  0.551526734521473E+00 
 0.499095905792065E+00  0.300545640726671E-01  0.549725744766358E+00 
 0.309017271881351E+00  0.393075470716512E+00  0.552569256313967E+00 
 0.325350327940687E+00  0.379667175443028E+00  0.546901160772571E+00 
 0.342439362373734E+00  0.364328537308115E+00  0.542403080502939E+00 
 0.360259669786572E+00  0.346717421433175E+00  0.538858880076306E+00 
 0.378342980987891E+00  0.326889260663602E+00  0.536099674111767E+00 
 0.396120714409294E+00  0.305103883318240E+00  0.533969496498318E+00 
 0.413113687382212E+00  0.281668388885711E+00  0.532267413238673E+00 
 0.428980340700560E+00  0.256857679060664E+00  0.530856281039965E+00 
 0.443493894324594E+00  0.230896439333321E+00  0.529605312916173E+00 
 0.456501238580097E+00  0.203977006485626E+00  0.528424611219234E+00 
 0.467904068287228E+00  0.176254880443808E+00  0.527241928718742E+00 
 0.477637603232352E+00  0.147859122067103E+00  0.525994262587519E+00 
 0.485652965306917E+00  0.118916766221582E+00  0.524639966835299E+00 
 0.491918117392671E+00  0.895352767396802E-01  0.523123406310868E+00 
 0.496405956074374E+00  0.598425164401262E-01  0.521416112535044E+00 
 0.499102028776027E+00  0.299527105894174E-01  0.519496380813115E+00 
 0.308976357798606E+00  0.393107631980744E+00  0.522832948382539E+00 
 0.325439833727214E+00  0.379590456444315E+00  0.517144712824063E+00 
 0.342617721540650E+00  0.364160811848685E+00  0.512654667932017E+00 
 0.360497400177147E+00  0.346470236045635E+00  0.509083702003421E+00 
 0.378606352051165E+00  0.326584185450719E+00  0.506303428298318E+00 
 0.396395507630872E+00  0.304746782641037E+00  0.504138368073539E+00 
 0.413374874268631E+00  0.281284932627743E+00  0.502418145267531E+00 
 0.429220370051764E+00  0.256456378225667E+00  0.500979960180649E+00 
 0.443701462512114E+00  0.230497314875057E+00  0.499709454835504E+00 
 0.456673685664365E+00  0.203590630486094E+00  0.498508680728539E+00 
 0.468041351869467E+00  0.175890002388428E+00  0.497305551055564E+00 
 0.477739051932220E+00  0.147531007787865E+00  0.496045097730815E+00 
 0.485723622624164E+00  0.118627831577834E+00  0.494664778843659E+00 
 0.491959998128221E+00  0.893048724408785E-01  0.493116855205484E+00 
 0.453260382048767E+00  0.211080615085815E+00  0.265386743064872E-01 
 0.461246591262338E+00  0.193006689129868E+00  0.497359578444030E-01 
 0.467710096025899E+00  0.176768962421132E+00  0.738999343882100E-01 
 0.473891458879987E+00  0.159458098573254E+00  0.978281455650941E-01 
 0.480204460813306E+00  0.139297077553701E+00  0.120835225778512E+00 
 0.485653558231904E+00  0.118914344705300E+00  0.143412501623499E+00 
 0.490316675307653E+00  0.979262881725351E-01  0.165433382263242E+00 
 0.494253814827502E+00  0.755854915209358E-01  0.186265995763915E+00 
 0.497267483910352E+00  0.522020061440863E-01  0.205704128538163E+00 
 0.499087698676059E+00  0.301905453782378E-01  0.224171848335119E+00 
 0.499796411070135E+00  0.142670067432986E-01  0.238765158997151E+00 
 0.496426518716780E+00  0.596716977698654E-01  0.491332588074922E+00 
 0.499107533366120E+00  0.298608462235634E-01  0.489283032668690E+00 
 0.309142796337918E+00  0.392976756911108E+00  0.491507214366690E+00 
 0.325616675607832E+00  0.379438770509952E+00  0.486810019748381E+00 
 0.342816000367241E+00  0.363974161022740E+00  0.482625863549936E+00 
 0.360719354671929E+00  0.346239147360704E+00  0.479166657050276E+00 
 0.378855940665699E+00  0.326294615680842E+00  0.476416300753853E+00 
 0.396652622208798E+00  0.304412051822664E+00  0.474269765894407E+00 
 0.413630752537027E+00  0.280908527025530E+00  0.472543303559192E+00 
 0.429456942257851E+00  0.256060021765477E+00  0.471103995770197E+00 
 0.443913437849703E+00  0.230088808281625E+00  0.469824992618367E+00 
 0.456855162356491E+00  0.203183071706834E+00  0.468617443530751E+00 
 0.468189048230137E+00  0.175496481780572E+00  0.467409503088948E+00 
 0.477853677607626E+00  0.147159310941804E+00  0.466138201279382E+00 
 0.485803825280368E+00  0.118298957488907E+00  0.464752520197078E+00 
 0.492010676683518E+00  0.890252437762845E-01  0.463175359748060E+00 
 0.496451142358767E+00  0.594664884676700E-01  0.461333755932586E+00 
 0.499114572764541E+00  0.297429530152882E-01  0.459139551410712E+00 
 0.309253480813912E+00  0.392889659579480E+00  0.461114080552261E+00 
 0.325790555002266E+00  0.379289486107004E+00  0.456612284285060E+00 
 0.343040839347003E+00  0.363762261016867E+00  0.452568816793971E+00 
 0.360999244533887E+00  0.345947315997628E+00  0.449199958484031E+00 
 0.379175639115173E+00  0.325923050276595E+00  0.446520778122133E+00 
 0.396996687484697E+00  0.303963205217635E+00  0.444405325440201E+00 
 0.413970526041619E+00  0.280407566889386E+00  0.442700154866710E+00 
 0.429779457208426E+00  0.255518332339641E+00  0.441265385271997E+00 
 0.444204926801332E+00  0.229525560679902E+00  0.439996137849849E+00 
 0.457109337569718E+00  0.202610595741124E+00  0.438794720498239E+00 
 0.468401246136892E+00  0.174929336068616E+00  0.437586798636138E+00 
 0.478018852657615E+00  0.146621882759352E+00  0.436320509827897E+00 
 0.485923415467990E+00  0.117806766783252E+00  0.434935498674741E+00 
 0.437753246602519E+00  0.241603176901618E+00  0.310757636640809E-01 
 0.422723167170310E+00  0.267030192932376E+00  0.478625730775308E-01 
 0.408283960452897E+00  0.288624683000081E+00  0.640306854565648E-01 
 0.395381442205264E+00  0.306061293141890E+00  0.855232564142735E-01 
 0.382539605161754E+00  0.321968089230423E+00  0.107710395939049E+00 
 0.369830147734480E+00  0.336490210595632E+00  0.130496655173719E+00 
 0.356269314167991E+00  0.350816441721692E+00  0.151290118708193E+00 
 0.341717065886939E+00  0.365006091567828E+00  0.168729878013575E+00 
 0.328482391409250E+00  0.376960632605131E+00  0.187934861255196E+00 
 0.315428779224762E+00  0.387949333337198E+00  0.212483325745524E+00 
 0.492085441817388E+00  0.886110486981512E-01  0.433363310102261E+00 
 0.496488768660099E+00  0.591515223335644E-01  0.431483136572406E+00 
 0.499124917448137E+00  0.295688481748991E-01  0.429178796450984E+00 
 0.309356988234060E+00  0.392808164160002E+00  0.431288698169516E+00 
 0.325990621314781E+00  0.379117547489961E+00  0.426571697379367E+00 
 0.343357023789011E+00  0.363463827931684E+00  0.422529006760366E+00 
 0.361419318719540E+00  0.345508431237652E+00  0.419260338681384E+00 
 0.379674284393841E+00  0.325342031975620E+00  0.416671232853968E+00 
 0.397526314141765E+00  0.303270225318713E+00  0.414613449732732E+00 
 0.414497678685171E+00  0.279627742480256E+00  0.412925781393189E+00 
 0.430275182324671E+00  0.254682679967586E+00  0.411514266887002E+00 
 0.444656803403920E+00  0.228648916871714E+00  0.410271111433860E+00 
 0.457506054150864E+00  0.201713188501166E+00  0.409091258858585E+00 
 0.468732701521374E+00  0.174039232716288E+00  0.407892973120151E+00 
 0.478280285635888E+00  0.145766828778200E+00  0.406629644732048E+00 
 0.486111407754381E+00  0.117028625776151E+00  0.405274075585524E+00 
 0.492205484916358E+00  0.879418024505620E-01  0.403740407075682E+00 
 0.496548525846222E+00  0.586477747228616E-01  0.401880056133824E+00 
 0.499141487391941E+00  0.292878057245715E-01  0.399524960056672E+00 
 0.309455473409966E+00  0.392730581921772E+00  0.401331974403037E+00 
 0.326291605795210E+00  0.378858532948095E+00  0.396417053033423E+00 
 0.343867908146441E+00  0.362980525299899E+00  0.392479556552015E+00 
 0.362108113900359E+00  0.344786475731756E+00  0.389394490846163E+00 
 0.380474008390494E+00  0.324406425551761E+00  0.386955737333039E+00 
 0.398365228891376E+00  0.302167411231459E+00  0.384944016041242E+00 
 0.415314504726203E+00  0.278413114209853E+00  0.383268092712348E+00 
 0.431042540488582E+00  0.253381783656895E+00  0.381891442879378E+00 
 0.445355526557056E+00  0.227284964230123E+00  0.380716817117745E+00 
 0.458119773185671E+00  0.200315434793001E+00  0.379583364449706E+00 
 0.469246303473999E+00  0.172649664569578E+00  0.378385383249525E+00 
 0.478683152410044E+00  0.144438359166748E+00  0.377120421737383E+00 
 0.486404494046303E+00  0.115804439343060E+00  0.375812202399104E+00 
 0.492392761685886E+00  0.868871005348144E-01  0.374402494766300E+00 
 0.471905585674922E+00  0.165242604097153E+00  0.484547148993318E-01 
 0.477389364481028E+00  0.148658651549112E+00  0.720887841821219E-01 
 0.482610315187663E+00  0.130718337177555E+00  0.951524040498416E-01 
 0.487394799687317E+00  0.111563028095157E+00  0.117652800828042E+00 
 0.491466032830558E+00  0.919844474560437E-01  0.139535744760530E+00 
 0.494725197582910E+00  0.724360329984404E-01  0.160470113461417E+00 
 0.497483498634719E+00  0.501015826712045E-01  0.179220706877283E+00 
 0.499305597594446E+00  0.263423653238057E-01  0.198327124052084E+00 
 0.496644031101997E+00  0.578334364425825E-01  0.372617445256645E+00 
 0.499168035278711E+00  0.288317976545243E-01  0.370258451277633E+00 
 0.309707687504574E+00  0.392531716298912E+00  0.370493127677609E+00 
 0.326860919141009E+00  0.378367466278874E+00  0.365989616621999E+00 
 0.344749860922066E+00  0.362142973691629E+00  0.362417805304916E+00 
 0.363227837575778E+00  0.343606661766072E+00  0.359718760263439E+00 
 0.381730917675028E+00  0.322926472267265E+00  0.357485845420994E+00 
 0.399632760259063E+00  0.300489029629573E+00  0.355456250780531E+00 
 0.416528030167997E+00  0.276594287873717E+00  0.353732885436737E+00 
 0.432179671730907E+00  0.251437330845213E+00  0.352445537366413E+00 
 0.446394490605080E+00  0.225237560716305E+00  0.351433172728244E+00 
 0.459029042077890E+00  0.198222951569830E+00  0.350379588434223E+00 
 0.469999567578290E+00  0.170588412491062E+00  0.349139967639774E+00 
 0.479274821005226E+00  0.142462787949725E+00  0.347814094157334E+00 
 0.486838282187237E+00  0.113967043468629E+00  0.346594037063242E+00 
 0.492675686720768E+00  0.852682104551283E-01  0.345474111978842E+00 
 0.496789927463582E+00  0.565664915893557E-01  0.343836349099027E+00 
 0.499208734251286E+00  0.281183151562899E-01  0.341387506152362E+00 
 0.310211495035811E+00  0.392133686830967E+00  0.339285349868508E+00 
 0.327868175634606E+00  0.377494979312355E+00  0.335480146299397E+00 
 0.346207530572697E+00  0.360749699618385E+00  0.332423544827845E+00 
 0.364984796501931E+00  0.341739810853878E+00  0.330490087032663E+00 
 0.383603136362230E+00  0.320700224154989E+00  0.328466360022610E+00 
 0.401416100424633E+00  0.298102523169263E+00  0.326116167668100E+00 
 0.418216577610762E+00  0.274034476319207E+00  0.324252561521476E+00 
 0.433796373332861E+00  0.248637701250750E+00  0.323234321726869E+00 
 0.447873643416998E+00  0.222281802072017E+00  0.322608610384978E+00 
 0.460300991401550E+00  0.195251113478899E+00  0.321651236406022E+00 
 0.471031134061702E+00  0.167719023204128E+00  0.320206338714359E+00 
 0.480085231581938E+00  0.139707445817740E+00  0.318669300306406E+00 
 0.487456872523134E+00  0.111291497563673E+00  0.317581390606140E+00 
 0.493088415073173E+00  0.828481437367564E-01  0.317246880805241E+00 
 0.465851164750347E+00  0.181611377123640E+00  0.245457937135166E-01 
 0.497003316570965E+00  0.546598876458872E-01  0.315762227621795E+00 
 0.499263288953099E+00  0.271324216341681E-01  0.312893723957509E+00 
 0.311077006563505E+00  0.391447437068489E+00  0.308613001381447E+00 
 0.329488556605249E+00  0.376081495245631E+00  0.305101842560293E+00 
 0.348550872339204E+00  0.358486107668874E+00  0.302309957780137E+00 
 0.367699609959884E+00  0.338817055112857E+00  0.302458077817731E+00 
 0.386187242032815E+00  0.317583711942361E+00  0.300117868740123E+00 
 0.403606096763761E+00  0.295130680640156E+00  0.296505454567774E+00 
 0.420455598292683E+00  0.270586566304283E+00  0.294628555983868E+00 
 0.436062459560446E+00  0.244641638651507E+00  0.294429449415639E+00 
 0.449905300894519E+00  0.218140368173826E+00  0.294638774136200E+00 
 0.461959115099124E+00  0.191294997260342E+00  0.293623367692637E+00 
 0.472305594270356E+00  0.164095781849888E+00  0.291526828626678E+00 
 0.481109148859918E+00  0.136139586025834E+00  0.289444262664834E+00 
 0.488338265337305E+00  0.107357992750203E+00  0.288492421235054E+00 
 0.493702348271709E+00  0.791074668473260E-01  0.290549670711138E+00 
 0.497289170038796E+00  0.519950128582038E-01  0.288701931921914E+00 
 0.499311090326087E+00  0.262380463711487E-01  0.284445421564740E+00 
 0.315584186433942E+00  0.387822925151191E+00  0.249904079081975E+00 
 0.333027635787980E+00  0.372951194932351E+00  0.244105058980589E+00 
 0.350020707709534E+00  0.357051122634444E+00  0.238561460239365E+00 
 0.368721187593616E+00  0.337705027826880E+00  0.249527646991406E+00 
 0.389151780824924E+00  0.313944089736995E+00  0.240704001014091E+00 
 0.312329519167311E+00  0.390448807728640E+00  0.278922390606758E+00 
 0.331859447734820E+00  0.373991051964001E+00  0.274686548536845E+00 
 0.352581271573281E+00  0.354522844025274E+00  0.270138286599817E+00 
 0.372503406336787E+00  0.333528427975024E+00  0.278308362791828E+00 
 0.388290469218343E+00  0.315008748313756E+00  0.270925188448365E+00 
 0.405857501179894E+00  0.292026863038339E+00  0.265471906526822E+00 
 0.423544892781943E+00  0.265724902480616E+00  0.264790052484752E+00 
 0.439357054601787E+00  0.238674210110021E+00  0.266545321929247E+00 
 0.452588735240633E+00  0.212516909287906E+00  0.268353689616969E+00 
 0.463865462061742E+00  0.186624845897449E+00  0.266377886567512E+00 
 0.473594174418942E+00  0.160338884729937E+00  0.262686290052161E+00 
 0.482235535750556E+00  0.132094239311844E+00  0.259615856215202E+00 
 0.489764124992934E+00  0.100653374856018E+00  0.257834346698099E+00 
 0.494766039242400E+00  0.721565410228881E-01  0.268150986895672E+00 
 0.497433677758371E+00  0.505938359069621E-01  0.261320950085725E+00 
 0.499282805995373E+00  0.267708729291167E-01  0.254665400801843E+00 
 0.499519667885835E+00  0.219112161968612E-01  0.225269252329028E-01 
 0.476201818582020E+00  0.152419906768037E+00  0.238441930625324E-01 
 0.480880734646186E+00  0.136944218739399E+00  0.473655961840577E-01 
 0.485280810159350E+00  0.120426472551034E+00  0.704580618721957E-01 
 0.489355769910227E+00  0.102620321844989E+00  0.930406990775114E-01 
 0.492903346826379E+00  0.839421865771583E-01  0.115089576069797E+00 
 0.495713972792232E+00  0.653273080613524E-01  0.136310275086399E+00 
 0.497535279704895E+00  0.495847299979709E-01  0.155682031670542E+00 
 0.499398940680972E+00  0.245091421049948E-01  0.167095508728933E+00 
 0.499246992793504E+00  0.274306432050576E-01  0.463132667304852E-01 
 0.497874640837211E+00  0.460526004826894E-01  0.230777655830285E-01 
 0.499530574010280E+00  0.216611548390302E-01  0.906226316771107E-01 
 0.498668661813194E+00  0.364632105750122E-01  0.686611471311147E-01 
 0.496982245601861E+00  0.548511399747635E-01  0.459716758319990E-01 
 0.494903518270813E+00  0.712074968185998E-01  0.231716113078943E-01 
 0.499248276844584E+00  0.274072630467412E-01  0.113440826769587E+00 
 0.497770524491720E+00  0.471646578195810E-01  0.910011304974821E-01 
 0.495787132977344E+00  0.647697365604120E-01  0.686400769671934E-01 
 0.493263670981004E+00  0.817982328069743E-01  0.461232424401563E-01 
 0.490538522203596E+00  0.968088747704088E-01  0.232720482570874E-01 
 0.498671328519009E+00  0.364267225136423E-01  0.136943552627641E+00 
 0.496857863187717E+00  0.559666310272069E-01  0.113799811253816E+00 
 0.494383611185773E+00  0.747318204710295E-01  0.916324762766128E-01 
 0.491367285485166E+00  0.925104899724363E-01  0.692919474669228E-01 
 0.487966369833737E+00  0.109035874423442E+00  0.465819720284933E-01 
 0.484417203307798E+00  0.123854645207404E+00  0.234150784844331E-01 
 0.293000012729317E+00  0.332264960263334E+00  0.213537496865764E-01 
 0.293000012729317E+00  0.332264960263334E+00  0.539052271397738E-01 
 0.293000012729317E+00  0.332264960263334E+00  0.836372247759347E-01 
 0.293000012729317E+00  0.332264960263334E+00  0.116146882869517E+00 
 0.293000012729317E+00  0.332264960263334E+00  0.149688836604678E+00 
 0.293000012729317E+00  0.332264960263334E+00  0.178579213735412E+00 
 0.293000012729317E+00  0.332264960263334E+00  0.205005430359324E+00 
 0.293000012729317E+00  0.332264960263334E+00  0.233985928444638E+00 
 0.293000012729317E+00  0.332264960263334E+00  0.261859789627236E+00 
 0.293000012729317E+00  0.332264960263334E+00  0.290544698513033E+00 
 0.293000012729317E+00  0.332264960263334E+00  0.322739930343094E+00 
 0.293000012729317E+00  0.332264960263334E+00  0.359361294524957E+00 
 0.293000012729317E+00  0.332264960263334E+00  0.394383455711211E+00 
 0.293000012729317E+00  0.332264960263334E+00  0.422099836873485E+00 
 0.293000012729317E+00  0.332264960263334E+00  0.446130636912410E+00 
 0.293000012729317E+00  0.332264960263334E+00  0.473362094649152E+00 
 0.293000012729317E+00  0.332264960263334E+00  0.502922081076959E+00 
 0.293000012729317E+00  0.332264960263334E+00  0.530845995074410E+00 
 0.293000012729317E+00  0.332264960263334E+00  0.557866947526974E+00 
 0.293000012729317E+00  0.332264960263334E+00  0.586799407629551E+00 
 0.293000012729317E+00  0.332264960263334E+00  0.617483362237314E+00 
 0.293000012729317E+00  0.332264960263334E+00  0.650240202743169E+00 
 0.293000012729317E+00  0.332264960263334E+00  0.682136584571436E+00 
 0.293000012729317E+00  0.332264960263334E+00  0.713937930726786E+00 
 0.293000012729317E+00  0.332264960263334E+00  0.746856083288935E+00 
 0.293000012729317E+00  0.332264960263334E+00  0.783986251410577E+00 
 0.293000012729317E+00  0.332264960263334E+00  0.821121402976126E+00 
 0.293000012729317E+00  0.332264960263334E+00  0.852809693374770E+00 
 0.293000012729317E+00  0.332264960263334E+00  0.881699633392143E+00 
 0.293000012729317E+00  0.332264960263334E+00  0.909173662570333E+00 
 0.293000012729317E+00  0.332264960263334E+00  0.935332629753987E+00 
 0.293000012729317E+00  0.332264960263334E+00  0.959691223867951E+00 
 0.293000012729317E+00  0.332264960263334E+00  0.982395013487885E+00 
 0.293000012729317E+00  0.348441842613172E+00  0.671421355492501E-01 
 0.293000012729317E+00  0.348682571114077E+00  0.254825126917718E+00 
 0.293000012729317E+00  0.347918882265644E+00  0.277683670713996E+00 
 0.293000012729317E+00  0.349200008699310E+00  0.414177094062098E+00 
 0.293000012729317E+00  0.348492083521981E+00  0.435885509146147E+00 
 0.293000012729317E+00  0.348783694024536E+00  0.524294847329488E+00 
 0.293000012729317E+00  0.350006710270163E+00  0.549578474475784E+00 
 0.293000012729317E+00  0.348372244472535E+00  0.574775797828843E+00 
 0.293000012729317E+00  0.348571767631851E+00  0.925787803242960E+00 
 0.293000012729317E+00  0.349574738331301E+00  0.949127929855484E+00 
 0.293000012729317E+00  0.346756625362410E+00  0.971639001208146E+00 
 0.293000012729317E+00  0.364429998552611E+00  0.968624334753930E+00 
 0.293000012729317E+00  0.383677186914985E+00  0.959280753342910E+00 
 0.293000012729317E+00  0.390909176116740E+00  0.981025827976702E+00 
 0.293000012729317E+00  0.368081625138938E+00  0.935860642214555E+00 
 0.293000012729317E+00  0.388432208003677E+00  0.932964065791077E+00 
 0.293000012729317E+00  0.379758600371892E+00  0.913469716743597E+00 
 0.293000012729317E+00  0.357552127904382E+00  0.902563793941706E+00 
 0.293000012729317E+00  0.381104842276910E+00  0.888316034383192E+00 
 0.293000012729317E+00  0.356708519928735E+00  0.838529986161869E+00 
 0.293000012729317E+00  0.356828934709223E+00  0.870065445747579E+00 
 0.293000012729317E+00  0.381038335465253E+00  0.857786025462674E+00 
 0.293000012729317E+00  0.381000491341054E+00  0.825031986841932E+00 
 0.293000012729317E+00  0.356354180348071E+00  0.771211694192774E+00 
 0.293000012729317E+00  0.356507538298842E+00  0.805250006929010E+00 
 0.293000012729317E+00  0.380828282464861E+00  0.791636000591805E+00 
 0.293000012729317E+00  0.380608774590471E+00  0.760325809026996E+00 
 0.293000012729317E+00  0.356437271790040E+00  0.707234348112362E+00 
 0.293000012729317E+00  0.356391971818483E+00  0.738471316709168E+00 
 0.293000012729317E+00  0.382103870628027E+00  0.263949123777594E-01 
 0.293000012729317E+00  0.380644068348700E+00  0.730804176005827E+00 
 0.293000012729317E+00  0.380686263891284E+00  0.701709767601142E+00 
 0.293000012729317E+00  0.356453261154126E+00  0.644091613388101E+00 
 0.293000012729317E+00  0.356476461948614E+00  0.676186767528412E+00 
 0.293000012729317E+00  0.380730949813269E+00  0.672047999988313E+00 
 0.293000012729317E+00  0.380738974686361E+00  0.641549281775615E+00 
 0.293000012729317E+00  0.356266626804644E+00  0.606550820744815E+00 
 0.293000012729317E+00  0.381696242998597E+00  0.611125172096712E+00 
 0.293000012729317E+00  0.361039731240369E+00  0.241757782730639E-01 
 0.293000012729317E+00  0.349043463526420E+00  0.441976101142921E-01 
 0.293000012729317E+00  0.368433135182311E+00  0.574881582685731E+00 
 0.293000012729317E+00  0.388627755055938E+00  0.588135193983745E+00 
 0.293000012729317E+00  0.366955165362973E+00  0.539105996530875E+00 
 0.293000012729317E+00  0.386683127321146E+00  0.557769461996441E+00 
 0.293000012729317E+00  0.381717026725074E+00  0.525737339526547E+00 
 0.293000012729317E+00  0.359349260057602E+00  0.503941075330006E+00 
 0.293000012729317E+00  0.382121887728821E+00  0.497957603720498E+00 
 0.293000012729317E+00  0.356886489110380E+00  0.464422516752525E+00 
 0.293000012729317E+00  0.382406743611581E+00  0.467109388224501E+00 
 0.293000012729317E+00  0.368473534640207E+00  0.433564396406478E+00 
 0.293000012729317E+00  0.388185749338989E+00  0.566358959761404E-01 
 0.293000012729317E+00  0.368043835190277E+00  0.569133869137682E-01 
 0.293000012729317E+00  0.388868880021099E+00  0.443750913667939E+00 
 0.293000012729317E+00  0.385156248983096E+00  0.416574523861934E+00 
 0.293000012729317E+00  0.360198447258909E+00  0.392942107152878E+00 
 0.293000012729317E+00  0.382274205360430E+00  0.382656028465324E+00 
 0.293000012729317E+00  0.357010301111679E+00  0.352402337919234E+00 
 0.293000012729317E+00  0.381082854870411E+00  0.346949556115628E+00 
 0.293000012729317E+00  0.356408583762214E+00  0.309521622608208E+00 
 0.293000012729317E+00  0.381792191071113E+00  0.311338839452084E+00 
 0.293000012729317E+00  0.382977909003275E+00  0.881891334736451E-01 
 0.293000012729317E+00  0.357942432157551E+00  0.958312913657192E-01 
 0.293000012729317E+00  0.367307558610633E+00  0.273383727288206E+00 
 0.293000012729317E+00  0.387855384951214E+00  0.280633060697789E+00 
 0.293000012729317E+00  0.381158927595037E+00  0.251883751222467E+00 
 0.293000012729317E+00  0.357353705577678E+00  0.198384445572599E+00 
 0.293000012729317E+00  0.359220990999517E+00  0.233136591353021E+00 
 0.293000012729317E+00  0.381984077934842E+00  0.222120962489430E+00 
 0.293000012729317E+00  0.381417244778747E+00  0.188440371757712E+00 
 0.293000012729317E+00  0.356813190979561E+00  0.134790593843197E+00 
 0.293000012729317E+00  0.356934063730919E+00  0.167333719704999E+00 
 0.293000012729317E+00  0.381068895783257E+00  0.155929555434787E+00 
 0.293000012729317E+00  0.381203753699816E+00  0.122578499633876E+00 
 0.443000012729326E+00  0.138777878078145E-16  0.204201204260435E-01 
 0.443000012729326E+00  0.138777878078145E-16  0.471136198239471E-01 
 0.443000012729326E+00  0.138777878078145E-16  0.766099463787139E-01 
 0.443000012729326E+00  0.138777878078145E-16  0.107591071402252E+00 
 0.443000012729326E+00  0.138777878078145E-16  0.136561461333691E+00 
 0.443000012729326E+00  0.138777878078145E-16  0.166200407440623E+00 
 0.443000012729326E+00  0.138777878078145E-16  0.196678121745164E+00 
 0.443000012729326E+00  0.138777878078145E-16  0.227516919906732E+00 
 0.443000012729326E+00  0.138777878078145E-16  0.257969300482081E+00 
 0.443000012729326E+00  0.138777878078145E-16  0.288145362544365E+00 
 0.443000012729326E+00  0.138777878078145E-16  0.317824143309164E+00 
 0.443000012729326E+00  0.138777878078145E-16  0.346661830181410E+00 
 0.443000012729326E+00  0.138777878078145E-16  0.372674557908345E+00 
 0.443000012729326E+00  0.138777878078145E-16  0.398229331105099E+00 
 0.443000012729326E+00  0.138777878078145E-16  0.431835884632072E+00 
 0.443000012729326E+00  0.138777878078145E-16  0.463960063515100E+00 
 0.443000012729326E+00  0.138777878078145E-16  0.495602694300418E+00 
 0.443000012729326E+00  0.138777878078145E-16  0.526750293731226E+00 
 0.443000012729326E+00  0.138777878078145E-16  0.557288743385350E+00 
 0.443000012729326E+00  0.138777878078145E-16  0.587487834026390E+00 
 0.443000012729326E+00  0.138777878078145E-16  0.617632576589206E+00 
 0.443000012729326E+00  0.138777878078145E-16  0.647491888161565E+00 
 0.443000012729326E+00  0.138777878078145E-16  0.678674416854622E+00 
 0.443000012729326E+00  0.138777878078145E-16  0.709599192436082E+00 
 0.443000012729326E+00  0.138777878078145E-16  0.740738806092740E+00 
 0.443000012729326E+00  0.138777878078145E-16  0.771286421461637E+00 
 0.443000012729326E+00  0.138777878078145E-16  0.799163893652470E+00 
 0.443000012729326E+00  0.138777878078145E-16  0.828460401832715E+00 
 0.443000012729326E+00  0.138777878078145E-16  0.857709073559579E+00 
 0.443000012729326E+00  0.138777878078145E-16  0.888928501148481E+00 
 0.443000012729326E+00  0.138777878078145E-16  0.919711596983448E+00 
 0.443000012729326E+00  0.138777878078145E-16  0.946530072402546E+00 
 0.443000012729326E+00  0.138777878078145E-16  0.977086352220286E+00 
 0.413529215112317E+00  0.158879197904456E+00  0.899678183160928E+00 
 0.406988697719150E+00  0.174954883347235E+00  0.874467759034241E+00 
 0.400591527877583E+00  0.189143963876405E+00  0.902272609887018E+00 
 0.403589795772916E+00  0.182658939080875E+00  0.106634829470275E+00 
 0.396435891524934E+00  0.197705829931763E+00  0.816614338217155E-01 
 0.409711784395005E+00  0.168479271739981E+00  0.783642155850083E-01 
 0.439483309926589E+00  0.557084515504161E-01  0.825225056642822E+00 
 0.435879213009481E+00  0.791095629137896E-01  0.816738619921393E+00 
 0.434536843019798E+00  0.861785549691034E-01  0.845799467640702E+00 
 0.430078813341923E+00  0.106213114032951E+00  0.820547915579165E+00 
 0.429323655061068E+00  0.109225502897347E+00  0.874346835093999E+00 
 0.425486789678667E+00  0.123328841262348E+00  0.847905969558816E+00 
 0.421110944289402E+00  0.137530301671523E+00  0.821622380165504E+00 
 0.424129169791048E+00  0.127919735031495E+00  0.899780753040097E+00 
 0.419578907029003E+00  0.142135681848434E+00  0.874262694860660E+00 
 0.414638809534081E+00  0.155960472256058E+00  0.848721941207659E+00 
 0.410733561059190E+00  0.165972748057655E+00  0.823774296214121E+00 
 0.414408383120650E+00  0.156571719277465E+00  0.944850245799963E+00 
 0.404659174580652E+00  0.180277463111393E+00  0.951725772528639E+00 
 0.419027143727083E+00  0.143754179410877E+00  0.923629385908371E+00 
 0.408226866004208E+00  0.172046032068619E+00  0.925024388713547E+00 
 0.395734333832909E+00  0.199106374342962E+00  0.930454108045092E+00 
 0.440481408759914E+00  0.471713876736311E-01  0.204554364661683E-01 
 0.442085326152057E+00  0.284530434084041E-01  0.386540840087669E-01 
 0.399585532756666E+00  0.191260067159214E+00  0.845853726178013E+00 
 0.391107108248562E+00  0.208048650934400E+00  0.877611299610328E+00 
 0.385831207478798E+00  0.217677032811524E+00  0.908106699466442E+00 
 0.388167552214914E+00  0.213482933007908E+00  0.826858322847609E+00 
 0.374013819549284E+00  0.237408243463304E+00  0.887044368473887E+00 
 0.376605741189549E+00  0.233274788567575E+00  0.852034151718668E+00 
 0.361097938120257E+00  0.256626753015879E+00  0.871242105521908E+00 
 0.365350993677262E+00  0.250534753471872E+00  0.832634307843505E+00 
 0.354856223961041E+00  0.265190632553800E+00  0.847714962622046E+00 
 0.335680955123815E+00  0.289080105931445E+00  0.834518470139717E+00 
 0.405904804566104E+00  0.177455067294025E+00  0.782130765821678E+00 
 0.394558000408434E+00  0.201427395336073E+00  0.783667114638807E+00 
 0.380366223920787E+00  0.227091494729368E+00  0.784248974553722E+00 
 0.424808153497793E+00  0.125646504129511E+00  0.734581079527586E+00 
 0.371649997697573E+00  0.241091871471374E+00  0.732862915227341E+00 
 0.424231794585830E+00  0.127578978443386E+00  0.672714021598552E+00 
 0.370419917878450E+00  0.242977562167986E+00  0.675386019227152E+00 
 0.424822853197739E+00  0.125596794063799E+00  0.611238357742383E+00 
 0.368662805615687E+00  0.245635394505241E+00  0.614976432457162E+00 
 0.422038440663063E+00  0.134657216222756E+00  0.526658251421101E+00 
 0.367175120213605E+00  0.247853671294778E+00  0.523467682550545E+00 
 0.417339664023975E+00  0.148582018126445E+00  0.469812536307878E+00 
 0.406133950305637E+00  0.176930002224927E+00  0.471111486033723E+00 
 0.394786337180645E+00  0.200979499585571E+00  0.473663405587671E+00 
 0.405318401895637E+00  0.178790392255683E+00  0.366299559052508E+00 
 0.435768655274642E+00  0.797163117454980E-01  0.226720610156302E-01 
 0.439099159011893E+00  0.586595246590360E-01  0.433508238403216E-01 
 0.441663487986318E+00  0.343856751850483E-01  0.614751322798317E-01 
 0.393020671735902E+00  0.204410769937489E+00  0.367906499283895E+00 
 0.377291649389303E+00  0.232163783952785E+00  0.369403535985479E+00 
 0.422798979078388E+00  0.132249894398615E+00  0.290093165434831E+00 
 0.367012419003277E+00  0.248094529515542E+00  0.285000103695345E+00 
 0.420548159874886E+00  0.139241719696430E+00  0.233604536206253E+00 
 0.365116473329771E+00  0.250876408180214E+00  0.223387736084980E+00 
 0.327418304226635E+00  0.298406208607539E+00  0.161470265976373E+00 
 0.343520385323079E+00  0.279719066467868E+00  0.172411649669211E+00 
 0.342989796507344E+00  0.280369418392989E+00  0.144186553900835E+00 
 0.360164649928295E+00  0.257934945713454E+00  0.154852549911149E+00 
 0.357653240960431E+00  0.261406140916148E+00  0.124819448933521E+00 
 0.370726027794665E+00  0.242510254615685E+00  0.103097536420380E+00 
 0.377691611200686E+00  0.231512544167279E+00  0.163463524677374E+00 
 0.375363405393849E+00  0.235268623427156E+00  0.132233746505056E+00 
 0.392729784122926E+00  0.204969090208589E+00  0.170726539518880E+00 
 0.394475226876350E+00  0.201589450763249E+00  0.138254304197494E+00 
 0.387728241923140E+00  0.214279774345055E+00  0.107617874021308E+00 
 0.381556864471751E+00  0.225085251521867E+00  0.804454503815160E-01 
 0.438041740102604E+00  0.660942146186698E-01  0.142276172023252E+00 
 0.432007799601181E+00  0.980727911396403E-01  0.154732219052844E+00 
 0.431922149185118E+00  0.984493185425000E-01  0.124852214994313E+00 
 0.415368585810247E+00  0.154006328441943E+00  0.180100101410748E+00 
 0.422164625818662E+00  0.134261088873734E+00  0.151566388626086E+00 
 0.422600186557907E+00  0.132883759727794E+00  0.122048795735335E+00 
 0.427110649720861E+00  0.117581904106014E+00  0.982435303803245E-01 
 0.406781620377886E+00  0.175435813336146E+00  0.160466984964575E+00 
 0.411969213859366E+00  0.162881484860217E+00  0.130321492182656E+00 
 0.416614571280124E+00  0.150603154931264E+00  0.101435038171125E+00 
 0.421295668497279E+00  0.136963392859560E+00  0.750893916067694E-01 
 0.389884330175285E+00  0.210331215852393E+00  0.594716146050844E-01 
 0.402140745724795E+00  0.185827425064443E+00  0.542427342152742E-01 
 0.414671338469745E+00  0.155873962963294E+00  0.513996862964464E-01 
 0.442365321038072E+00  0.237051475644880E-01  0.927074156357543E+00 
 0.438716293821159E+00  0.614575041309201E-01  0.978556266895418E+00 
 0.428662858696585E+00  0.111790718989747E+00  0.240908474496688E-01 
 0.433426640136521E+00  0.915989022758512E-01  0.467253487095640E-01 
 0.437401882879887E+00  0.702040179142597E-01  0.676745019346967E-01 
 0.440421990415290E+00  0.477229676027052E-01  0.860342760617663E-01 
 0.442107217464406E+00  0.281108438872114E-01  0.102604155595811E+00 
 0.441707613969722E+00  0.338141248496387E-01  0.964043266544988E+00 
 0.441338522493488E+00  0.383317080422647E-01  0.906672967673000E+00 
 0.439810207563083E+00  0.530659269352076E-01  0.930995797329789E+00 
 0.437304128645711E+00  0.708103830493205E-01  0.954024529466743E+00 
 0.434145108812714E+00  0.881307878789896E-01  0.976474900706798E+00 
 0.442352312228577E+00  0.239466729255230E-01  0.858609134791942E+00 
 0.440779727890703E+00  0.442972093790494E-01  0.881096230750088E+00 
 0.438049777802592E+00  0.660409225047262E-01  0.904170267340472E+00 
 0.434947390814170E+00  0.840819748942718E-01  0.928039987235724E+00 
 0.431201852063277E+00  0.101557737545565E+00  0.951470439905379E+00 
 0.426913907273427E+00  0.118294239313281E+00  0.975132148962318E+00 
 0.441869571779471E+00  0.316274060523290E-01  0.833770459485838E+00 
 0.439771776360974E+00  0.533834805392914E-01  0.853839436024883E+00 
 0.436358273859876E+00  0.764229554008799E-01  0.876647877596251E+00 
 0.432307636142984E+00  0.967425398190442E-01  0.901462576793725E+00 
 0.427926929240359E+00  0.114575540623159E+00  0.925673378297942E+00 
 0.423075868757465E+00  0.131361411964426E+00  0.949249252755687E+00 
 0.415627043710785E+00  0.153307442136400E+00  0.972036209151478E+00 
 0.312435287686003E+00  0.314059233723095E+00  0.975889919790719E+00 
 0.352044501506146E+00  0.268912030667024E+00  0.979466857736787E+00 
 0.333993879810125E+00  0.291027661103806E+00  0.970714812535137E+00 
 0.314124828910488E+00  0.312369337707992E+00  0.948443323658342E+00 
 0.365830881075926E+00  0.249833500014283E+00  0.972669306098020E+00 
 0.307139763509749E+00  0.319239998980937E+00  0.892795268390765E+00 
 0.351008057970269E+00  0.270263490908618E+00  0.954297295882204E+00 
 0.334226679135561E+00  0.290760276228006E+00  0.936979563357890E+00 
 0.315381638262994E+00  0.311100359248785E+00  0.916958261607347E+00 
 0.378291202780190E+00  0.230531510161396E+00  0.962343817132377E+00 
 0.366657240711990E+00  0.248619144700573E+00  0.944414561946318E+00 
 0.352724752476600E+00  0.268019141608382E+00  0.925651001285525E+00 
 0.337687622537861E+00  0.286733466590314E+00  0.905860537676981E+00 
 0.323631816444654E+00  0.302508609237664E+00  0.886206840120824E+00 
 0.308976512379319E+00  0.317462637291518E+00  0.868313693201689E+00 
 0.442177126034663E+00  0.269888956776083E-01  0.802890744218562E+00 
 0.439217030362101E+00  0.577703342388864E-01  0.795210658180699E+00 
 0.419126760408395E+00  0.143463479630657E+00  0.252552406293066E-01 
 0.425250538622296E+00  0.124141011271939E+00  0.491759971246486E-01 
 0.430612264514299E+00  0.104029269573715E+00  0.720763301123347E-01 
 0.435179034690148E+00  0.828747189698168E-01  0.942834790510454E-01 
 0.439110688453569E+00  0.585731556603179E-01  0.113265941898508E+00 
 0.441906687610343E+00  0.311045129109307E-01  0.128081568696218E+00 
 0.434161404426243E+00  0.880504752105711E-01  0.793980687457055E+00 
 0.426801384480474E+00  0.118699576594538E+00  0.794411018438678E+00 
 0.415705127791096E+00  0.153095584542341E+00  0.793778690933731E+00 
 0.400689358191116E+00  0.188936628292577E+00  0.809425026580908E+00 
 0.387778096307577E+00  0.214189540599554E+00  0.803600041331726E+00 
 0.374155864490695E+00  0.237184317241669E+00  0.813279980994260E+00 
 0.354817863933793E+00  0.265241955036591E+00  0.817559266174348E+00 
 0.340081142626471E+00  0.283890520637879E+00  0.800551514497513E+00 
 0.317234111585932E+00  0.309211141009597E+00  0.808976698114086E+00 
 0.401725122870018E+00  0.186724226958485E+00  0.977243189720496E+00 
 0.391707824642517E+00  0.206915420865638E+00  0.959143913331394E+00 
 0.381670021585020E+00  0.224893321157982E+00  0.936445490180981E+00 
 0.369784909493073E+00  0.243942886736578E+00  0.916237783182179E+00 
 0.356323509573493E+00  0.263215819819786E+00  0.896819471027461E+00 
 0.342445798230583E+00  0.281033603955809E+00  0.872030809489381E+00 
 0.325109975273494E+00  0.300919449779904E+00  0.859698090256909E+00 
 0.312252370041188E+00  0.314241099606391E+00  0.839854523555334E+00 
 0.361718952938401E+00  0.255750680083790E+00  0.786709122603992E+00 
 0.345502705197386E+00  0.277266824520101E+00  0.774060253296488E+00 
 0.326151292726475E+00  0.299790502736530E+00  0.777246285332822E+00 
 0.416093942576153E+00  0.152035661045707E+00  0.725122394183977E+00 
 0.401059471750536E+00  0.188149704749585E+00  0.731111876997939E+00 
 0.384778798482327E+00  0.219531973791231E+00  0.739486851562535E+00 
 0.441986824073550E+00  0.299442586074256E-01  0.736875693055683E+00 
 0.439291418480291E+00  0.572019311540189E-01  0.729958024928667E+00 
 0.433414610072002E+00  0.916558075318155E-01  0.740576352237600E+00 
 0.441950396179577E+00  0.304771815443382E-01  0.768707783931260E+00 
 0.438199753647997E+00  0.650383516166496E-01  0.763186726253632E+00 
 0.431955150866443E+00  0.983044196265998E-01  0.771161278589277E+00 
 0.424776606854628E+00  0.125753113469371E+00  0.764956360567500E+00 
 0.413705815603714E+00  0.158418778602281E+00  0.756714257397713E+00 
 0.401287784590522E+00  0.187662263698928E+00  0.761751268625849E+00 
 0.389449805189370E+00  0.211134697565651E+00  0.760823297167018E+00 
 0.374607623192696E+00  0.236470167091105E+00  0.759872197410534E+00 
 0.358423778654209E+00  0.260348624297138E+00  0.754959916935233E+00 
 0.340008763887247E+00  0.283977202884384E+00  0.749804057497504E+00 
 0.318396233517676E+00  0.308014366158350E+00  0.748821219899873E+00 
 0.355307339591282E+00  0.264585913666503E+00  0.726871330859510E+00 
 0.336444159169452E+00  0.288191497166263E+00  0.721872189530657E+00 
 0.315488379437299E+00  0.310992111987104E+00  0.718126059316441E+00 
 0.412231646023309E+00  0.162216156085286E+00  0.665077370408448E+00 
 0.398380021728146E+00  0.193758534176067E+00  0.668447569105043E+00 
 0.386035003951514E+00  0.217315409031047E+00  0.684617632923921E+00 
 0.441917195051184E+00  0.309548703157519E-01  0.675565157626137E+00 
 0.439109138711417E+00  0.585847725803670E-01  0.672325120988391E+00 
 0.433287217166168E+00  0.922561581607046E-01  0.680246303462310E+00 
 0.441903153687000E+00  0.311546792577794E-01  0.706047196940924E+00 
 0.438043862971748E+00  0.660801436966112E-01  0.702734531179295E+00 
 0.431406101949511E+00  0.100686575465162E+00  0.712944705875352E+00 
 0.424300649869901E+00  0.127349793082484E+00  0.703818227750814E+00 
 0.413767784441529E+00  0.158256853995400E+00  0.697503641222679E+00 
 0.400300344189865E+00  0.189759441714110E+00  0.695334946689038E+00 
 0.386229315082166E+00  0.216969876824728E+00  0.713879389677542E+00 
 0.390442199187585E+00  0.209293813505652E+00  0.304252195748433E-01 
 0.376726895930741E+00  0.233079079199667E+00  0.530266404375131E-01 
 0.365579973345738E+00  0.250200508326231E+00  0.755576420156606E-01 
 0.353439878882410E+00  0.267075388783317E+00  0.970319706796313E-01 
 0.340241783371004E+00  0.283697973427183E+00  0.116897826687250E+00 
 0.326343162633446E+00  0.299581627408244E+00  0.134847846857685E+00 
 0.312835241232228E+00  0.313660840911560E+00  0.150435230223269E+00 
 0.370847561021772E+00  0.242324364772465E+00  0.704959906387315E+00 
 0.353623676906179E+00  0.266831981609266E+00  0.698072598841804E+00 
 0.334620033418792E+00  0.290307499925472E+00  0.692313446013371E+00 
 0.314301110712955E+00  0.312191965115657E+00  0.687130785231540E+00 
 0.352642232795059E+00  0.268127706377928E+00  0.668422775439137E+00 
 0.333639828088844E+00  0.291433485363330E+00  0.662082570117212E+00 
 0.313716018133560E+00  0.312779908633206E+00  0.656023136913422E+00 
 0.416715208578954E+00  0.150324469788426E+00  0.603241814166409E+00 
 0.402516231965838E+00  0.185012686814171E+00  0.611142325798693E+00 
 0.383758660997753E+00  0.221310418614643E+00  0.622725461027854E+00 
 0.442262315170116E+00  0.255549576117826E-01  0.611156588311191E+00 
 0.438867871390481E+00  0.603655757809376E-01  0.619914791515932E+00 
 0.432585601762798E+00  0.954919285892373E-01  0.616593765061980E+00 
 0.441605850401147E+00  0.351181458743487E-01  0.643237694009512E+00 
 0.437584509825135E+00  0.690565568159361E-01  0.651773906190572E+00 
 0.432333315210949E+00  0.966277177464321E-01  0.647492224885386E+00 
 0.424397143219917E+00  0.127027855626022E+00  0.641046190927241E+00 
 0.414873369782690E+00  0.155335438079428E+00  0.630370926329493E+00 
 0.403773314701946E+00  0.182252905636036E+00  0.643980099155033E+00 
 0.387987694162888E+00  0.213809636023126E+00  0.650699249708461E+00 
 0.369769891770186E+00  0.243965650078942E+00  0.645210606329460E+00 
 0.351839133941784E+00  0.269180673721699E+00  0.638338663927261E+00 
 0.332979002343410E+00  0.292188287370591E+00  0.631605957936530E+00 
 0.313337934686562E+00  0.313158665798238E+00  0.624827019831892E+00 
 0.351077219403121E+00  0.270173642856489E+00  0.608133804037827E+00 
 0.332467752404989E+00  0.292769883848983E+00  0.601206030780238E+00 
 0.313107839850533E+00  0.313388723317074E+00  0.594208242430105E+00 
 0.441888345430371E+00  0.313640152241522E-01  0.585473529084329E+00 
 0.438140551643030E+00  0.654359861553029E-01  0.586783534246818E+00 
 0.431855351690396E+00  0.987419186290134E-01  0.587287366673992E+00 
 0.423954851401857E+00  0.128496284969648E+00  0.583278466332230E+00 
 0.414264837845114E+00  0.156951124249984E+00  0.579082690743883E+00 
 0.406938051727216E+00  0.175072651589652E+00  0.266642764319416E-01 
 0.402959529097100E+00  0.184045182463488E+00  0.576549299902416E+00 
 0.387088454901792E+00  0.215433375687056E+00  0.590069911390041E+00 
 0.368002621224296E+00  0.246623360714718E+00  0.585151302840871E+00 
 0.350425435288070E+00  0.271018496751309E+00  0.577964160928087E+00 
 0.332039071722667E+00  0.293255973728961E+00  0.571059693587401E+00 
 0.312897667026794E+00  0.313598567036526E+00  0.564448890412443E+00 
 0.410756049210797E+00  0.165917085663022E+00  0.523648470686195E+00 
 0.398097711364977E+00  0.194337910568533E+00  0.517415064543499E+00 
 0.383026510501370E+00  0.222575163779161E+00  0.534113061524307E+00 
 0.441779805941169E+00  0.328574853078395E-01  0.524853166818507E+00 
 0.438632604084916E+00  0.620519936171378E-01  0.520266486983715E+00 
 0.431936474762236E+00  0.983864474820922E-01  0.530247093740154E+00 
 0.441704910107601E+00  0.338494263615838E-01  0.555804606796136E+00 
 0.437256600301155E+00  0.711032824224876E-01  0.553606878705392E+00 
 0.430146061324003E+00  0.105940441785090E+00  0.562019707457814E+00 
 0.422751406989656E+00  0.132401885056212E+00  0.555476534176415E+00 
 0.412200480228022E+00  0.162295333814503E+00  0.551829544791849E+00 
 0.397120246864495E+00  0.196327585449570E+00  0.550529627970234E+00 
 0.381004387994209E+00  0.226019175308943E+00  0.563559829789323E+00 
 0.366750362259974E+00  0.248481755990964E+00  0.554947772721611E+00 
 0.349843807661410E+00  0.271768875184667E+00  0.547512281703356E+00 
 0.331572370045797E+00  0.293783550765499E+00  0.541130464836047E+00 
 0.371809459943655E+00  0.240845877636681E+00  0.258478448301043E-01 
 0.360227013522846E+00  0.257847842741771E+00  0.491239484201856E-01 
 0.348320526729210E+00  0.273718508576344E+00  0.708583716276432E-01 
 0.335725905857617E+00  0.289027900753983E+00  0.910329811327726E-01 
 0.323081582802135E+00  0.303096192869919E+00  0.109858517790508E+00 
 0.309207977083751E+00  0.317237195464132E+00  0.127268031367129E+00 
 0.312605035971883E+00  0.313890271851790E+00  0.535513800843035E+00 
 0.349367854780241E+00  0.272380456942903E+00  0.516720226163658E+00 
 0.330766839278414E+00  0.294690192086435E+00  0.511362841336996E+00 
 0.311987357874082E+00  0.314504212698212E+00  0.506831814221419E+00 
 0.441197100051791E+00  0.399265598826505E-01  0.463366776026507E+00 
 0.435388426491447E+00  0.817675324042308E-01  0.468334345433985E+00 
 0.427386746630525E+00  0.116574354309804E+00  0.470341642213460E+00 
 0.441582104727316E+00  0.354154777288988E-01  0.494307998519733E+00 
 0.437173339463060E+00  0.716134243064268E-01  0.495387842623184E+00 
 0.429841854820941E+00  0.107168050846632E+00  0.499003647092109E+00 
 0.420202694426481E+00  0.140280814350706E+00  0.497993848434220E+00 
 0.409468313421843E+00  0.169070138054138E+00  0.496242880233141E+00 
 0.399229629235276E+00  0.192001860456715E+00  0.492283427956559E+00 
 0.385144131753179E+00  0.218890404207829E+00  0.498210708679572E+00 
 0.366858828296282E+00  0.248321588629048E+00  0.489740174511473E+00 
 0.347809818257096E+00  0.274367165677925E+00  0.486112483111876E+00 
 0.328995593596025E+00  0.296666328848710E+00  0.481777687693071E+00 
 0.310799044503369E+00  0.315678578959621E+00  0.478520527494362E+00 
 0.441785650821464E+00  0.327788042251034E-01  0.436042104238511E+00 
 0.438832086029089E+00  0.606251725732313E-01  0.433296224990269E+00 
 0.432677725362476E+00  0.950736412121052E-01  0.443804211522713E+00 
 0.424701181805241E+00  0.126007608704408E+00  0.441141946347522E+00 
 0.412623507972979E+00  0.161216785559834E+00  0.441888418646540E+00 
 0.399823972211045E+00  0.190761113761576E+00  0.451349744887318E+00 
 0.384243672082924E+00  0.220467257755902E+00  0.459598178010605E+00 
 0.364041321784577E+00  0.252434005854030E+00  0.453522316281832E+00 
 0.343664536440321E+00  0.279541942597943E+00  0.458723241071794E+00 
 0.326452091980681E+00  0.299462924115172E+00  0.449805956326370E+00 
 0.307772483661860E+00  0.318630051280138E+00  0.453735762988874E+00 
 0.442111529848180E+00  0.280429394584930E-01  0.412158509198728E+00 
 0.439906253433541E+00  0.522637490832777E-01  0.402090853648886E+00 
 0.433812587634976E+00  0.897532734089476E-01  0.406933659645081E+00 
 0.422118178827522E+00  0.134407047365485E+00  0.411793254642645E+00 
 0.412506559762159E+00  0.161515786941591E+00  0.414791511109904E+00 
 0.398839090817560E+00  0.192811801801647E+00  0.420924598379371E+00 
 0.381046768166439E+00  0.225947719059274E+00  0.431462946813822E+00 
 0.368745562710533E+00  0.245511142841761E+00  0.421107622814728E+00 
 0.353956025180314E+00  0.266390959900531E+00  0.238914521063834E-01 
 0.342614433744708E+00  0.280827991959429E+00  0.460400544622514E-01 
 0.330279288677238E+00  0.295236520012396E+00  0.665639323023124E-01 
 0.317316456022508E+00  0.309126637505551E+00  0.856020157138123E-01 
 0.307118752292351E+00  0.319260212473404E+00  0.104024824406054E+00 
 0.349266405206691E+00  0.272510530938106E+00  0.424505073472633E+00 
 0.330692941044457E+00  0.294773116178425E+00  0.421739498493796E+00 
 0.311833158975113E+00  0.314657102639961E+00  0.421977281540242E+00 
 0.442268696807451E+00  0.254442744524096E-01  0.379107223895409E+00 
 0.439486397939105E+00  0.556840848419561E-01  0.374986245997788E+00 
 0.435155808728180E+00  0.829965867268002E-01  0.371713836055081E+00 
 0.428163831883388E+00  0.113687045634523E+00  0.379187107166058E+00 
 0.414178728159537E+00  0.157178218651060E+00  0.384396511914433E+00 
 0.399556217291877E+00  0.191321301745472E+00  0.389470910491199E+00 
 0.383974059368524E+00  0.220936490897801E+00  0.399425577785458E+00 
 0.365923123901801E+00  0.249698375389433E+00  0.395582688677946E+00 
 0.351350367962439E+00  0.269818328159582E+00  0.395192737919621E+00 
 0.333846532480825E+00  0.291196675854483E+00  0.391758281503772E+00 
 0.314311216265104E+00  0.312181790961811E+00  0.392704818505786E+00 
 0.357074552064476E+00  0.262196063178164E+00  0.368514342515691E+00 
 0.340114708367504E+00  0.283850306376900E+00  0.358858492019972E+00 
 0.317806099847179E+00  0.308623223653207E+00  0.363400526037781E+00 
 0.441994159771998E+00  0.298357839785789E-01  0.347076767385975E+00 
 0.438730758144834E+00  0.613541615201039E-01  0.345563151164364E+00 
 0.433070727594144E+00  0.932671227134920E-01  0.348362488805164E+00 
 0.424853098599443E+00  0.125494445648498E+00  0.350336403557030E+00 
 0.414213889733363E+00  0.157085533484565E+00  0.345937245676127E+00 
 0.402044255101383E+00  0.186036093858556E+00  0.342565184999295E+00 
 0.388175112618469E+00  0.213469185649394E+00  0.342939290135924E+00 
 0.372326320100303E+00  0.240046084406187E+00  0.341452303952910E+00 
 0.354762258064873E+00  0.265316323528888E+00  0.337193437037605E+00 
 0.335751426903522E+00  0.288998253645971E+00  0.332344401189258E+00 
 0.314883398027364E+00  0.311604648432775E+00  0.329359642931493E+00 
 0.413590834283862E+00  0.158718723137984E+00  0.281635097155089E+00 
 0.398039684459912E+00  0.194456732650813E+00  0.286551110435528E+00 
 0.380668314256512E+00  0.226584743085854E+00  0.293035238247744E+00 
 0.441803686928071E+00  0.325348043629376E-01  0.285708954498224E+00 
 0.438633345673544E+00  0.620467512558804E-01  0.280821141886072E+00 
 0.432138811288200E+00  0.974938924066307E-01  0.294108223261134E+00 
 0.441787417896545E+00  0.327549792623241E-01  0.316615613971732E+00 
 0.437525007908129E+00  0.694325480820597E-01  0.314549624969255E+00 
 0.336152027372636E+00  0.288532191915284E+00  0.224346784982820E-01 
 0.324790802926462E+00  0.301263913558455E+00  0.432603572362619E-01 
 0.311350623668235E+00  0.315134575093838E+00  0.625801219536911E-01 
 0.430664292034579E+00  0.103813673687663E+00  0.325218625244784E+00 
 0.423027490514186E+00  0.131517122639760E+00  0.319780236775036E+00 
 0.411060290102182E+00  0.165161887792806E+00  0.312922950668674E+00 
 0.397331849265304E+00  0.195898986310776E+00  0.319535392066619E+00 
 0.384363724033684E+00  0.220257891856647E+00  0.316964605675591E+00 
 0.368872352913838E+00  0.245320603565995E+00  0.313572882854224E+00 
 0.351979572002743E+00  0.268997011453545E+00  0.308171772546517E+00 
 0.333333927111266E+00  0.291783317403091E+00  0.303030153646003E+00 
 0.313497963805752E+00  0.312998463203608E+00  0.297732805600572E+00 
 0.350220637870169E+00  0.271283092152800E+00  0.278890120770144E+00 
 0.331772730088046E+00  0.293557263320287E+00  0.273548140430626E+00 
 0.312600064168501E+00  0.313895223219503E+00  0.267926325878747E+00 
 0.409562609919614E+00  0.168841582064395E+00  0.226208426342800E+00 
 0.398650579034352E+00  0.193201260642243E+00  0.224991782144283E+00 
 0.384577452049821E+00  0.219884502985192E+00  0.229088141757322E+00 
 0.441427951573178E+00  0.372877305300424E-01  0.224732531689794E+00 
 0.437400446012376E+00  0.702129696448647E-01  0.223161144846898E+00 
 0.430459246998807E+00  0.104660632290243E+00  0.237248447657110E+00 
 0.441615724520490E+00  0.349937585065544E-01  0.255370527044069E+00 
 0.436773574403084E+00  0.740125393519859E-01  0.254892009991656E+00 
 0.429479094891036E+00  0.108612698749960E+00  0.267963807732576E+00 
 0.421774950907788E+00  0.135480264484924E+00  0.261066456196305E+00 
 0.411087248376603E+00  0.165094777326013E+00  0.255358461579465E+00 
 0.398213245599805E+00  0.194101062096645E+00  0.250050439611319E+00 
 0.383077258304796E+00  0.222487809661242E+00  0.265269022869696E+00 
 0.366832885744129E+00  0.248359910643425E+00  0.255037257407283E+00 
 0.348804729594950E+00  0.273101211806843E+00  0.249632664535654E+00 
 0.318264986265697E+00  0.308149979385799E+00  0.210166939985615E-01 
 0.307909127828351E+00  0.318498006709866E+00  0.400617996338468E-01 
 0.330200637287053E+00  0.295324483261032E+00  0.244748565069995E+00 
 0.311638046056567E+00  0.314850344653167E+00  0.239166648545353E+00 
 0.346208082978619E+00  0.276385554178293E+00  0.221477387608561E+00 
 0.327912665487270E+00  0.297862879679905E+00  0.217020054004831E+00 
 0.310572765140833E+00  0.315901201059683E+00  0.210092440098828E+00 
 0.441543925855834E+00  0.358883381893079E-01  0.157712104962839E+00 
 0.436702413957334E+00  0.744312630687748E-01  0.173190358771069E+00 
 0.427430149290685E+00  0.116415113947954E+00  0.182830176089249E+00 
 0.440714850466230E+00  0.449380891527707E-01  0.192778355072032E+00 
 0.433975469658068E+00  0.889623685230662E-01  0.203148607633686E+00 
 0.427039102687584E+00  0.117841486981264E+00  0.212860747097496E+00 
 0.419421741434473E+00  0.142598787127543E+00  0.206528731509255E+00 
 0.411472153467673E+00  0.164133111220280E+00  0.202300399936345E+00 
 0.400306868193051E+00  0.189745678621799E+00  0.196005480994813E+00 
 0.380820647340823E+00  0.226328623547914E+00  0.195877056937598E+00 
 0.359944233433131E+00  0.258242444413015E+00  0.190385667357235E+00 
 0.341134320874297E+00  0.282624107959325E+00  0.197941935334861E+00 
 0.326393313736767E+00  0.299526987141566E+00  0.188849160926826E+00 
 0.309532055760062E+00  0.316920996046527E+00  0.177805667172179E+00 
 0.480310517096129E+00  0.000000000000000E+00  0.971446603638439E+00 
 0.461610881888863E+00  0.000000000000000E+00  0.960121940795442E+00 
 0.480673837281671E+00  0.000000000000000E+00  0.942058722062188E+00 
 0.461787239241004E+00  0.000000000000000E+00  0.930527701211601E+00 
 0.480758955511018E+00  0.000000000000000E+00  0.913291118257819E+00 
 0.461730236187844E+00  0.000000000000000E+00  0.901224961063443E+00 
 0.480791354429381E+00  0.000000000000000E+00  0.883741986016809E+00 
 0.461773779466375E+00  0.000000000000000E+00  0.870928817534052E+00 
 0.480876789037457E+00  0.000000000000000E+00  0.853266066784923E+00 
 0.461887707685210E+00  0.000000000000000E+00  0.840557367085141E+00 
 0.480947762875951E+00  0.000000000000000E+00  0.822132675176522E+00 
 0.461954703721270E+00  0.000000000000000E+00  0.810231323049105E+00 
 0.481059802663765E+00  0.000000000000000E+00  0.790159877345811E+00 
 0.462023718347856E+00  0.000000000000000E+00  0.779895246547524E+00 
 0.480954119057637E+00  0.000000000000000E+00  0.757331827288504E+00 
 0.461884699689071E+00  0.000000000000000E+00  0.748848375871592E+00 
 0.480821424041176E+00  0.000000000000000E+00  0.725006648882068E+00 
 0.461789000125605E+00  0.000000000000000E+00  0.717449877220128E+00 
 0.480774512307796E+00  0.000000000000000E+00  0.693580823279685E+00 
 0.461756896605705E+00  0.000000000000000E+00  0.686326771246386E+00 
 0.480754059203919E+00  0.000000000000000E+00  0.662655177877149E+00 
 0.461734130289912E+00  0.000000000000000E+00  0.655441819590797E+00 
 0.480765716201489E+00  0.000000000000000E+00  0.632104712201979E+00 
 0.461764583081493E+00  0.000000000000000E+00  0.625052979360915E+00 
 0.480767263175428E+00  0.000000000000000E+00  0.601764106256486E+00 
 0.461756759608915E+00  0.000000000000000E+00  0.594835704355831E+00 
 0.480763557231467E+00  0.000000000000000E+00  0.571462309808935E+00 
 0.461754824423123E+00  0.000000000000000E+00  0.564567780793674E+00 
 0.480758138533054E+00  0.000000000000000E+00  0.541080499627390E+00 
 0.462379079109594E+00  0.000000000000000E+00  0.273771281185168E-01 
 0.481007898734634E+00  0.000000000000000E+00  0.359791564261612E-01 
 0.461746314576000E+00  0.000000000000000E+00  0.534110946329701E+00 
 0.480745461656432E+00  0.000000000000000E+00  0.510539046689302E+00 
 0.461728508705153E+00  0.000000000000000E+00  0.503336084810182E+00 
 0.480730112326752E+00  0.000000000000000E+00  0.479850200937770E+00 
 0.461708989529291E+00  0.000000000000000E+00  0.472266054209606E+00 
 0.480708711712141E+00  0.000000000000000E+00  0.449125398002993E+00 
 0.461678658181003E+00  0.000000000000000E+00  0.441010289041639E+00 
 0.461870639995173E+00  0.000000000000000E+00  0.565654643012518E-01 
 0.480843688816466E+00  0.000000000000000E+00  0.658543227448847E-01 
 0.480680263956577E+00  0.000000000000000E+00  0.418636389140759E+00 
 0.461627019558067E+00  0.000000000000000E+00  0.409821909531527E+00 
 0.480791724242293E+00  0.000000000000000E+00  0.389035534575350E+00 
 0.461869855876707E+00  0.000000000000000E+00  0.380876818493541E+00 
 0.480844818849395E+00  0.000000000000000E+00  0.360230829732966E+00 
 0.461862673455583E+00  0.000000000000000E+00  0.353174585784715E+00 
 0.480776846693461E+00  0.000000000000000E+00  0.331541559604545E+00 
 0.461746480143320E+00  0.000000000000000E+00  0.324749012441510E+00 
 0.480708313578923E+00  0.000000000000000E+00  0.302695504021703E+00 
 0.461687498360871E+00  0.000000000000000E+00  0.295630142896364E+00 
 0.480651685803648E+00  0.000000000000000E+00  0.273873288181484E+00 
 0.461674297492902E+00  0.000000000000000E+00  0.266143343392306E+00 
 0.480743177811973E+00  0.000000000000000E+00  0.244858297499001E+00 
 0.461705555141726E+00  0.000000000000000E+00  0.236348581346206E+00 
 0.480689698180083E+00  0.000000000000000E+00  0.215186141189422E+00 
 0.461647472551789E+00  0.000000000000000E+00  0.206342672351016E+00 
 0.461819361796648E+00  0.000000000000000E+00  0.867269936729150E-01 
 0.480893626888440E+00  0.000000000000000E+00  0.967678063370490E-01 
 0.480597912503350E+00  0.000000000000000E+00  0.186221880582747E+00 
 0.461641683811636E+00  0.000000000000000E+00  0.176596082388667E+00 
 0.480727302836842E+00  0.000000000000000E+00  0.157679401429902E+00 
 0.461774437576675E+00  0.000000000000000E+00  0.147027243433423E+00 
 0.480897021995088E+00  0.000000000000000E+00  0.127862545849319E+00 
 0.461880235207769E+00  0.000000000000000E+00  0.117210125780257E+00 
