 0.500000000000000E+00 -0.462592926927149E-17  0.000000000000000E+00 
 0.352347420547625E+00  0.354755261037007E+00  0.000000000000000E+00 
 0.366541778762761E+00  0.340069293558579E+00  0.000000000000000E+00 
 0.382249182860780E+00  0.322312832822812E+00  0.000000000000000E+00 
 0.399409618608977E+00  0.300785565748477E+00  0.000000000000000E+00 
 0.417216132436934E+00  0.275555255501264E+00  0.000000000000000E+00 
 0.434910337470163E+00  0.246684005078540E+00  0.000000000000000E+00 
 0.451079733874519E+00  0.215701353003853E+00  0.000000000000000E+00 
 0.464424826332425E+00  0.185228455389815E+00  0.000000000000000E+00 
 0.475061584043848E+00  0.155937459789974E+00  0.000000000000000E+00 
 0.483759353579836E+00  0.126399714493425E+00  0.000000000000000E+00 
 0.490643378561306E+00  0.962760358238079E-01  0.000000000000000E+00 
 0.495534032154192E+00  0.666785046098672E-01  0.000000000000000E+00 
 0.498458693119233E+00  0.392292142907030E-01  0.000000000000000E+00 
 0.499736700172291E+00  0.162243798312885E-01  0.000000000000000E+00 
 0.339600000856444E+00  0.366976619716165E+00  0.000000000000000E+00 
 0.339600000856444E+00  0.352675488596710E+00  0.000000000000000E+00 
 0.488932520858672E+00  0.255568168088905E-01  0.000000000000000E+00 
 0.486817306030884E+00  0.521255348889732E-01  0.000000000000000E+00 
 0.482894871490191E+00  0.807508757048902E-01  0.000000000000000E+00 
 0.476914155324232E+00  0.110729622459417E+00  0.000000000000000E+00 
 0.469104299538364E+00  0.140176021463186E+00  0.000000000000000E+00 
 0.459712999973277E+00  0.168440252001107E+00  0.000000000000000E+00 
 0.448248232181530E+00  0.196930655777006E+00  0.000000000000000E+00 
 0.433696408030678E+00  0.227190639111557E+00  0.000000000000000E+00 
 0.416744180226024E+00  0.256967797761442E+00  0.000000000000000E+00 
 0.399200970889604E+00  0.283455015265947E+00  0.000000000000000E+00 
 0.381805838967086E+00  0.306484032486617E+00  0.000000000000000E+00 
 0.365634812615311E+00  0.325606118865088E+00  0.000000000000000E+00 
 0.350930882183534E+00  0.341402514297286E+00  0.000000000000000E+00 
 0.489600000856464E+00  0.346944695195361E-17  0.000000000000000E+00 
 0.339600000856444E+00  0.366976619716165E+00  0.100000000000000E+01 
 0.499339359979689E+00  0.256944269263790E-01  0.100000000000000E+01 
 0.497228435979750E+00  0.525726397770870E-01  0.100000000000000E+01 
 0.493190340553446E+00  0.822392119659258E-01  0.100000000000000E+01 
 0.486622874775072E+00  0.114883322312879E+00  0.100000000000000E+01 
 0.477949249389530E+00  0.146848612550425E+00  0.100000000000000E+01 
 0.468096587058062E+00  0.175742952019686E+00  0.100000000000000E+01 
 0.455905903394596E+00  0.205304182251500E+00  0.100000000000000E+01 
 0.442495114969144E+00  0.232804796403434E+00  0.100000000000000E+01 
 0.427928010913582E+00  0.258607071588434E+00  0.100000000000000E+01 
 0.411337068981453E+00  0.284256601826144E+00  0.100000000000000E+01 
 0.392201397968388E+00  0.310125883201713E+00  0.100000000000000E+01 
 0.372318998080221E+00  0.333734271042907E+00  0.100000000000000E+01 
 0.354514473376157E+00  0.352589688117543E+00  0.100000000000000E+01 
 0.500000000000000E+00 -0.462592926927149E-17  0.100000000000000E+01 
 0.489600000856464E+00  0.346944695195361E-17  0.100000000000000E+01 
 0.355009334520383E+00  0.337159507120911E+00  0.100000000000000E+01 
 0.373132050698192E+00  0.316986803479860E+00  0.100000000000000E+01 
 0.393117665638739E+00  0.291833277405728E+00  0.100000000000000E+01 
 0.411733022295889E+00  0.264922779673092E+00  0.100000000000000E+01 
 0.426368507298820E+00  0.240661706181945E+00  0.100000000000000E+01 
 0.439967950051330E+00  0.214793770315298E+00  0.100000000000000E+01 
 0.453015574680018E+00  0.185701507629747E+00  0.100000000000000E+01 
 0.464084131982692E+00  0.155993843726275E+00  0.100000000000000E+01 
 0.472756827526686E+00  0.127315132115281E+00  0.100000000000000E+01 
 0.479989735061270E+00  0.965298662303280E-01  0.100000000000000E+01 
 0.485170521720003E+00  0.657094033801312E-01  0.100000000000000E+01 
 0.488097324946314E+00  0.383296519534848E-01  0.100000000000000E+01 
 0.489343733139203E+00  0.158389291307968E-01  0.100000000000000E+01 
 0.339600000856444E+00  0.352675488596710E+00  0.100000000000000E+01 
 0.500000000000000E+00 -0.138777878078145E-16  0.973290395509612E+00 
 0.500000000000000E+00 -0.138777878078145E-16  0.944619651344867E+00 
 0.500000000000000E+00 -0.138777878078145E-16  0.915045737450235E+00 
 0.500000000000000E+00 -0.138777878078145E-16  0.883298893910047E+00 
 0.500000000000000E+00 -0.138777878078145E-16  0.854088952337035E+00 
 0.500000000000000E+00 -0.138777878078145E-16  0.825884170542859E+00 
 0.500000000000000E+00 -0.138777878078145E-16  0.794708350971945E+00 
 0.500000000000000E+00 -0.138777878078145E-16  0.760474989650386E+00 
 0.500000000000000E+00 -0.138777878078145E-16  0.727010916429186E+00 
 0.500000000000000E+00 -0.138777878078145E-16  0.695824878365109E+00 
 0.500000000000000E+00 -0.138777878078145E-16  0.667041115031372E+00 
 0.500000000000000E+00 -0.138777878078145E-16  0.638209045084562E+00 
 0.500000000000000E+00 -0.138777878078145E-16  0.608668808105004E+00 
 0.500000000000000E+00 -0.138777878078145E-16  0.578750972035275E+00 
 0.500000000000000E+00 -0.138777878078145E-16  0.548651945922108E+00 
 0.500000000000000E+00 -0.138777878078145E-16  0.518509286668333E+00 
 0.500000000000000E+00 -0.138777878078145E-16  0.488160080278562E+00 
 0.500000000000000E+00 -0.138777878078145E-16  0.457499961132026E+00 
 0.500000000000000E+00 -0.138777878078145E-16  0.426348886272987E+00 
 0.500000000000000E+00 -0.138777878078145E-16  0.394945199361528E+00 
 0.500000000000000E+00 -0.138777878078145E-16  0.364847589974831E+00 
 0.500000000000000E+00 -0.138777878078145E-16  0.336403295950119E+00 
 0.500000000000000E+00 -0.138777878078145E-16  0.307475489245361E+00 
 0.500000000000000E+00 -0.138777878078145E-16  0.277851301061406E+00 
 0.500000000000000E+00 -0.138777878078145E-16  0.248003362041369E+00 
 0.500000000000000E+00 -0.138777878078145E-16  0.217903339616333E+00 
 0.500000000000000E+00 -0.138777878078145E-16  0.188018614525270E+00 
 0.500000000000000E+00 -0.138777878078145E-16  0.161482206065905E+00 
 0.500000000000000E+00 -0.138777878078145E-16  0.133211940512515E+00 
 0.500000000000000E+00 -0.138777878078145E-16  0.100860991695804E+00 
 0.500000000000000E+00 -0.138777878078145E-16  0.679156780941615E-01 
 0.500000000000000E+00 -0.138777878078145E-16  0.387744013924746E-01 
 0.500000000000000E+00 -0.138777878078145E-16  0.159279560255682E-01 
 0.339600000856444E+00  0.366976619716165E+00  0.200211224573140E-01 
 0.339600000856444E+00  0.366976619716165E+00  0.566018584747729E-01 
 0.339600000856444E+00  0.366976619716165E+00  0.858089700432948E-01 
 0.339600000856444E+00  0.366976619716165E+00  0.117696977559413E+00 
 0.339600000856444E+00  0.366976619716165E+00  0.149385937011780E+00 
 0.339600000856444E+00  0.366976619716165E+00  0.178124963636409E+00 
 0.339600000856444E+00  0.366976619716165E+00  0.209118395994407E+00 
 0.339600000856444E+00  0.366976619716165E+00  0.239117283871625E+00 
 0.339600000856444E+00  0.366976619716165E+00  0.278706789517115E+00 
 0.339600000856444E+00  0.366976619716165E+00  0.304331855865595E+00 
 0.339600000856444E+00  0.366976619716165E+00  0.329808874689121E+00 
 0.339600000856444E+00  0.366976619716165E+00  0.358456410949334E+00 
 0.339600000856444E+00  0.366976619716165E+00  0.391890004714963E+00 
 0.339600000856444E+00  0.366976619716165E+00  0.429320982505558E+00 
 0.339600000856444E+00  0.366976619716165E+00  0.460857845087575E+00 
 0.339600000856444E+00  0.366976619716165E+00  0.485586167639448E+00 
 0.339600000856444E+00  0.366976619716165E+00  0.514065000310288E+00 
 0.339600000856444E+00  0.366976619716165E+00  0.542296441495171E+00 
 0.339600000856444E+00  0.366976619716165E+00  0.568081673670541E+00 
 0.339600000856444E+00  0.366976619716165E+00  0.597791060715225E+00 
 0.339600000856444E+00  0.366976619716165E+00  0.633586583248179E+00 
 0.339600000856444E+00  0.366976619716165E+00  0.665225647782420E+00 
 0.339600000856444E+00  0.366976619716165E+00  0.694326083259642E+00 
 0.339600000856444E+00  0.366976619716165E+00  0.730641279158259E+00 
 0.339600000856444E+00  0.366976619716165E+00  0.761807132970466E+00 
 0.339600000856444E+00  0.366976619716165E+00  0.786130410598789E+00 
 0.339600000856444E+00  0.366976619716165E+00  0.810831304383494E+00 
 0.339600000856444E+00  0.366976619716165E+00  0.840663505330738E+00 
 0.339600000856444E+00  0.366976619716165E+00  0.870730807161513E+00 
 0.339600000856444E+00  0.366976619716165E+00  0.896790950699717E+00 
 0.339600000856444E+00  0.366976619716165E+00  0.926349984164253E+00 
 0.339600000856444E+00  0.366976619716165E+00  0.959450821598155E+00 
 0.339600000856444E+00  0.366976619716165E+00  0.982838954948712E+00 
 0.447809027663733E+00  0.222411948291592E+00  0.903871133682116E+00 
 0.450733381294011E+00  0.216424164517893E+00  0.876444027039587E+00 
 0.463503801792700E+00  0.187521267390430E+00  0.894484406893636E+00 
 0.457531794288227E+00  0.201654797154432E+00  0.852296046943376E+00 
 0.451978034155397E+00  0.213812667166899E+00  0.211555522148393E+00 
 0.457025104403356E+00  0.202800527477375E+00  0.154295658077287E+00 
 0.458665823464450E+00  0.199061956148527E+00  0.122272351581420E+00 
 0.443305971380018E+00  0.231257033922904E+00  0.108155896334220E+00 
 0.454422111730571E+00  0.208567841170033E+00  0.847991372508490E-01 
 0.438082619677521E+00  0.241005432172141E+00  0.794313509656087E-01 
 0.461549181530396E+00  0.192281962306976E+00  0.954885587011543E+00 
 0.442233760499476E+00  0.233300880998106E+00  0.931203241616638E+00 
 0.455826514964087E+00  0.205480384114141E+00  0.930307170047963E+00 
 0.467862045556988E+00  0.176366397953893E+00  0.934538542975989E+00 
 0.358348012266260E+00  0.348692847797055E+00  0.168560132383441E-01 
 0.486121190491918E+00  0.116987982950048E+00  0.848518084802730E+00 
 0.485798000319974E+00  0.118322875578287E+00  0.819237548571868E+00 
 0.491724203651198E+00  0.905941915555076E-01  0.833624786898285E+00 
 0.495993517130317E+00  0.631698580392403E-01  0.815697544201675E+00 
 0.385325435342208E+00  0.318628794804138E+00  0.810522472331969E+00 
 0.399159434623196E+00  0.301117494927297E+00  0.834635946677912E+00 
 0.403561148149334E+00  0.295192140316085E+00  0.805028948797925E+00 
 0.411450552056124E+00  0.284092314596349E+00  0.858877941748597E+00 
 0.416596860129858E+00  0.276490607670394E+00  0.830277558254056E+00 
 0.420759293364986E+00  0.270114081541481E+00  0.801144363707900E+00 
 0.422586457602052E+00  0.267246488941107E+00  0.882997529377331E+00 
 0.428015958320222E+00  0.258461485376877E+00  0.855148904453679E+00 
 0.373320748080300E+00  0.332613317611856E+00  0.206490519689748E-01 
 0.359382266341780E+00  0.347626792176676E+00  0.386119349572081E-01 
 0.432841230209119E+00  0.250296762725882E+00  0.826772533246132E+00 
 0.436417388411826E+00  0.244007916043315E+00  0.797861484848296E+00 
 0.432935037778311E+00  0.250134469963443E+00  0.906759620803984E+00 
 0.437947925100371E+00  0.241250108601593E+00  0.879693973273396E+00 
 0.443137465921063E+00  0.231579762278700E+00  0.852092983963170E+00 
 0.447968184689578E+00  0.222091209879914E+00  0.823784962426338E+00 
 0.450121803537672E+00  0.217693274999468E+00  0.794168006918270E+00 
 0.474334422707611E+00  0.158135560310252E+00  0.914705122315024E+00 
 0.476522979015735E+00  0.151412847770488E+00  0.886269547091164E+00 
 0.470179523378639E+00  0.170091786384397E+00  0.856077466058673E+00 
 0.462855898053705E+00  0.189114826591938E+00  0.819215277938955E+00 
 0.460608384956829E+00  0.194524845990074E+00  0.787317390776165E+00 
 0.484924899268375E+00  0.121851721651999E+00  0.880350701787673E+00 
 0.479547886320871E+00  0.141540894179686E+00  0.859168571331998E+00 
 0.477426994603750E+00  0.148537755549324E+00  0.826908073846976E+00 
 0.470845992974228E+00  0.168238078032629E+00  0.792659052907472E+00 
 0.389408931025621E+00  0.313625069848510E+00  0.185289742968446E+00 
 0.395907002109072E+00  0.305381148208280E+00  0.160450939862890E+00 
 0.414690736880679E+00  0.279341355236491E+00  0.179631744284583E+00 
 0.407723462295355E+00  0.289415926123439E+00  0.142660314506525E+00 
 0.437585396191495E+00  0.241907050413858E+00  0.204422956003934E+00 
 0.434844500028286E+00  0.246800042129555E+00  0.171235862258839E+00 
 0.425134615379588E+00  0.263174008606568E+00  0.147188369400887E+00 
 0.417707670472015E+00  0.274809574121505E+00  0.120212618709806E+00 
 0.450669429035469E+00  0.216557303577700E+00  0.180875899086339E+00 
 0.390618296543800E+00  0.312117520183056E+00  0.221561455405673E-01 
 0.379535426989451E+00  0.325504008669533E+00  0.430353874729095E-01 
 0.366830208091012E+00  0.339758146969141E+00  0.631724116272105E-01 
 0.356365427739103E+00  0.350718807468784E+00  0.854053471580937E-01 
 0.443455147681695E+00  0.230970846633522E+00  0.143494953906684E+00 
 0.431969762671403E+00  0.251797784219027E+00  0.123524686723108E+00 
 0.427888766376144E+00  0.258672000048520E+00  0.989627012407458E-01 
 0.497471763659682E+00  0.502179685105343E-01  0.205973963210085E+00 
 0.494103030734722E+00  0.765649725315895E-01  0.186613642095406E+00 
 0.489811669334915E+00  0.100421753536493E+00  0.163613372129078E+00 
 0.488923590233295E+00  0.104660034938775E+00  0.193343022199804E+00 
 0.484882181213128E+00  0.122021597850543E+00  0.140816439798735E+00 
 0.481769758814776E+00  0.133783031403658E+00  0.197767024513841E+00 
 0.483257408914717E+00  0.128305404130279E+00  0.168724898209027E+00 
 0.472881537191215E+00  0.162428605189091E+00  0.201693906477164E+00 
 0.474856503180741E+00  0.156560855219174E+00  0.173272615287365E+00 
 0.477114452402778E+00  0.149538621460801E+00  0.145944184792157E+00 
 0.479001300034714E+00  0.143379756468806E+00  0.118729878663065E+00 
 0.462519382977232E+00  0.189936358737238E+00  0.205574684191272E+00 
 0.464584047847109E+00  0.184828738257866E+00  0.177470729041881E+00 
 0.467560497005635E+00  0.177164278678980E+00  0.149996396313797E+00 
 0.470756778595488E+00  0.168487552674964E+00  0.125881804331728E+00 
 0.469858482226928E+00  0.170976626120086E+00  0.975396453996724E-01 
 0.465237857462253E+00  0.183176788878756E+00  0.706443600988118E-01 
 0.445829716830492E+00  0.226353404195394E+00  0.590287053066539E-01 
 0.457087663224576E+00  0.202659488126998E+00  0.520488396642523E-01 
 0.354114684190127E+00  0.352991204480971E+00  0.944910517988631E+00 
 0.359789457896840E+00  0.347205336920817E+00  0.972112430524402E+00 
 0.359206635787339E+00  0.347808270181061E+00  0.920291945574612E+00 
 0.371799349463346E+00  0.334313092382922E+00  0.945249944842549E+00 
 0.382629240495557E+00  0.321861560795621E+00  0.971902742610757E+00 
 0.355956042634073E+00  0.351134298683980E+00  0.870491199533149E+00 
 0.366515839710239E+00  0.340097249682349E+00  0.894231122896610E+00 
 0.379470578871816E+00  0.325579605888773E+00  0.918138354049352E+00 
 0.391752585928961E+00  0.310692631740715E+00  0.943284902135219E+00 
 0.404861694291758E+00  0.293405876722344E+00  0.970029757169989E+00 
 0.420351962971545E+00  0.270747534108751E+00  0.980876547316660E+00 
 0.363837209939730E+00  0.342961345727580E+00  0.847423706783330E+00 
 0.408462002425152E+00  0.288372662669046E+00  0.233087859035954E-01 
 0.398208521010155E+00  0.302373897343843E+00  0.453477835538799E-01 
 0.387013870419788E+00  0.316575842575986E+00  0.664400907268425E-01 
 0.375710328790830E+00  0.329911728860746E+00  0.870218133820750E-01 
 0.365120707355654E+00  0.341594597527693E+00  0.106984205900289E+00 
 0.375095264614214E+00  0.330610862592251E+00  0.868019527437392E+00 
 0.386860639047688E+00  0.316763075429593E+00  0.890954523058007E+00 
 0.398828048367940E+00  0.301556276397989E+00  0.914717996554271E+00 
 0.410559797710818E+00  0.285378086936703E+00  0.938186170048067E+00 
 0.422261973787494E+00  0.267758894330497E+00  0.957700121446167E+00 
 0.433690643158315E+00  0.248822077068992E+00  0.976766844693590E+00 
 0.354194181824446E+00  0.352911435861338E+00  0.803440539702063E+00 
 0.366985722197241E+00  0.339590164320714E+00  0.820307439110125E+00 
 0.381222410811604E+00  0.323526619453467E+00  0.840444448661170E+00 
 0.393654044864929E+00  0.308279893865105E+00  0.863278769082185E+00 
 0.405454617224082E+00  0.292585976033837E+00  0.886896073584102E+00 
 0.416671018140977E+00  0.276378838989822E+00  0.910325589480041E+00 
 0.427070870940070E+00  0.260020136132743E+00  0.932361152233275E+00 
 0.435468538334632E+00  0.245697277397815E+00  0.952706899762502E+00 
 0.449166648734202E+00  0.219657282294227E+00  0.965860491252949E+00 
 0.498746758359958E+00  0.353789630350210E-01  0.975661789987505E+00 
 0.499552787944502E+00  0.211426596452661E-01  0.954979045463639E+00 
 0.495925058163504E+00  0.637050758222982E-01  0.971947906122137E+00 
 0.497949320106673E+00  0.452379774669641E-01  0.948706295014594E+00 
 0.499420067306435E+00  0.240748078213799E-01  0.929833821661342E+00 
 0.491401146398395E+00  0.923304571544170E-01  0.966033616617615E+00 
 0.494798880336807E+00  0.719309948314527E-01  0.940961347196367E+00 
 0.497443261535587E+00  0.504995203228430E-01  0.918922370870698E+00 
 0.499282162846526E+00  0.267828651061722E-01  0.899552526715022E+00 
 0.499626658745816E+00  0.193184334378278E-01  0.839767622321008E+00 
 0.480199784952457E+00  0.139313195827294E+00  0.972789329715340E+00 
 0.485442812541088E+00  0.119771765254579E+00  0.953742126430792E+00 
 0.490040214771328E+00  0.993004929840267E-01  0.931373176110195E+00 
 0.493916371599106E+00  0.777600017127950E-01  0.908782173132985E+00 
 0.496844946130288E+00  0.560811867277384E-01  0.886210727071339E+00 
 0.499115949991124E+00  0.297198328470770E-01  0.865434135557861E+00 
 0.480898883259104E+00  0.136880473699307E+00  0.793599978531853E+00 
 0.489683109661508E+00  0.101046781800492E+00  0.796055147452283E+00 
 0.494399622651627E+00  0.746258207454293E-01  0.784576141599795E+00 
 0.497996228880386E+00  0.447186316976932E-01  0.787645057036707E+00 
 0.461735397382586E+00  0.191834362938306E+00  0.978732798056541E+00 
 0.471252935564601E+00  0.167094795615381E+00  0.969083993004038E+00 
 0.477551043223345E+00  0.148138452524300E+00  0.943487488166838E+00 
 0.483101232303957E+00  0.128892200487065E+00  0.915833150701800E+00 
 0.489163780221421E+00  0.103531618935907E+00  0.901782890094448E+00 
 0.491946605417880E+00  0.893786183481520E-01  0.872957078269139E+00 
 0.496044621075092E+00  0.627672996270238E-01  0.852770833843582E+00 
 0.498273451850614E+00  0.415158666159582E-01  0.837623339694223E+00 
 0.499229717346631E+00  0.277432751852252E-01  0.815273354969977E+00 
 0.352647256571990E+00  0.354457208182100E+00  0.777558722718233E+00 
 0.369686524546443E+00  0.336647996531647E+00  0.784531074840337E+00 
 0.388989960720258E+00  0.314144569360752E+00  0.779009860164924E+00 
 0.407138057281451E+00  0.290238871127018E+00  0.774876379109462E+00 
 0.423922891171855E+00  0.265121448284547E+00  0.771651476062299E+00 
 0.438999491932827E+00  0.239331247610335E+00  0.768657237658750E+00 
 0.452130868781180E+00  0.213489291289224E+00  0.765313464812788E+00 
 0.463830990344905E+00  0.186710504245649E+00  0.763297609057071E+00 
 0.426244029361537E+00  0.261373348743979E+00  0.250443654983774E-01 
 0.416011100250771E+00  0.277371167333851E+00  0.477925297166930E-01 
 0.405367455622551E+00  0.292706723397498E+00  0.694916595431551E-01 
 0.394261395749834E+00  0.307502767176805E+00  0.906632227758667E-01 
 0.382810561369058E+00  0.321645883083099E+00  0.111428618418439E+00 
 0.369607053739316E+00  0.336735245892292E+00  0.131794273266454E+00 
 0.357595334181688E+00  0.349464700608641E+00  0.153089177604416E+00 
 0.474196831320302E+00  0.158547674741022E+00  0.764232647268074E+00 
 0.483264565161538E+00  0.128278447368332E+00  0.764208338477096E+00 
 0.490352923311334E+00  0.977446192893992E-01  0.762259489983596E+00 
 0.495425858185513E+00  0.674775447178396E-01  0.759179630684122E+00 
 0.498750809063972E+00  0.353218127795372E-01  0.759804114575451E+00 
 0.356362432007044E+00  0.350721851406532E+00  0.753665794743952E+00 
 0.374043808137793E+00  0.331799984318531E+00  0.751230788001867E+00 
 0.392199399725999E+00  0.310128410266725E+00  0.747727399109620E+00 
 0.409825040840584E+00  0.286432253595878E+00  0.744642736032383E+00 
 0.426215369977216E+00  0.261420080321281E+00  0.742029460091588E+00 
 0.441001129135229E+00  0.235622588266602E+00  0.739644417214357E+00 
 0.454188130985670E+00  0.209076879811577E+00  0.737470034433217E+00 
 0.465868623463087E+00  0.181566587434495E+00  0.736101059357442E+00 
 0.476013211065697E+00  0.153007917739326E+00  0.735538525784491E+00 
 0.484498435198999E+00  0.123536497804175E+00  0.734564947856199E+00 
 0.491160920257793E+00  0.935999487794629E-01  0.732862035498111E+00 
 0.495998973725997E+00  0.631269994753273E-01  0.731032178076847E+00 
 0.498986082516579E+00  0.318259242561357E-01  0.729722672403273E+00 
 0.357697796053301E+00  0.349359824104906E+00  0.723721912149995E+00 
 0.375995228570826E+00  0.329586996242225E+00  0.719983650733957E+00 
 0.394115978490653E+00  0.307689121514484E+00  0.716975007127967E+00 
 0.411528061532871E+00  0.283980024950696E+00  0.714450461140498E+00 
 0.427694680188744E+00  0.258992780861259E+00  0.712387229942797E+00 
 0.442371542629837E+00  0.233039520835627E+00  0.710521953305338E+00 
 0.455491545353123E+00  0.206221851683627E+00  0.708882682993084E+00 
 0.467048956488576E+00  0.178508465465737E+00  0.707551958197219E+00 
 0.476970396853222E+00  0.149997468397568E+00  0.706460556857533E+00 
 0.485181468761888E+00  0.120826083152840E+00  0.705183805343535E+00 
 0.491619313193390E+00  0.911616744869214E-01  0.703593399469593E+00 
 0.496255583795809E+00  0.610769641639162E-01  0.701779057572494E+00 
 0.499063907306615E+00  0.305813084065127E-01  0.699582244838911E+00 
 0.358497158021785E+00  0.348539506642078E+00  0.691943382339842E+00 
 0.377000431424234E+00  0.328436713395353E+00  0.689025702821898E+00 
 0.395122608687851E+00  0.306395372196950E+00  0.686426574102223E+00 
 0.412430091543703E+00  0.282668391563777E+00  0.684345173860677E+00 
 0.428508220632608E+00  0.257644531962696E+00  0.682596685139299E+00 
 0.443118520645806E+00  0.231616011235564E+00  0.681053480733905E+00 
 0.456182408011051E+00  0.204689058381826E+00  0.679615228386806E+00 
 0.467637759794008E+00  0.176960237383548E+00  0.678295927284624E+00 
 0.477432296234093E+00  0.148520714086085E+00  0.677020981683846E+00 
 0.485509802811982E+00  0.119499922064703E+00  0.675652695910238E+00 
 0.491823908225801E+00  0.900513370111679E-01  0.674095882247466E+00 
 0.496357856174496E+00  0.602401744175603E-01  0.672260870345993E+00 
 0.499086815920794E+00  0.302051348953019E-01  0.669982392419424E+00 
 0.358723195823509E+00  0.348306860079109E+00  0.661252722504473E+00 
 0.377368586163123E+00  0.328013643279126E+00  0.658356716108059E+00 
 0.395538544142667E+00  0.305858235294555E+00  0.656067021067658E+00 
 0.412828647991513E+00  0.282085992912621E+00  0.654232149293261E+00 
 0.428870157476268E+00  0.257041607577997E+00  0.652695908877402E+00 
 0.443453744529060E+00  0.230973540612676E+00  0.651280915261001E+00 
 0.456481539362794E+00  0.204021087686969E+00  0.649934899004121E+00 
 0.467889371558110E+00  0.176293890940545E+00  0.648618507442410E+00 
 0.460129858271043E+00  0.195654065962019E+00  0.251411932274931E-01 
 0.468325664938566E+00  0.175131583558904E+00  0.471636443806929E-01 
 0.474842251573595E+00  0.156604074405869E+00  0.702729209004843E-01 
 0.480970952417347E+00  0.136627021232077E+00  0.926310277619242E-01 
 0.486610728440151E+00  0.114934759611468E+00  0.114387755040969E+00 
 0.491042172363589E+00  0.942209369537751E-01  0.136247650064437E+00 
 0.494514393964232E+00  0.738614524781946E-01  0.157846507546907E+00 
 0.497469073675294E+00  0.502446090306655E-01  0.176891346970881E+00 
 0.499371224378190E+00  0.250675140974814E-01  0.195678778165032E+00 
 0.477623208690422E+00  0.147905613552244E+00  0.647300827398707E+00 
 0.485638476499776E+00  0.118975922534676E+00  0.645919134990805E+00 
 0.491903416337206E+00  0.896160085910225E-01  0.644381405325953E+00 
 0.496392657831298E+00  0.599527251355561E-01  0.642608841167436E+00 
 0.499095869114699E+00  0.300551731427903E-01  0.640530178041491E+00 
 0.358710692167923E+00  0.348319737201913E+00  0.629981566648774E+00 
 0.377487248791414E+00  0.327877076051207E+00  0.627652965003536E+00 
 0.395682732948837E+00  0.305671678187789E+00  0.625760955278515E+00 
 0.412975526927867E+00  0.281870917546757E+00  0.624141593804260E+00 
 0.429002675281419E+00  0.256820374194465E+00  0.622712183914787E+00 
 0.443574803286555E+00  0.230740967080609E+00  0.621364135643080E+00 
 0.456589396164672E+00  0.203779594930357E+00  0.620046494075005E+00 
 0.467977162362661E+00  0.176060715399523E+00  0.618737740896909E+00 
 0.477687689511766E+00  0.147697228440180E+00  0.617415280450378E+00 
 0.485681724994793E+00  0.118799250864987E+00  0.616033788218333E+00 
 0.491927876870784E+00  0.894816403370145E-01  0.614525537946899E+00 
 0.496405789196892E+00  0.598439007068473E-01  0.612810575727593E+00 
 0.499099837979477E+00  0.299891935346594E-01  0.610854540471886E+00 
 0.358893453399770E+00  0.348131425049201E+00  0.598199110983162E+00 
 0.377601402846573E+00  0.327745603430923E+00  0.597091657176200E+00 
 0.395762410463768E+00  0.305568510262278E+00  0.595565220568825E+00 
 0.413025224686778E+00  0.281798090434333E+00  0.594086514802623E+00 
 0.429044337221344E+00  0.256750767668370E+00  0.592711912559397E+00 
 0.443610333544049E+00  0.230672651116117E+00  0.591386213826720E+00 
 0.456620278791387E+00  0.203710385097264E+00  0.590078984641071E+00 
 0.468001972647883E+00  0.175994754460722E+00  0.588773239553964E+00 
 0.477705444719879E+00  0.147639791672105E+00  0.587450480635385E+00 
 0.485692776427933E+00  0.118754060670471E+00  0.586077158169943E+00 
 0.491935078607775E+00  0.894420395293085E-01  0.584581591371296E+00 
 0.496409658117720E+00  0.598117992326585E-01  0.582899668616971E+00 
 0.499101568834728E+00  0.299603736077049E-01  0.580968386131801E+00 
 0.358978251849963E+00  0.348043983856558E+00  0.568333592486422E+00 
 0.444763626261661E+00  0.228441057506258E+00  0.295961665969877E-01 
 0.432584957126542E+00  0.250739416262836E+00  0.517671573182772E-01 
 0.422411670846141E+00  0.267522672558741E+00  0.732523120144575E-01 
 0.411794146163891E+00  0.283594042929594E+00  0.944772749897226E-01 
 0.400899562895330E+00  0.298796821385926E+00  0.115800749493448E+00 
 0.389293125517896E+00  0.313768804097074E+00  0.136245212158891E+00 
 0.378040617464283E+00  0.327238890639887E+00  0.157955852528115E+00 
 0.367322574495343E+00  0.339225774766767E+00  0.180532800927977E+00 
 0.377660886304532E+00  0.327677058940164E+00  0.567167302384703E+00 
 0.395793549211010E+00  0.305528176119571E+00  0.565594689273614E+00 
 0.413043505783861E+00  0.281771294367928E+00  0.564107025814612E+00 
 0.429055178878907E+00  0.256732649807518E+00  0.562721344524087E+00 
 0.443618773283709E+00  0.230656419789820E+00  0.561394358486089E+00 
 0.456627228612062E+00  0.203694806242250E+00  0.560086599615730E+00 
 0.468007373656264E+00  0.175980391530892E+00  0.558781142110301E+00 
 0.477709114728724E+00  0.147627916415218E+00  0.557460066727602E+00 
 0.485695317734176E+00  0.118743666488358E+00  0.556087716746961E+00 
 0.491936503659972E+00  0.894342013259082E-01  0.554601711753266E+00 
 0.496411051787790E+00  0.598002312950359E-01  0.552917812361694E+00 
 0.499102011743035E+00  0.299529944088264E-01  0.550977304486323E+00 
 0.358933129122758E+00  0.348090518138811E+00  0.539843166284627E+00 
 0.377656656109507E+00  0.327681934345159E+00  0.537723963815293E+00 
 0.395793570617486E+00  0.305528148388755E+00  0.535837532896274E+00 
 0.413048069902712E+00  0.281764603791257E+00  0.534183416151447E+00 
 0.429056992421072E+00  0.256729618966305E+00  0.532751182905180E+00 
 0.443620410303746E+00  0.230653271301181E+00  0.531400960983109E+00 
 0.456628325476045E+00  0.203692347359795E+00  0.530089135770840E+00 
 0.468008217854187E+00  0.175978146430025E+00  0.528782642897813E+00 
 0.477709757664266E+00  0.147625835924299E+00  0.527461297651115E+00 
 0.485695608584889E+00  0.118742476820028E+00  0.526090755249755E+00 
 0.491937169067689E+00  0.894305411460114E-01  0.524598554889305E+00 
 0.496411278296508E+00  0.597983509808310E-01  0.522907260792673E+00 
 0.499102306271587E+00  0.299480863225441E-01  0.520909623931654E+00 
 0.358941083995672E+00  0.348082315293398E+00  0.511063163279701E+00 
 0.377654231223316E+00  0.327684729029483E+00  0.508419821578722E+00 
 0.395796487491441E+00  0.305524369714492E+00  0.506111566481742E+00 
 0.413044818695985E+00  0.281769369783872E+00  0.504299693706414E+00 
 0.429057063123605E+00  0.256729500805316E+00  0.502780621677875E+00 
 0.443620158639545E+00  0.230653755331721E+00  0.501410125059463E+00 
 0.456628441883727E+00  0.203692086402097E+00  0.500090422483980E+00 
 0.468008315481185E+00  0.175977886793948E+00  0.498782915899225E+00 
 0.477709811807401E+00  0.147625660719733E+00  0.497461215298088E+00 
 0.485695942786793E+00  0.118741109816477E+00  0.496086635418262E+00 
 0.491937427381059E+00  0.894291202109555E-01  0.494584213093927E+00 
 0.496412072349392E+00  0.597917588450282E-01  0.492846434980328E+00 
 0.499102602422049E+00  0.299431503943356E-01  0.490760305170543E+00 
 0.358980463821584E+00  0.348041702378379E+00  0.482434948134857E+00 
 0.377651248626575E+00  0.327688166418608E+00  0.479011551822615E+00 
 0.395781289228508E+00  0.305544057537731E+00  0.476364588964647E+00 
 0.413037961243179E+00  0.281779421839278E+00  0.474377237991485E+00 
 0.429053956555265E+00  0.256734692560770E+00  0.472807394681749E+00 
 0.443619599903817E+00  0.230654829954148E+00  0.471415505296299E+00 
 0.456628363725409E+00  0.203692261614073E+00  0.470091613881992E+00 
 0.468008391015076E+00  0.175977685913527E+00  0.468782824589673E+00 
 0.477710031536550E+00  0.147624949684489E+00  0.467459207567171E+00 
 0.485696370161866E+00  0.118739361677532E+00  0.466076537641176E+00 
 0.491938501236989E+00  0.894232128739800E-01  0.464543443494651E+00 
 0.496413314907797E+00  0.597814417880031E-01  0.462727435250758E+00 
 0.499103616672001E+00  0.299262397392061E-01  0.460442208106632E+00 
 0.358839453981220E+00  0.348187085151733E+00  0.453619214105200E+00 
 0.377558619644912E+00  0.327794888202712E+00  0.449296029803203E+00 
 0.395741971003189E+00  0.305594980957658E+00  0.446423296328787E+00 
 0.413025155460561E+00  0.281798191897640E+00  0.444393978526997E+00 
 0.429051023356962E+00  0.256739594446091E+00  0.442812035719674E+00 
 0.443619557618168E+00  0.230654911282334E+00  0.441417000186740E+00 
 0.456628944101076E+00  0.203690960548417E+00  0.440092660685491E+00 
 0.468009114053153E+00  0.175975762999290E+00  0.438782624616959E+00 
 0.477710868775882E+00  0.147622240375195E+00  0.437454664357555E+00 
 0.485697489969463E+00  0.118734781076836E+00  0.436057783928295E+00 
 0.491940250091980E+00  0.894135914693116E-01  0.434478820879141E+00 
 0.496415820123855E+00  0.597606352941475E-01  0.432533357864933E+00 
 0.499105298355581E+00  0.298981797671056E-01  0.429930298256766E+00 
 0.358707928867606E+00  0.348322582913472E+00  0.422588759863517E+00 
 0.377499400326812E+00  0.327863085376956E+00  0.418805654626709E+00 
 0.395732220658873E+00  0.305607607124556E+00  0.416229881421474E+00 
 0.413028270283277E+00  0.281793626519132E+00  0.414337363495355E+00 
 0.429058237213121E+00  0.256727538607702E+00  0.412800548792854E+00 
 0.443625948464591E+00  0.230642619324556E+00  0.411421608343522E+00 
 0.456634508602711E+00  0.203678485739560E+00  0.410097066516761E+00 
 0.471634904637634E+00  0.166013604043313E+00  0.232445706731965E-01 
 0.478013226999479E+00  0.146640222359162E+00  0.457610914725406E-01 
 0.483601023899620E+00  0.127004132543943E+00  0.678707121061226E-01 
 0.488489811698879E+00  0.106666320206492E+00  0.895550321143008E-01 
 0.492499555819421E+00  0.862797051320474E-01  0.111086746409717E+00 
 0.495521451472624E+00  0.667719337031968E-01  0.132263535648930E+00 
 0.497456450121940E+00  0.503694374802527E-01  0.151870546059714E+00 
 0.499387276587139E+00  0.247456659413465E-01  0.162187614466891E+00 
 0.468013794271213E+00  0.175963315415068E+00  0.408784006093034E+00 
 0.477714920426856E+00  0.147609128449302E+00  0.407448990429147E+00 
 0.485701242898258E+00  0.118719428262974E+00  0.406032550746403E+00 
 0.491943539643653E+00  0.893954909538166E-01  0.404409509254522E+00 
 0.496418417520888E+00  0.597390554499880E-01  0.402338406486362E+00 
 0.499106452532195E+00  0.298789062840018E-01  0.399414452375449E+00 
 0.358832825912234E+00  0.348193915868500E+00  0.390065561977297E+00 
 0.377603816637827E+00  0.327742822439403E+00  0.387912098406944E+00 
 0.395804975197091E+00  0.305513373863126E+00  0.385956306331871E+00 
 0.413087681631408E+00  0.281706526875734E+00  0.384286178439457E+00 
 0.429103301697298E+00  0.256652209171240E+00  0.382827266503046E+00 
 0.443660278180236E+00  0.230576576358128E+00  0.381454954224009E+00 
 0.456661404787529E+00  0.203618175459560E+00  0.380124537882427E+00 
 0.468036107340866E+00  0.175903957389278E+00  0.378795846155470E+00 
 0.477734004922690E+00  0.147547350164369E+00  0.377439228572216E+00 
 0.485716618776331E+00  0.118656505276738E+00  0.376010458267467E+00 
 0.491954626000604E+00  0.893344611927887E-01  0.374369711318315E+00 
 0.496423007713155E+00  0.597008995997959E-01  0.372285742762829E+00 
 0.499106264921087E+00  0.298820400327905E-01  0.369352187625716E+00 
 0.359033080665633E+00  0.347987423605717E+00  0.358692036314233E+00 
 0.377824939092832E+00  0.327487885882055E+00  0.357460865227259E+00 
 0.396021118647294E+00  0.305233146275672E+00  0.355921191430294E+00 
 0.413282898969532E+00  0.281420051558768E+00  0.354436662579393E+00 
 0.429260215525947E+00  0.256389678744324E+00  0.353000876759204E+00 
 0.443782916034508E+00  0.230340451149834E+00  0.351599573317571E+00 
 0.456758770888530E+00  0.203399668673278E+00  0.350219144120533E+00 
 0.468117045870306E+00  0.175688449721824E+00  0.348840246913941E+00 
 0.477802326569659E+00  0.147325954008860E+00  0.347437359462278E+00 
 0.485775142338470E+00  0.118416684154050E+00  0.345967597220426E+00 
 0.491997976087635E+00  0.890954068719116E-01  0.344383723794038E+00 
 0.496447821216874E+00  0.594942081972574E-01  0.342452376871361E+00 
 0.499113143001887E+00  0.297669360663383E-01  0.339851993486838E+00 
 0.359306895813229E+00  0.347704694562874E+00  0.329198581754194E+00 
 0.378282731173619E+00  0.326958981060053E+00  0.327757944158003E+00 
 0.396569921944931E+00  0.304519780980795E+00  0.326420522874315E+00 
 0.413809057962023E+00  0.280645797311456E+00  0.325056065754897E+00 
 0.429697536042867E+00  0.255656072720147E+00  0.323526211055283E+00 
 0.444121629796730E+00  0.229686695188678E+00  0.321978532089664E+00 
 0.457033486873741E+00  0.202781635943766E+00  0.320488594144300E+00 
 0.468345821677715E+00  0.175077672240139E+00  0.318978164658616E+00 
 0.477998869399484E+00  0.146687016647060E+00  0.317430304111626E+00 
 0.485941629398630E+00  0.117731613500389E+00  0.315906730671092E+00 
 0.492131016893775E+00  0.883575815145443E-01  0.314384662913630E+00 
 0.496528556040747E+00  0.588166051051091E-01  0.312840696642690E+00 
 0.499142517797810E+00  0.292702396037752E-01  0.310586318091369E+00 
 0.359817227724037E+00  0.347176558299936E+00  0.300596830587620E+00 
 0.379345632549043E+00  0.325725177206133E+00  0.298468722145175E+00 
 0.397862391529097E+00  0.302829188498645E+00  0.297730219111376E+00 
 0.415010762423005E+00  0.278865679267055E+00  0.296478216494497E+00 
 0.430645510808995E+00  0.254055985995331E+00  0.294582638804778E+00 
 0.444869903371949E+00  0.228234022603628E+00  0.292769100888409E+00 
 0.457654055269675E+00  0.201377172726259E+00  0.291075929293189E+00 
 0.468867898232651E+00  0.173674678657818E+00  0.289303660731036E+00 
 0.478441196528744E+00  0.145237810036312E+00  0.287464055883729E+00 
 0.486327559653501E+00  0.116127105886052E+00  0.285714680937898E+00 
 0.480945961413397E+00  0.136714966993901E+00  0.224809019579413E-01 
 0.486056343071456E+00  0.117257116457821E+00  0.444120224360477E-01 
 0.490421954419484E+00  0.973976725767821E-01  0.660057919464260E-01 
 0.493972046652104E+00  0.774055367937725E-01  0.874785911521032E-01 
 0.496699747491029E+00  0.573529497266503E-01  0.109143521958845E+00 
 0.498619376465931E+00  0.371310841846218E-01  0.132050843145511E+00 
 0.492437906480591E+00  0.866308736018125E-01  0.284399098697619E+00 
 0.496721815147654E+00  0.571615111453443E-01  0.283625639430017E+00 
 0.499208764830202E+00  0.281177722571417E-01  0.281604886583983E+00 
 0.360949810963813E+00  0.345998893011506E+00  0.270118012552005E+00 
 0.381943714774198E+00  0.322674756906217E+00  0.269135251309077E+00 
 0.400593376247355E+00  0.299207197284332E+00  0.270573117420012E+00 
 0.417189701438818E+00  0.275595270303011E+00  0.269004781948540E+00 
 0.432232258456221E+00  0.251346921106734E+00  0.266017508595689E+00 
 0.446207759006200E+00  0.225607260084122E+00  0.264031668922810E+00 
 0.458807291324166E+00  0.198735677289665E+00  0.262187104051679E+00 
 0.469821788438720E+00  0.171077430154427E+00  0.259907171517876E+00 
 0.479251727045936E+00  0.142540457847895E+00  0.257495512926754E+00 
 0.487037678772760E+00  0.113111889099430E+00  0.255362625866592E+00 
 0.493058878546968E+00  0.830237453142565E-01  0.254125644131233E+00 
 0.497099667308710E+00  0.537765819067185E-01  0.255811518720516E+00 
 0.499330989049018E+00  0.258565924926145E-01  0.253418893573519E+00 
 0.358126209301415E+00  0.348920647442079E+00  0.202602041657683E+00 
 0.378360169221684E+00  0.326869365873492E+00  0.210098575495289E+00 
 0.402831430170556E+00  0.296187168639603E+00  0.216256253369048E+00 
 0.422021759403898E+00  0.268137342773509E+00  0.214508054145412E+00 
 0.363781719563115E+00  0.343020204232496E+00  0.234628626002343E+00 
 0.388486728556162E+00  0.314766678248716E+00  0.241116828108856E+00 
 0.405442697115193E+00  0.292602493762370E+00  0.247104918470698E+00 
 0.419515071207983E+00  0.272042469164946E+00  0.241333682190017E+00 
 0.434453676090095E+00  0.247487380146551E+00  0.237082350603962E+00 
 0.448324236539542E+00  0.221371585645576E+00  0.236139932258069E+00 
 0.460625280833982E+00  0.194484834001562E+00  0.234061781868878E+00 
 0.471209763369280E+00  0.167216503089460E+00  0.230711375850739E+00 
 0.480423544388246E+00  0.138539590000242E+00  0.227541724698824E+00 
 0.488100855526413E+00  0.108432259196162E+00  0.224543276207339E+00 
 0.494242597503693E+00  0.756588052562465E-01  0.222253185948913E+00 
 0.497835033605877E+00  0.464788050043743E-01  0.232431609034103E+00 
 0.499412432516089E+00  0.242326690309437E-01  0.225034699498204E+00 
 0.499484731579358E+00  0.226936757511178E-01  0.202966646319256E-01 
 0.499178151474852E+00  0.286561178485401E-01  0.423776756522429E-01 
 0.497594686905181E+00  0.489849728359110E-01  0.212149722109839E-01 
 0.499497459860426E+00  0.224117735349665E-01  0.848463743590839E-01 
 0.498535589930379E+00  0.382395812316014E-01  0.639378326187885E-01 
 0.496592776832411E+00  0.582718971535583E-01  0.427526658036533E-01 
 0.493948802024165E+00  0.775537296259369E-01  0.214838144982631E-01 
 0.499217416245380E+00  0.279637500576542E-01  0.108004130507421E+00 
 0.497621907810536E+00  0.487076674354454E-01  0.861829566935390E-01 
 0.495360272402292E+00  0.679573434260585E-01  0.647482947442409E-01 
 0.492249600808716E+00  0.876945294967705E-01  0.434035553034576E-01 
 0.488394847213860E+00  0.107100295120745E+00  0.218878266084310E-01 
 0.339600000856444E+00  0.352675488596710E+00  0.271801475712697E-01 
 0.339600000856444E+00  0.352675488596710E+00  0.553518206884404E-01 
 0.339600000856444E+00  0.352675488596710E+00  0.848145393608603E-01 
 0.339600000856444E+00  0.352675488596710E+00  0.116844240742270E+00 
 0.339600000856444E+00  0.352675488596710E+00  0.148751479767964E+00 
 0.339600000856444E+00  0.352675488596710E+00  0.177077995239293E+00 
 0.339600000856444E+00  0.352675488596710E+00  0.204362402588754E+00 
 0.339600000856444E+00  0.352675488596710E+00  0.233217707862817E+00 
 0.339600000856444E+00  0.352675488596710E+00  0.259687615552601E+00 
 0.339600000856444E+00  0.352675488596710E+00  0.300014680554854E+00 
 0.339600000856444E+00  0.352675488596710E+00  0.335973972482530E+00 
 0.339600000856444E+00  0.352675488596710E+00  0.363414323176078E+00 
 0.339600000856444E+00  0.352675488596710E+00  0.387253152234995E+00 
 0.339600000856444E+00  0.352675488596710E+00  0.410522897849925E+00 
 0.339600000856444E+00  0.352675488596710E+00  0.441446111839722E+00 
 0.339600000856444E+00  0.352675488596710E+00  0.478406939046139E+00 
 0.339600000856444E+00  0.352675488596710E+00  0.507777169494762E+00 
 0.339600000856444E+00  0.352675488596710E+00  0.538234652818774E+00 
 0.339600000856444E+00  0.352675488596710E+00  0.573194442326058E+00 
 0.339600000856444E+00  0.352675488596710E+00  0.602853417449394E+00 
 0.339600000856444E+00  0.352675488596710E+00  0.629373113335004E+00 
 0.339600000856444E+00  0.352675488596710E+00  0.660538153714550E+00 
 0.339600000856444E+00  0.352675488596710E+00  0.688382172102723E+00 
 0.339600000856444E+00  0.352675488596710E+00  0.711535920032805E+00 
 0.339600000856444E+00  0.352675488596710E+00  0.743138967898385E+00 
 0.339600000856444E+00  0.352675488596710E+00  0.783303583277935E+00 
 0.339600000856444E+00  0.352675488596710E+00  0.814032680106207E+00 
 0.339600000856444E+00  0.352675488596710E+00  0.844170828724688E+00 
 0.339600000856444E+00  0.352675488596710E+00  0.872477623163526E+00 
 0.339600000856444E+00  0.352675488596710E+00  0.896395198517679E+00 
 0.339600000856444E+00  0.352675488596710E+00  0.922912683356302E+00 
 0.339600000856444E+00  0.352675488596710E+00  0.948925329147728E+00 
 0.339600000856444E+00  0.352675488596710E+00  0.975468207524209E+00 
 0.489600000856464E+00  0.104083408558608E-16  0.259249830298395E-01 
 0.489600000856464E+00  0.104083408558608E-16  0.544771490040813E-01 
 0.489600000856464E+00  0.104083408558608E-16  0.859455476384192E-01 
 0.489600000856464E+00  0.104083408558608E-16  0.119058277504286E+00 
 0.489600000856464E+00  0.104083408558608E-16  0.148181977476879E+00 
 0.489600000856464E+00  0.104083408558608E-16  0.175032557201261E+00 
 0.489600000856464E+00  0.104083408558608E-16  0.205895592695029E+00 
 0.489600000856464E+00  0.104083408558608E-16  0.236337065138715E+00 
 0.489600000856464E+00  0.104083408558608E-16  0.266573914977953E+00 
 0.489600000856464E+00  0.104083408558608E-16  0.296390843668772E+00 
 0.489600000856464E+00  0.104083408558608E-16  0.326119147387597E+00 
 0.489600000856464E+00  0.104083408558608E-16  0.352963991817856E+00 
 0.489600000856464E+00  0.104083408558608E-16  0.381921610592127E+00 
 0.489600000856464E+00  0.104083408558608E-16  0.414093555044425E+00 
 0.489600000856464E+00  0.104083408558608E-16  0.445824566900987E+00 
 0.489600000856464E+00  0.104083408558608E-16  0.476798789957767E+00 
 0.489600000856464E+00  0.104083408558608E-16  0.507383315516893E+00 
 0.489600000856464E+00  0.104083408558608E-16  0.537624530239628E+00 
 0.489600000856464E+00  0.104083408558608E-16  0.567827979717451E+00 
 0.489600000856464E+00  0.104083408558608E-16  0.597909431605808E+00 
 0.489600000856464E+00  0.104083408558608E-16  0.627621573169891E+00 
 0.489600000856464E+00  0.104083408558608E-16  0.656830840798203E+00 
 0.489600000856464E+00  0.104083408558608E-16  0.683961551275488E+00 
 0.489600000856464E+00  0.104083408558608E-16  0.713696930451980E+00 
 0.489600000856464E+00  0.104083408558608E-16  0.748328841064489E+00 
 0.489600000856464E+00  0.104083408558608E-16  0.781896984830744E+00 
 0.489600000856464E+00  0.104083408558608E-16  0.812288552992797E+00 
 0.489600000856464E+00  0.104083408558608E-16  0.840607274972110E+00 
 0.489600000856464E+00  0.104083408558608E-16  0.867216196644907E+00 
 0.489600000856464E+00  0.104083408558608E-16  0.899349520390765E+00 
 0.489600000856464E+00  0.104083408558608E-16  0.931579928073940E+00 
 0.489600000856464E+00  0.104083408558608E-16  0.960006101524138E+00 
 0.489600000856464E+00  0.104083408558608E-16  0.983648757051908E+00 
 0.443073070712994E+00  0.208313261333953E+00  0.148476027369686E+00 
 0.457379140136887E+00  0.174678227052684E+00  0.930740642682303E+00 
 0.434853134562164E+00  0.224968691599722E+00  0.923177308358169E+00 
 0.433607544490630E+00  0.227360194843856E+00  0.885100496040008E+00 
 0.435825607938087E+00  0.223078910486911E+00  0.128239907897129E+00 
 0.448722154953018E+00  0.195848381389658E+00  0.116726853132171E+00 
 0.434451938070818E+00  0.225742495656312E+00  0.103403173509258E+00 
 0.446085717813958E+00  0.201781300424582E+00  0.854296415633150E-01 
 0.486726958923486E+00  0.529625178378517E-01  0.839228843892308E+00 
 0.484324254911566E+00  0.716810779982413E-01  0.860565583930151E+00 
 0.482668496912459E+00  0.820931356868660E-01  0.836234675607359E+00 
 0.479151263333290E+00  0.100609282299123E+00  0.870435369846202E+00 
 0.476542422245951E+00  0.112318656680858E+00  0.836200058047291E+00 
 0.472670110631569E+00  0.127636700655293E+00  0.898673235815056E+00 
 0.470436694911474E+00  0.135637299145168E+00  0.865359767736313E+00 
 0.468091091916051E+00  0.143523135791641E+00  0.831793568170529E+00 
 0.466805753189319E+00  0.147650091865798E+00  0.922001308259846E+00 
 0.461404282463319E+00  0.163750569352096E+00  0.894853948887404E+00 
 0.460538305887091E+00  0.166170483688514E+00  0.858356809162618E+00 
 0.456862116008770E+00  0.176026042944265E+00  0.824648934742713E+00 
 0.454716099545482E+00  0.181497740076207E+00  0.961709526055270E+00 
 0.451140872286409E+00  0.190210604833922E+00  0.850765449156439E+00 
 0.488189025897935E+00  0.371434493746613E-01  0.224889819495865E-01 
 0.489037002183332E+00  0.234727785777311E-01  0.430230379084277E-01 
 0.450265682713793E+00  0.192273180160185E+00  0.878326624047761E+00 
 0.447769422295085E+00  0.198016931842090E+00  0.909546611640320E+00 
 0.445756825001676E+00  0.202506824090090E+00  0.942004669786369E+00 
 0.441956371538090E+00  0.210672082857496E+00  0.859638682311041E+00 
 0.443423013426441E+00  0.207567319206189E+00  0.832991682781748E+00 
 0.422846113950721E+00  0.246798145769782E+00  0.909584009825097E+00 
 0.431622815149863E+00  0.231105833506506E+00  0.846877055662479E+00 
 0.421657544266154E+00  0.248823383551595E+00  0.862886793450878E+00 
 0.412933718622731E+00  0.263047343387133E+00  0.886157508943932E+00 
 0.416704069460509E+00  0.257032837072771E+00  0.834186628110168E+00 
 0.409861562771855E+00  0.267808999476935E+00  0.858473021391378E+00 
 0.400866116851526E+00  0.281095210202878E+00  0.840836067575509E+00 
 0.397284771837628E+00  0.286134532876660E+00  0.867372079351152E+00 
 0.382133464471158E+00  0.306075441958168E+00  0.838203303940962E+00 
 0.449012410514600E+00  0.195182007476347E+00  0.781191819452531E+00 
 0.438470515007515E+00  0.217834267982965E+00  0.783873236183947E+00 
 0.425096875126431E+00  0.242900818434958E+00  0.782784809352404E+00 
 0.470757324658890E+00  0.134520266572112E+00  0.712879150403814E+00 
 0.460823213325302E+00  0.165378737748144E+00  0.710226423080155E+00 
 0.449609325334258E+00  0.193803032512656E+00  0.710920764692600E+00 
 0.438412237541856E+00  0.217951533172339E+00  0.712751062908001E+00 
 0.448368850042076E+00  0.196655880030512E+00  0.663875454873028E+00 
 0.436576362490659E+00  0.221606048096740E+00  0.666522416203155E+00 
 0.421107730005369E+00  0.249752758880363E+00  0.669628520878213E+00 
 0.473941358031456E+00  0.122832202560760E+00  0.590360657628321E+00 
 0.485014450155263E+00  0.668516565181563E-01  0.241837960474773E-01 
 0.487000380746928E+00  0.503864068075420E-01  0.465301663816911E-01 
 0.488704279334069E+00  0.296021654476220E-01  0.666937646091699E-01 
 0.414849652791274E+00  0.260015242663935E+00  0.581388274259492E+00 
 0.473892694161834E+00  0.123019816528343E+00  0.498208891147902E+00 
 0.412112005160375E+00  0.264332850855356E+00  0.493833884305291E+00 
 0.472996225305080E+00  0.126422828973940E+00  0.438581813075213E+00 
 0.412375723862033E+00  0.263921244328473E+00  0.433183329536252E+00 
 0.471675013474151E+00  0.131266303759903E+00  0.379158526508988E+00 
 0.462124835606797E+00  0.161705897091038E+00  0.377071261535370E+00 
 0.451169889609970E+00  0.190141766973896E+00  0.381045415617748E+00 
 0.439497862668086E+00  0.215754002393500E+00  0.384552311704934E+00 
 0.448626351556040E+00  0.196067737091408E+00  0.334458380116848E+00 
 0.437062728693278E+00  0.220645262867382E+00  0.337410106143773E+00 
 0.422321495225759E+00  0.247694803152806E+00  0.339100508378925E+00 
 0.472462699068988E+00  0.128402331859957E+00  0.262903800449380E+00 
 0.412811190394889E+00  0.263239590341916E+00  0.251246717679693E+00 
 0.485153719240584E+00  0.658333467603007E-01  0.178602574649593E+00 
 0.480471963516828E+00  0.941002290800498E-01  0.189691396686920E+00 
 0.480026693330802E+00  0.963459108033604E-01  0.160579564358533E+00 
 0.471765827145535E+00  0.130939547793310E+00  0.193796265350445E+00 
 0.472144753079256E+00  0.129566558101837E+00  0.160189696567606E+00 
 0.475559125925758E+00  0.116411677195028E+00  0.134126027099583E+00 
 0.457606784312065E+00  0.174080992041631E+00  0.196913080518216E+00 
 0.463119499729629E+00  0.158834787779012E+00  0.168382013692947E+00 
 0.466861901238699E+00  0.147472458480944E+00  0.139850680173922E+00 
 0.469891809432263E+00  0.137513083985127E+00  0.111692973681712E+00 
 0.441908260622829E+00  0.210772982215311E+00  0.203822986786783E+00 
 0.450222341707350E+00  0.192374644551144E+00  0.172968991368650E+00 
 0.456046000548465E+00  0.178129745473282E+00  0.144590537973215E+00 
 0.460942898958178E+00  0.165044856747059E+00  0.120005793194732E+00 
 0.460900331634483E+00  0.165163691947868E+00  0.909168784467004E-01 
 0.376748413218476E+00  0.312680018510903E+00  0.187706306546108E+00 
 0.377212147673154E+00  0.312120419848533E+00  0.159141472081218E+00 
 0.394377457775627E+00  0.290128560533177E+00  0.198595573902907E+00 
 0.395031048635629E+00  0.289238018684362E+00  0.168347914860321E+00 
 0.392805024519261E+00  0.292253953867253E+00  0.139500600066232E+00 
 0.479676485818689E+00  0.980746133883061E-01  0.261206597024613E-01 
 0.482837008498553E+00  0.810961408625771E-01  0.499712479658598E-01 
 0.485677091149212E+00  0.618540537998285E-01  0.719623382346551E-01 
 0.487846125139172E+00  0.414043358275383E-01  0.918575642362689E-01 
 0.488990369926340E+00  0.244249658734737E-01  0.110591043783736E+00 
 0.426093709000481E+00  0.241147904798781E+00  0.200136542197706E+00 
 0.414639570877568E+00  0.260350124065828E+00  0.178869240132710E+00 
 0.410522202561005E+00  0.266795206184605E+00  0.146702738902063E+00 
 0.406607343658944E+00  0.272724456038033E+00  0.118464476613399E+00 
 0.434924598739033E+00  0.224830501156586E+00  0.175297627887407E+00 
 0.427565934451504E+00  0.238527844360447E+00  0.150427049388694E+00 
 0.422682026413910E+00  0.247079067072179E+00  0.123607426594916E+00 
 0.419235342756819E+00  0.252883151321315E+00  0.972170032054104E-01 
 0.455258679864633E+00  0.180132438074154E+00  0.642022262165263E-01 
 0.431308966136298E+00  0.231691036876845E+00  0.769958936844857E-01 
 0.442266577875821E+00  0.210020082212727E+00  0.577441365285830E-01 
 0.450940407146942E+00  0.190685369236285E+00  0.419733435941730E-01 
 0.489089291148982E+00  0.223567914067613E-01  0.977795732156174E+00 
 0.488846315318536E+00  0.271558619474787E-01  0.952129668205228E+00 
 0.487163367413772E+00  0.487853901153030E-01  0.974532196803428E+00 
 0.488536573819179E+00  0.322517732789871E-01  0.924100334916164E+00 
 0.486248907267643E+00  0.571853217150506E-01  0.946782301210377E+00 
 0.483170943049553E+00  0.790822396701074E-01  0.971663584216469E+00 
 0.468711040711487E+00  0.141485409685173E+00  0.979453032709816E+00 
 0.489046248893569E+00  0.232793316430813E-01  0.876290895920031E+00 
 0.487888854687049E+00  0.408977543489090E-01  0.896639942164480E+00 
 0.485293354683710E+00  0.647959932284701E-01  0.917639901757162E+00 
 0.481432015729136E+00  0.890582678341295E-01  0.940902557347275E+00 
 0.476036169789806E+00  0.114445296497852E+00  0.967853635284168E+00 
 0.489390827497322E+00  0.143100943431320E-01  0.828374781914982E+00 
 0.488898230076065E+00  0.262046077457887E-01  0.848300809403507E+00 
 0.487254298799987E+00  0.478686655293454E-01  0.868360625031254E+00 
 0.484434370593418E+00  0.709330770966070E-01  0.887811003719276E+00 
 0.480050612685234E+00  0.962266600229097E-01  0.908167272096875E+00 
 0.474509061467192E+00  0.120620526545667E+00  0.932420450812837E+00 
 0.466194634921455E+00  0.149568456597897E+00  0.952600737740903E+00 
 0.461392217137416E+00  0.163784562165200E+00  0.978234253222644E+00 
 0.357745133140584E+00  0.334255262565672E+00  0.972087309340420E+00 
 0.375747060208926E+00  0.313882633452326E+00  0.967749620878131E+00 
 0.359504245444789E+00  0.332362540527347E+00  0.943499105102188E+00 
 0.471087127416461E+00  0.133360710935171E+00  0.294030174485730E-01 
 0.476172092892744E+00  0.113878438647421E+00  0.540867557311074E-01 
 0.480498740446967E+00  0.939634038735913E-01  0.772122383785264E-01 
 0.484102354090286E+00  0.731646882237437E-01  0.991239731265507E-01 
 0.486850908648110E+00  0.518107477955882E-01  0.119360029328062E+00 
 0.488818617796659E+00  0.276499499815743E-01  0.136474047155102E+00 
 0.405040275324534E+00  0.275046425542395E+00  0.975583615819288E+00 
 0.392014847528841E+00  0.293313007136674E+00  0.958699714648500E+00 
 0.377721120545206E+00  0.311504279156310E+00  0.936642151907675E+00 
 0.363379548755596E+00  0.328121112372853E+00  0.915293278017207E+00 
 0.352955970507044E+00  0.339308478706401E+00  0.893708621334927E+00 
 0.432971701220061E+00  0.228568735353802E+00  0.979391029057949E+00 
 0.420129885904695E+00  0.251394192073594E+00  0.970582285802365E+00 
 0.407378491283025E+00  0.271571216587085E+00  0.947884880981775E+00 
 0.394109476088457E+00  0.290492481307007E+00  0.927581360620871E+00 
 0.380628547363084E+00  0.307944913533064E+00  0.906713449019392E+00 
 0.367760127241815E+00  0.323203727778165E+00  0.886542772603104E+00 
 0.354741681168810E+00  0.337441106684036E+00  0.865630834414187E+00 
 0.488678215502295E+00  0.300293611672380E-01  0.813368160526364E+00 
 0.486034205885982E+00  0.589822985938511E-01  0.808913041422270E+00 
 0.481395632310130E+00  0.892547255408051E-01  0.806831293393588E+00 
 0.474817630498478E+00  0.119400077916393E+00  0.804665054296696E+00 
 0.466515967061236E+00  0.148563162713865E+00  0.799863933783600E+00 
 0.457356111662733E+00  0.174738513108510E+00  0.791712181195832E+00 
 0.446581615176053E+00  0.200681393819599E+00  0.805759639606588E+00 
 0.431709044873067E+00  0.230944715058418E+00  0.813337784107877E+00 
 0.416779661769050E+00  0.256910245755794E+00  0.805086975189876E+00 
 0.400115059521669E+00  0.282163250588365E+00  0.811108828592220E+00 
 0.381702470387939E+00  0.306612760560226E+00  0.803492598233820E+00 
 0.362408809197304E+00  0.329192976618292E+00  0.808170019094538E+00 
 0.443984790437843E+00  0.206362948947951E+00  0.972629902145068E+00 
 0.433547993728274E+00  0.227473730291695E+00  0.953720639998994E+00 
 0.421593021170947E+00  0.248932692386077E+00  0.937654828160366E+00 
 0.409278799370363E+00  0.268698762975526E+00  0.917811806478910E+00 
 0.396548175393877E+00  0.287154497492912E+00  0.897070272167410E+00 
 0.382909785588984E+00  0.305103682276724E+00  0.876637924127283E+00 
 0.369677999742938E+00  0.321008313513340E+00  0.860192049012719E+00 
 0.358528779814458E+00  0.333414569092858E+00  0.837517243227949E+00 
 0.409404613490038E+00  0.268507026522019E+00  0.781028409911799E+00 
 0.391954519551894E+00  0.293393618610670E+00  0.779546358277066E+00 
 0.371138564927027E+00  0.319318534480110E+00  0.778229386872665E+00 
 0.488550069658141E+00  0.320466889966193E-01  0.779976305187865E+00 
 0.485368640633306E+00  0.642296156645039E-01  0.776903042461824E+00 
 0.480160216937059E+00  0.956782467940832E-01  0.777079066926674E+00 
 0.473282841973947E+00  0.125345571647716E+00  0.774472814037283E+00 
 0.465193447115667E+00  0.152653914457734E+00  0.769102357356039E+00 
 0.456051587633461E+00  0.178115440811927E+00  0.763030606566560E+00 
 0.445471862743613E+00  0.203132912996306E+00  0.759440759228192E+00 
 0.433374780331891E+00  0.227803557063789E+00  0.758174496737022E+00 
 0.419311942846977E+00  0.252756118470988E+00  0.755728109583610E+00 
 0.403216010838655E+00  0.277713898539456E+00  0.753635294230774E+00 
 0.384799234947248E+00  0.302717210648207E+00  0.751420120017958E+00 
 0.363456293565830E+00  0.328036100918799E+00  0.748556329763329E+00 
 0.488095866094866E+00  0.383482247271777E-01  0.719047175141107E+00 
 0.485794752512670E+00  0.609230602463958E-01  0.703958092400397E+00 
 0.479498488416849E+00  0.989411969029575E-01  0.716871971933847E+00 
 0.488334372010782E+00  0.351809884945981E-01  0.747964766583696E+00 
 0.484405427532742E+00  0.711304619375948E-01  0.741853092635976E+00 
 0.478357516365060E+00  0.104318010792400E+00  0.750726797560702E+00 
 0.471961239232088E+00  0.130233442330068E+00  0.743926912827897E+00 
 0.463379371925216E+00  0.158075040764878E+00  0.739515046350555E+00 
 0.453243316319364E+00  0.185144962260530E+00  0.736676102745005E+00 
 0.441889546466104E+00  0.210812213978724E+00  0.735434188533969E+00 
 0.429176893704399E+00  0.235616966173645E+00  0.731401581806652E+00 
 0.414694158116559E+00  0.260263166934209E+00  0.727495567155739E+00 
 0.398082238598228E+00  0.285024020305735E+00  0.726605647338203E+00 
 0.380015211245096E+00  0.308701474018125E+00  0.722833570654240E+00 
 0.360494625714345E+00  0.331288070521252E+00  0.716863494535946E+00 
 0.488897739664085E+00  0.262137557394551E-01  0.687576857948214E+00 
 0.487049585718052E+00  0.499085352470107E-01  0.675822056271106E+00 
 0.483341729298735E+00  0.780316189575918E-01  0.680674562712385E+00 
 0.477035376626828E+00  0.110206217089291E+00  0.683718916048067E+00 
 0.468409627495664E+00  0.142480109868010E+00  0.681683985773943E+00 
 0.457031549900912E+00  0.175585657824883E+00  0.679536471949031E+00 
 0.443369416011310E+00  0.207681780097388E+00  0.688603714335824E+00 
 0.427684581771088E+00  0.238315042231746E+00  0.698538092537826E+00 
 0.409824745547156E+00  0.267865337018124E+00  0.699212609353759E+00 
 0.393600425126256E+00  0.291181843834828E+00  0.702247439752427E+00 
 0.378675046299598E+00  0.310343954586867E+00  0.692647385093472E+00 
 0.358975907035934E+00  0.332933114914014E+00  0.684367645273819E+00 
 0.400561461963941E+00  0.281529174381505E+00  0.671827174254816E+00 
 0.381891010195985E+00  0.306377899284703E+00  0.662358980214369E+00 
 0.365189148662346E+00  0.326105882403078E+00  0.653815878460138E+00 
 0.488816897443104E+00  0.276803470483616E-01  0.654090291883415E+00 
 0.486246029473162E+00  0.572097864024679E-01  0.650626748462025E+00 
 0.481680884512600E+00  0.877022595706248E-01  0.653877357609377E+00 
 0.475109147165817E+00  0.118234762730761E+00  0.653499506742738E+00 
 0.466759319835797E+00  0.147796813852839E+00  0.649792278291798E+00 
 0.456958715969049E+00  0.175775119793857E+00  0.644422452181011E+00 
 0.445458332762496E+00  0.203162581719880E+00  0.639199919293632E+00 
 0.432151458287081E+00  0.230115792458882E+00  0.641108560130324E+00 
 0.416725584944618E+00  0.256997952698445E+00  0.641081498398635E+00 
 0.399650607541033E+00  0.282820707747336E+00  0.637832401589508E+00 
 0.381675021758105E+00  0.306646928249034E+00  0.632234805644272E+00 
 0.362045916473536E+00  0.329592043598532E+00  0.628768004143784E+00 
 0.464235606530429E+00  0.155542478017907E+00  0.583084259925272E+00 
 0.453279090572309E+00  0.185057361076420E+00  0.589356546579068E+00 
 0.444891935696686E+00  0.204399917785418E+00  0.579863316775350E+00 
 0.463469477392848E+00  0.157810659854859E+00  0.183611660925308E-01 
 0.431175344922777E+00  0.231939610177636E+00  0.586631923420427E+00 
 0.488744066501794E+00  0.289378350591454E-01  0.593884637536051E+00 
 0.486514541106004E+00  0.548795237866006E-01  0.587169954661758E+00 
 0.481524229054672E+00  0.885583292070156E-01  0.596049049340949E+00 
 0.488670916231495E+00  0.301479098461392E-01  0.624178235760585E+00 
 0.485443689072013E+00  0.636599212910862E-01  0.619693461533532E+00 
 0.479989508070642E+00  0.965309949225443E-01  0.629006749368537E+00 
 0.474029599562226E+00  0.122491222450853E+00  0.622437305408325E+00 
 0.465590235243063E+00  0.151439405984492E+00  0.617397390464991E+00 
 0.455175381706091E+00  0.180342820004962E+00  0.615127602542101E+00 
 0.442097581461658E+00  0.210375591037511E+00  0.609821800814607E+00 
 0.427855368476038E+00  0.238008286630662E+00  0.617465557645861E+00 
 0.414815135682742E+00  0.260070305969624E+00  0.611331573600945E+00 
 0.398661997657752E+00  0.284212548037822E+00  0.607028051056421E+00 
 0.380658584182943E+00  0.307907783478196E+00  0.603186441621784E+00 
 0.361001126519568E+00  0.330736069230773E+00  0.601352407562902E+00 
 0.398064373227445E+00  0.285048970539558E+00  0.577087883228426E+00 
 0.379975137849997E+00  0.308750798305841E+00  0.573713902071878E+00 
 0.360456035407198E+00  0.331330058064681E+00  0.571986093532020E+00 
 0.488682043985133E+00  0.299669939288704E-01  0.563895738427970E+00 
 0.485741329844053E+00  0.613475453458673E-01  0.560969074927033E+00 
 0.480582499127555E+00  0.935340706424502E-01  0.563789113579696E+00 
 0.473796026406582E+00  0.123391596958474E+00  0.558850071124272E+00 
 0.466606673540886E+00  0.148278026172915E+00  0.549146991085840E+00 
 0.455459354880220E+00  0.179624432889074E+00  0.557818130736326E+00 
 0.442229666143646E+00  0.210097794422286E+00  0.555998594716249E+00 
 0.428508849712187E+00  0.236829741706924E+00  0.556112118500158E+00 
 0.413599267399427E+00  0.261999631383867E+00  0.551804391854181E+00 
 0.397284149658642E+00  0.286135396741876E+00  0.547360840229028E+00 
 0.379424847252343E+00  0.309426802533579E+00  0.543648061219239E+00 
 0.360063821408464E+00  0.331756243876967E+00  0.540922565665549E+00 
 0.466943268747235E+00  0.147214620912032E+00  0.487738391850699E+00 
 0.457035603662738E+00  0.175575105932657E+00  0.493777317937573E+00 
 0.440837283945770E+00  0.213003873021001E+00  0.499945671846963E+00 
 0.424788856560225E+00  0.243439085154552E+00  0.502591115004144E+00 
 0.488660409552046E+00  0.303177336726664E-01  0.502877860430828E+00 
 0.486203739929333E+00  0.575680824533922E-01  0.495530154497754E+00 
 0.481035191145038E+00  0.911773311667492E-01  0.505750112783886E+00 
 0.440613227719738E+00  0.213466963244959E+00  0.271264362815010E-01 
 0.427685612911126E+00  0.238313191719350E+00  0.502165199176713E-01 
 0.415309002720900E+00  0.259280915413375E+00  0.713818354822662E-01 
 0.402541683944784E+00  0.278690425966734E+00  0.922644988497139E-01 
 0.389276715456825E+00  0.296937366529988E+00  0.112801980628949E+00 
 0.375323494052044E+00  0.314388987802027E+00  0.132199945328383E+00 
 0.361435044691005E+00  0.330261819331013E+00  0.149102883778116E+00 
 0.488571725006564E+00  0.317148287514050E-01  0.533780675472305E+00 
 0.485076145229335E+00  0.664025162782406E-01  0.529097683411125E+00 
 0.479324217131587E+00  0.997820410185308E-01  0.537229598732153E+00 
 0.473474941940045E+00  0.124617977007732E+00  0.527923134348843E+00 
 0.464145264834567E+00  0.155811854395858E+00  0.519415620262759E+00 
 0.450632877977067E+00  0.191410997920011E+00  0.526742159229496E+00 
 0.438383029398120E+00  0.218010275845789E+00  0.532699118558691E+00 
 0.426573376283593E+00  0.240298388435389E+00  0.528000699687894E+00 
 0.412402028339138E+00  0.263880139192759E+00  0.522992054409027E+00 
 0.396690448904549E+00  0.286957921282072E+00  0.517630064785270E+00 
 0.379114316641370E+00  0.309807191259604E+00  0.513369533412850E+00 
 0.360005438981259E+00  0.331819596682490E+00  0.510193237581097E+00 
 0.396479532037277E+00  0.287249267212506E+00  0.487691088625439E+00 
 0.378906385702601E+00  0.310061464410541E+00  0.483010745365721E+00 
 0.359850766849749E+00  0.331987328728473E+00  0.479580064456748E+00 
 0.465235709719191E+00  0.152525064303238E+00  0.427023402310519E+00 
 0.456353705525949E+00  0.177339945560390E+00  0.440416300876774E+00 
 0.442313735045470E+00  0.209920748447493E+00  0.439193763582328E+00 
 0.425891328255761E+00  0.241505149748763E+00  0.443536991729795E+00 
 0.488544438335993E+00  0.321324230270570E-01  0.441108580101551E+00 
 0.485761890294478E+00  0.611845305299299E-01  0.435645204121484E+00 
 0.480523435935801E+00  0.938370308305075E-01  0.446179051318339E+00 
 0.488580976930695E+00  0.315719783996522E-01  0.472071571168006E+00 
 0.485033120298544E+00  0.667160629240918E-01  0.467822911826452E+00 
 0.479363672913333E+00  0.995923186278521E-01  0.477649059927319E+00 
 0.473393115034983E+00  0.124928457431060E+00  0.467910808598069E+00 
 0.464032872497883E+00  0.156146258616689E+00  0.460144969842057E+00 
 0.451876787857287E+00  0.188455643148219E+00  0.467589438439171E+00 
 0.441209449344208E+00  0.212231907704780E+00  0.469673292360781E+00 
 0.428334706328990E+00  0.237144555477639E+00  0.472792058072199E+00 
 0.412612291326975E+00  0.263551243375038E+00  0.464226272884672E+00 
 0.396354561197187E+00  0.287421680909436E+00  0.457428275203386E+00 
 0.378485839492966E+00  0.310574677238700E+00  0.452427591445561E+00 
 0.359345706962175E+00  0.332533943720749E+00  0.447979868293665E+00 
 0.395787181680556E+00  0.288202476838737E+00  0.426743776557573E+00 
 0.377614308029755E+00  0.311633751717985E+00  0.422335526258393E+00 
 0.358716873720694E+00  0.333212192674085E+00  0.418084601682487E+00 
 0.488704945817151E+00  0.295911603773118E-01  0.381544986200559E+00 
 0.486302499930222E+00  0.567277656905937E-01  0.378085190380089E+00 
 0.357623405967493E+00  0.334385496609572E+00  0.176853592372208E+00 
 0.479746634402473E+00  0.977308938776943E-01  0.386343476484327E+00 
 0.488230365345722E+00  0.365960543365733E-01  0.408778085569455E+00 
 0.483819323774222E+00  0.750134839964700E-01  0.411614461040295E+00 
 0.478457762608891E+00  0.103857258956351E+00  0.418826719764515E+00 
 0.472738149470682E+00  0.127384468730154E+00  0.408683718686602E+00 
 0.465838004045577E+00  0.150675528289962E+00  0.400356277982565E+00 
 0.456108306469138E+00  0.177970148082430E+00  0.409694965019858E+00 
 0.444363421754886E+00  0.205546370060186E+00  0.406103091333458E+00 
 0.429598470061609E+00  0.234847429961144E+00  0.410412228872120E+00 
 0.412402327440949E+00  0.263879671744364E+00  0.400783792493877E+00 
 0.394300456175315E+00  0.290233201234040E+00  0.396093231708551E+00 
 0.375704556873306E+00  0.313933506945739E+00  0.393454539851958E+00 
 0.357393975948175E+00  0.334630702109916E+00  0.391747634785843E+00 
 0.488982800370203E+00  0.245760407863749E-01  0.355430694034692E+00 
 0.487145440198577E+00  0.489640779792906E-01  0.347634089166133E+00 
 0.483531306434439E+00  0.768481394468301E-01  0.352887497875934E+00 
 0.477346299698056E+00  0.108851600829775E+00  0.353125339061748E+00 
 0.468934354905936E+00  0.140743495862438E+00  0.349869050272194E+00 
 0.457587569028703E+00  0.174131494879671E+00  0.348489411836056E+00 
 0.444168399432193E+00  0.205967458071594E+00  0.359229688712163E+00 
 0.428154127874506E+00  0.237470426838061E+00  0.370186289793674E+00 
 0.409640927899998E+00  0.268146361205692E+00  0.368162490958924E+00 
 0.390898482575831E+00  0.294799147146887E+00  0.366021944144144E+00 
 0.371551629133985E+00  0.318837807868672E+00  0.366033724500644E+00 
 0.354363789397340E+00  0.337837928010724E+00  0.369516349317301E+00 
 0.405213680586550E+00  0.274790891232086E+00  0.337523153591710E+00 
 0.385795059964624E+00  0.301447064250941E+00  0.336520983976564E+00 
 0.361544222077146E+00  0.330142297079988E+00  0.340062733050010E+00 
 0.488777706444143E+00  0.283639651992256E-01  0.323720312791724E+00 
 0.486160013802599E+00  0.579361874659330E-01  0.324275082333671E+00 
 0.481726390636439E+00  0.874519605441930E-01  0.325214413177632E+00 
 0.454385125622758E+00  0.182324760938877E+00  0.205122727095096E-01 
 0.460797381487877E+00  0.165450699764439E+00  0.404369977807167E-01 
 0.466836313702978E+00  0.147553437936367E+00  0.607720288388350E-01 
 0.472807721566875E+00  0.127125997598320E+00  0.830994047332861E-01 
 0.478128164741917E+00  0.105364220298725E+00  0.105518623838329E+00 
 0.482395515026988E+00  0.836823035084596E-01  0.128185701986521E+00 
 0.486004984719333E+00  0.592225942237602E-01  0.148558980031491E+00 
 0.488583220903145E+00  0.315372334000492E-01  0.166930042246677E+00 
 0.489236153198019E+00  0.188718637824707E-01  0.188098740297285E+00 
 0.475303246653279E+00  0.117452052172288E+00  0.322743290120129E+00 
 0.466725787697827E+00  0.147902670484576E+00  0.319029644514753E+00 
 0.456553981541025E+00  0.176823705361199E+00  0.313800651101354E+00 
 0.445157266380726E+00  0.203821414544864E+00  0.312053772498146E+00 
 0.432433122195408E+00  0.229586052858097E+00  0.312308491940135E+00 
 0.418071345921998E+00  0.254802885693227E+00  0.309993091519576E+00 
 0.401302090559505E+00  0.280472445974988E+00  0.307610175059430E+00 
 0.382089127269487E+00  0.306130788489267E+00  0.305845500923564E+00 
 0.361064290479139E+00  0.330667112031746E+00  0.303854359016635E+00 
 0.463512741881154E+00  0.157683540524814E+00  0.256251841253079E+00 
 0.452846363596901E+00  0.186113760414677E+00  0.248886230557491E+00 
 0.441412308191587E+00  0.211809666955040E+00  0.266021653348700E+00 
 0.428309845982470E+00  0.237189453123662E+00  0.257434436254266E+00 
 0.488863764357428E+00  0.268399094056664E-01  0.259679003786696E+00 
 0.485631534702125E+00  0.622107172558781E-01  0.268795878682658E+00 
 0.422922129732697E+00  0.246667859724342E+00  0.243315249040247E-01 
 0.410765532832760E+00  0.266420415650234E+00  0.464797242149221E-01 
 0.397955372055940E+00  0.285201126734168E+00  0.675646807824165E-01 
 0.384726871700187E+00  0.302809172632545E+00  0.879812649963868E-01 
 0.371528016390693E+00  0.318865322472380E+00  0.107688383875882E+00 
 0.357236995077325E+00  0.334798282831235E+00  0.126242458303719E+00 
 0.479781527447713E+00  0.975594524306725E-01  0.267375683413544E+00 
 0.488360149803159E+00  0.348213285625097E-01  0.292118257275888E+00 
 0.484940971579752E+00  0.673826010326051E-01  0.301024022180947E+00 
 0.480511380344985E+00  0.938987443877236E-01  0.296216740852750E+00 
 0.473772155758326E+00  0.123483218563241E+00  0.292522370661590E+00 
 0.464822667159771E+00  0.153779221395813E+00  0.287604789250778E+00 
 0.452798386078486E+00  0.186230455090854E+00  0.282543103100745E+00 
 0.440656381037767E+00  0.213377868321268E+00  0.291276619587776E+00 
 0.429454475845428E+00  0.235110642070830E+00  0.285431629712651E+00 
 0.415122398651462E+00  0.259579573496225E+00  0.280937034726504E+00 
 0.398283964512171E+00  0.284742066528795E+00  0.277975585321732E+00 
 0.379583188928042E+00  0.309232539558559E+00  0.274942234374570E+00 
 0.359779227363062E+00  0.332064855708426E+00  0.269864666666522E+00 
 0.395479266239370E+00  0.288624861738190E+00  0.249645929931893E+00 
 0.377337580027479E+00  0.311968766926472E+00  0.245702453870635E+00 
 0.359016963292335E+00  0.332888841667861E+00  0.239224321048484E+00 
 0.487693924618401E+00  0.431601289262045E-01  0.203724482337423E+00 
 0.483846753744735E+00  0.748363529931560E-01  0.205470911105930E+00 
 0.478843847576222E+00  0.102062385221161E+00  0.216084345929668E+00 
 0.488314593233872E+00  0.354544619682831E-01  0.233542602278056E+00 
 0.484000790749018E+00  0.738335654899522E-01  0.235540920166307E+00 
 0.477891895660286E+00  0.106430714085974E+00  0.242676014546369E+00 
 0.471616502878544E+00  0.131476366892457E+00  0.231801529692050E+00 
 0.462177372524189E+00  0.161555678220431E+00  0.225064047515644E+00 
 0.451641620508721E+00  0.189018537352516E+00  0.221855531072221E+00 
 0.441040092103478E+00  0.212583625888697E+00  0.237138119472761E+00 
 0.427135825018379E+00  0.239297195605168E+00  0.228067152208749E+00 
 0.409434472713695E+00  0.268461493313813E+00  0.218703307924199E+00 
 0.391065484584355E+00  0.294577574851553E+00  0.225465718570272E+00 
 0.376192297633975E+00  0.313348872727330E+00  0.216846594193756E+00 
 0.358502240943894E+00  0.333443104707274E+00  0.209223502020241E+00 
 0.356407238096648E+00  0.335681458336530E+00  0.411259768611804E-01 
 0.368895170121853E+00  0.321907617647342E+00  0.210570068822852E-01 
 0.359768110528926E+00  0.332076899957023E+00  0.624970438464014E-01 
 0.374520411861859E+00  0.315345242452524E+00  0.424754721190863E-01 
 0.387437972840631E+00  0.299332554259908E+00  0.216979986739788E-01 
 0.354664611225808E+00  0.337522109472354E+00  0.103412959439740E+00 
 0.405364520103341E+00  0.274568327889455E+00  0.227111243553660E-01 
 0.392930553437058E+00  0.292085160551279E+00  0.441269360749278E-01 
 0.379566595818504E+00  0.309252906497854E+00  0.646656299351335E-01 
 0.365722854607420E+00  0.325507226427339E+00  0.843208209764119E-01 
