 0.500000000000000E+00 -0.462592926927149E-17  0.000000000000000E+00 
 0.350425849746625E+00  0.356653506683105E+00  0.000000000000000E+00 
 0.364662782224464E+00  0.342083403953353E+00  0.000000000000000E+00 
 0.380983947592789E+00  0.323807399045505E+00  0.000000000000000E+00 
 0.398868654828821E+00  0.301502564159987E+00  0.000000000000000E+00 
 0.416816617975354E+00  0.276159205857034E+00  0.000000000000000E+00 
 0.434506014281770E+00  0.247395480057680E+00  0.000000000000000E+00 
 0.451001693102134E+00  0.215864477899928E+00  0.000000000000000E+00 
 0.464353760263853E+00  0.185406540685113E+00  0.000000000000000E+00 
 0.474798470170361E+00  0.156736762515642E+00  0.000000000000000E+00 
 0.483523584290627E+00  0.127298638778052E+00  0.000000000000000E+00 
 0.490509314169602E+00  0.969567569221823E-01  0.000000000000000E+00 
 0.495489905141888E+00  0.670056259017345E-01  0.000000000000000E+00 
 0.498499324323107E+00  0.387094775139799E-01  0.000000000000000E+00 
 0.499773172378084E+00  0.150590893199394E-01  0.000000000000000E+00 
 0.337000000849366E+00  0.369365671696122E+00  0.000000000000000E+00 
 0.337000000849366E+00  0.351567916987323E+00  0.000000000000000E+00 
 0.486360778327850E+00  0.249438195070341E-01  0.000000000000000E+00 
 0.484205108735547E+00  0.521000336053489E-01  0.000000000000000E+00 
 0.480205689215582E+00  0.810647696121765E-01  0.000000000000000E+00 
 0.474109394799954E+00  0.111307154261100E+00  0.000000000000000E+00 
 0.466098325265097E+00  0.141143019708205E+00  0.000000000000000E+00 
 0.457033255743594E+00  0.168195136587506E+00  0.000000000000000E+00 
 0.445875926082781E+00  0.195866432466372E+00  0.000000000000000E+00 
 0.431044957480174E+00  0.226647844591995E+00  0.000000000000000E+00 
 0.413975663752887E+00  0.256501755642404E+00  0.000000000000000E+00 
 0.396553236203868E+00  0.282691584033754E+00  0.000000000000000E+00 
 0.378803818014722E+00  0.306066444231870E+00  0.000000000000000E+00 
 0.362062561690806E+00  0.325698790678079E+00  0.000000000000000E+00 
 0.347215410700830E+00  0.341482736604838E+00  0.000000000000000E+00 
 0.487000000849386E+00  0.346944695195361E-17  0.000000000000000E+00 
 0.337000000849366E+00  0.369365671696122E+00  0.100000000000000E+01 
 0.499373240758710E+00  0.250273133624653E-01  0.100000000000000E+01 
 0.497255555003650E+00  0.523155141235548E-01  0.100000000000000E+01 
 0.493188794069352E+00  0.822484857272085E-01  0.100000000000000E+01 
 0.486473747088229E+00  0.115513174114204E+00  0.100000000000000E+01 
 0.477827123648875E+00  0.147245508948297E+00  0.100000000000000E+01 
 0.468110976529847E+00  0.175704620463643E+00  0.100000000000000E+01 
 0.455916268207216E+00  0.205281164221188E+00  0.100000000000000E+01 
 0.441987389439979E+00  0.233767293640561E+00  0.100000000000000E+01 
 0.427612757519622E+00  0.259128017795191E+00  0.100000000000000E+01 
 0.411615196614310E+00  0.283853712176119E+00  0.100000000000000E+01 
 0.391983466111572E+00  0.310401292354201E+00  0.100000000000000E+01 
 0.371037474055741E+00  0.335158459308930E+00  0.100000000000000E+01 
 0.352282230275247E+00  0.354819996945349E+00  0.100000000000000E+01 
 0.500000000000000E+00 -0.462592926927149E-17  0.100000000000000E+01 
 0.487000000849386E+00  0.346944695195361E-17  0.100000000000000E+01 
 0.351469997792693E+00  0.337102123219179E+00  0.100000000000000E+01 
 0.370014051609500E+00  0.316636388368099E+00  0.100000000000000E+01 
 0.390845560165969E+00  0.290531838058795E+00  0.100000000000000E+01 
 0.409373077737241E+00  0.263785299156750E+00  0.100000000000000E+01 
 0.423740444646230E+00  0.240027157626583E+00  0.100000000000000E+01 
 0.437032637988457E+00  0.214875485246998E+00  0.100000000000000E+01 
 0.450639587512093E+00  0.184642798381662E+00  0.100000000000000E+01 
 0.461708100152190E+00  0.154902004767962E+00  0.100000000000000E+01 
 0.470039472073136E+00  0.127404456438886E+00  0.100000000000000E+01 
 0.477345889913654E+00  0.964878345172453E-01  0.100000000000000E+01 
 0.482600966734810E+00  0.653093234838059E-01  0.100000000000000E+01 
 0.485562925106695E+00  0.373851118642959E-01  0.100000000000000E+01 
 0.486782038445389E+00  0.145687293277990E-01  0.100000000000000E+01 
 0.337000000849366E+00  0.351567916987323E+00  0.100000000000000E+01 
 0.500000000000000E+00 -0.138777878078145E-16  0.974130918976364E+00 
 0.500000000000000E+00 -0.138777878078145E-16  0.945174414440010E+00 
 0.500000000000000E+00 -0.138777878078145E-16  0.915481152231535E+00 
 0.500000000000000E+00 -0.138777878078145E-16  0.882901777041837E+00 
 0.500000000000000E+00 -0.138777878078145E-16  0.853171790735000E+00 
 0.500000000000000E+00 -0.138777878078145E-16  0.826312864131471E+00 
 0.500000000000000E+00 -0.138777878078145E-16  0.795023772137229E+00 
 0.500000000000000E+00 -0.138777878078145E-16  0.759866616010306E+00 
 0.500000000000000E+00 -0.138777878078145E-16  0.726612978329337E+00 
 0.500000000000000E+00 -0.138777878078145E-16  0.695868644395704E+00 
 0.500000000000000E+00 -0.138777878078145E-16  0.667394205380943E+00 
 0.500000000000000E+00 -0.138777878078145E-16  0.638482302708631E+00 
 0.500000000000000E+00 -0.138777878078145E-16  0.608724374751370E+00 
 0.500000000000000E+00 -0.138777878078145E-16  0.578766201612238E+00 
 0.500000000000000E+00 -0.138777878078145E-16  0.548745963162059E+00 
 0.500000000000000E+00 -0.138777878078145E-16  0.518655824860990E+00 
 0.500000000000000E+00 -0.138777878078145E-16  0.488526567296571E+00 
 0.500000000000000E+00 -0.138777878078145E-16  0.458104838014916E+00 
 0.500000000000000E+00 -0.138777878078145E-16  0.427086298385025E+00 
 0.500000000000000E+00 -0.138777878078145E-16  0.395469044179297E+00 
 0.500000000000000E+00 -0.138777878078145E-16  0.365375491829828E+00 
 0.500000000000000E+00 -0.138777878078145E-16  0.337045663327773E+00 
 0.500000000000000E+00 -0.138777878078145E-16  0.307876053215816E+00 
 0.500000000000000E+00 -0.138777878078145E-16  0.277937502060572E+00 
 0.500000000000000E+00 -0.138777878078145E-16  0.248060119348889E+00 
 0.500000000000000E+00 -0.138777878078145E-16  0.217867809077392E+00 
 0.500000000000000E+00 -0.138777878078145E-16  0.187799237723498E+00 
 0.500000000000000E+00 -0.138777878078145E-16  0.161879042295272E+00 
 0.500000000000000E+00 -0.138777878078145E-16  0.133629592883846E+00 
 0.500000000000000E+00 -0.138777878078145E-16  0.100575711690422E+00 
 0.500000000000000E+00 -0.138777878078145E-16  0.676390359033621E-01 
 0.500000000000000E+00 -0.138777878078145E-16  0.375465139704185E-01 
 0.500000000000000E+00 -0.138777878078145E-16  0.145941178603561E-01 
 0.337000000849366E+00  0.369365671696122E+00  0.190748860812661E-01 
 0.337000000849366E+00  0.369365671696122E+00  0.568208858183727E-01 
 0.337000000849366E+00  0.369365671696122E+00  0.863363353431632E-01 
 0.337000000849366E+00  0.369365671696122E+00  0.118006586413263E+00 
 0.337000000849366E+00  0.369365671696122E+00  0.149878600661495E+00 
 0.337000000849366E+00  0.369365671696122E+00  0.178192947097177E+00 
 0.337000000849366E+00  0.369365671696122E+00  0.209738268005774E+00 
 0.337000000849366E+00  0.369365671696122E+00  0.239473182843761E+00 
 0.337000000849366E+00  0.369365671696122E+00  0.278682353037049E+00 
 0.337000000849366E+00  0.369365671696122E+00  0.304134797693043E+00 
 0.337000000849366E+00  0.369365671696122E+00  0.329642824647334E+00 
 0.337000000849366E+00  0.369365671696122E+00  0.358431948302851E+00 
 0.337000000849366E+00  0.369365671696122E+00  0.391698003776196E+00 
 0.337000000849366E+00  0.369365671696122E+00  0.428999497760364E+00 
 0.337000000849366E+00  0.369365671696122E+00  0.460472000695520E+00 
 0.337000000849366E+00  0.369365671696122E+00  0.485279676189705E+00 
 0.337000000849366E+00  0.369365671696122E+00  0.513749093956883E+00 
 0.337000000849366E+00  0.369365671696122E+00  0.542313198773001E+00 
 0.337000000849366E+00  0.369365671696122E+00  0.568115022302199E+00 
 0.337000000849366E+00  0.369365671696122E+00  0.597735674781486E+00 
 0.337000000849366E+00  0.369365671696122E+00  0.633582170735149E+00 
 0.337000000849366E+00  0.369365671696122E+00  0.665207560118934E+00 
 0.337000000849366E+00  0.369365671696122E+00  0.694141588359384E+00 
 0.337000000849366E+00  0.369365671696122E+00  0.730042245443034E+00 
 0.337000000849366E+00  0.369365671696122E+00  0.761265475863326E+00 
 0.337000000849366E+00  0.369365671696122E+00  0.785279086702399E+00 
 0.337000000849366E+00  0.369365671696122E+00  0.809470235389543E+00 
 0.337000000849366E+00  0.369365671696122E+00  0.840297680396807E+00 
 0.337000000849366E+00  0.369365671696122E+00  0.870462834923131E+00 
 0.337000000849366E+00  0.369365671696122E+00  0.896621485236075E+00 
 0.337000000849366E+00  0.369365671696122E+00  0.926669330488367E+00 
 0.337000000849366E+00  0.369365671696122E+00  0.959880748370335E+00 
 0.337000000849366E+00  0.369365671696122E+00  0.983470613676261E+00 
 0.447904997340771E+00  0.222218616135472E+00  0.904172241251894E+00 
 0.450882422140393E+00  0.216113491954603E+00  0.876644594128743E+00 
 0.463824052995749E+00  0.186727737260955E+00  0.894646737013297E+00 
 0.457826538660517E+00  0.200984727027031E+00  0.852476820134419E+00 
 0.451358541800711E+00  0.215117332503766E+00  0.211130686461778E+00 
 0.456888240804816E+00  0.203108678825600E+00  0.153559748585783E+00 
 0.458717530906842E+00  0.198942772773304E+00  0.121546910793806E+00 
 0.442908400469113E+00  0.232017561391141E+00  0.107041288320082E+00 
 0.454438374396967E+00  0.208532404856996E+00  0.830958249520714E-01 
 0.438046024140982E+00  0.241071940993302E+00  0.783252799237990E-01 
 0.461871221418219E+00  0.191507114295115E+00  0.955561794487488E+00 
 0.442198515768560E+00  0.233367676965090E+00  0.931737784575680E+00 
 0.456079445474223E+00  0.204918372568018E+00  0.931137084637234E+00 
 0.468143206087026E+00  0.175618730762297E+00  0.935291317891761E+00 
 0.357018937671095E+00  0.350053536111554E+00  0.160996827666892E-01 
 0.486480295588766E+00  0.115485592191699E+00  0.847496214328243E+00 
 0.486337989481316E+00  0.116083418227029E+00  0.818489998371317E+00 
 0.491969147308526E+00  0.892544570120877E-01  0.832864048994007E+00 
 0.496227039889345E+00  0.613084405498788E-01  0.815429646148141E+00 
 0.385684233538689E+00  0.318194393413325E+00  0.810432662458857E+00 
 0.399594564515285E+00  0.300539821005204E+00  0.834783106994183E+00 
 0.404318284268292E+00  0.294154253762111E+00  0.805030177657316E+00 
 0.411817972777170E+00  0.283559442265114E+00  0.859083001940771E+00 
 0.417189300764844E+00  0.275595876832984E+00  0.830539648851203E+00 
 0.421565445922264E+00  0.268854188742453E+00  0.801331862993887E+00 
 0.422965136975816E+00  0.266646756783256E+00  0.883281206173237E+00 
 0.428483777284803E+00  0.257685181187719E+00  0.855551975805585E+00 
 0.372148693642262E+00  0.333924167769208E+00  0.200729893808851E-01 
 0.358604410972660E+00  0.348429155540910E+00  0.380351472711900E-01 
 0.433425914351864E+00  0.249282925143802E+00  0.827181203503071E+00 
 0.437214202620398E+00  0.242577288770012E+00  0.798163319508745E+00 
 0.433184285219328E+00  0.249702573152581E+00  0.907170888471251E+00 
 0.438333350354645E+00  0.240549109262271E+00  0.880052804323557E+00 
 0.443540292941693E+00  0.230807297408894E+00  0.852668589997304E+00 
 0.448446979841499E+00  0.221122830732238E+00  0.824025061967065E+00 
 0.450909383971485E+00  0.216057231877243E+00  0.794355907477174E+00 
 0.474662896802885E+00  0.157146856152750E+00  0.914827489242423E+00 
 0.477036422273109E+00  0.149787355357092E+00  0.885556987547068E+00 
 0.470876154820341E+00  0.168153640524404E+00  0.855472307429758E+00 
 0.463368197370373E+00  0.187856098292632E+00  0.818691385553600E+00 
 0.461289296991620E+00  0.192904599429296E+00  0.787316023991366E+00 
 0.485184249617026E+00  0.120814915981278E+00  0.879472122973511E+00 
 0.480109080328256E+00  0.139625466825919E+00  0.858398131110983E+00 
 0.478232311677403E+00  0.145924144909904E+00  0.826295561498026E+00 
 0.471373003365095E+00  0.166755784603025E+00  0.792128424027152E+00 
 0.387937677089962E+00  0.315443114830621E+00  0.184051631515432E+00 
 0.394833554105337E+00  0.306767769742109E+00  0.159180729419961E+00 
 0.413730668165732E+00  0.280761347445009E+00  0.178373564095739E+00 
 0.407097552074462E+00  0.290295682184528E+00  0.141377663894592E+00 
 0.436889103678093E+00  0.243162314282771E+00  0.203955096946502E+00 
 0.434316323108991E+00  0.247728342102971E+00  0.169987131883548E+00 
 0.424808267586708E+00  0.263700466040506E+00  0.145430528038637E+00 
 0.417700988976355E+00  0.274819729655960E+00  0.119097102739008E+00 
 0.450275759531397E+00  0.217374654406680E+00  0.180245784194304E+00 
 0.390189898177649E+00  0.312652911964875E+00  0.219359066224628E-01 
 0.379363911897183E+00  0.325703887526793E+00  0.428443314339047E-01 
 0.366750735287943E+00  0.339843932071404E+00  0.635009526893117E-01 
 0.355130503543673E+00  0.351969210944391E+00  0.859687560188681E-01 
 0.443037204313713E+00  0.231771515924389E+00  0.142316103926659E+00 
 0.431665470680217E+00  0.252319086520277E+00  0.122138990928189E+00 
 0.427873330702894E+00  0.258697531633397E+00  0.982013071484396E-01 
 0.497423136591226E+00  0.506973686077116E-01  0.205418462478179E+00 
 0.494013875049368E+00  0.771381310293949E-01  0.184789536183783E+00 
 0.489728507367867E+00  0.100826529600304E+00  0.161694074169755E+00 
 0.488646160732476E+00  0.105947768270083E+00  0.191665363223796E+00 
 0.484803253395024E+00  0.122334809018529E+00  0.139184619263510E+00 
 0.481301029774746E+00  0.135459657233323E+00  0.196484055429098E+00 
 0.482980480186520E+00  0.129343943649474E+00  0.167052408385161E+00 
 0.472275081653613E+00  0.164183577890947E+00  0.200744094276544E+00 
 0.474459116270173E+00  0.157761043949787E+00  0.171969322604780E+00 
 0.476892633212503E+00  0.150244521988806E+00  0.144493996216089E+00 
 0.478967950836595E+00  0.143491121925342E+00  0.117567881190300E+00 
 0.461835866567913E+00  0.191592359846277E+00  0.204967704461209E+00 
 0.464181954004178E+00  0.185836254742888E+00  0.176473362359130E+00 
 0.467382395225309E+00  0.177633602208176E+00  0.148940503303061E+00 
 0.470793599879827E+00  0.168384637993473E+00  0.124992024834919E+00 
 0.470000503473869E+00  0.170585833920373E+00  0.961810919941903E-01 
 0.465411799993411E+00  0.182734387641989E+00  0.690673920681995E-01 
 0.445889039228403E+00  0.226236523788648E+00  0.582095430992179E-01 
 0.457241115390257E+00  0.202313030713974E+00  0.513089348842017E-01 
 0.352376305312225E+00  0.354726569986666E+00  0.945002182728451E+00 
 0.357845815759057E+00  0.349208207440397E+00  0.972179574602936E+00 
 0.357901373039973E+00  0.349151266897461E+00  0.920585218120957E+00 
 0.370791517908293E+00  0.335430544594949E+00  0.944977049044185E+00 
 0.382004116276612E+00  0.322603247267793E+00  0.971679308016353E+00 
 0.354420784656332E+00  0.352683863259421E+00  0.870206536134035E+00 
 0.365978992379048E+00  0.340674884805465E+00  0.893939918266027E+00 
 0.379099547643982E+00  0.326011553439641E+00  0.917841673328109E+00 
 0.391712690448332E+00  0.310742929351142E+00  0.942813430448225E+00 
 0.405393730882143E+00  0.292670331536110E+00  0.970009523528670E+00 
 0.420494046590113E+00  0.270526813425715E+00  0.981034225818624E+00 
 0.363593672304405E+00  0.343219523716523E+00  0.847339031487844E+00 
 0.408359511303658E+00  0.288517780262911E+00  0.231433127125128E-01 
 0.398338730351854E+00  0.302202342647560E+00  0.451584074638436E-01 
 0.387191506254758E+00  0.316358558417774E+00  0.664984052773952E-01 
 0.375532825981196E+00  0.330113763134131E+00  0.873805732394300E-01 
 0.365074380130924E+00  0.341644108645271E+00  0.106950231085871E+00 
 0.374712956075659E+00  0.331044106652031E+00  0.867775088400081E+00 
 0.386803704182891E+00  0.316832596855807E+00  0.890690805994241E+00 
 0.399031241355996E+00  0.301287351911581E+00  0.914446552907763E+00 
 0.411059766517590E+00  0.284657457921805E+00  0.938107672049900E+00 
 0.422684456101568E+00  0.267091464802082E+00  0.958127512105373E+00 
 0.433184699126528E+00  0.249701855104563E+00  0.976955526272256E+00 
 0.352155250996376E+00  0.354946022932613E+00  0.802239185480550E+00 
 0.366485763366750E+00  0.340129659467519E+00  0.819758462634189E+00 
 0.381185787887937E+00  0.323569768538800E+00  0.840505281171619E+00 
 0.393769409908302E+00  0.308132523146239E+00  0.863266568677520E+00 
 0.405706201283538E+00  0.292237024074776E+00  0.886871438163914E+00 
 0.417062340294977E+00  0.275787969838564E+00  0.910499476723535E+00 
 0.427392292916623E+00  0.259491479543108E+00  0.932974101301449E+00 
 0.435322364375352E+00  0.245956173076939E+00  0.953042491845519E+00 
 0.449208138475662E+00  0.219572421599869E+00  0.966159968711956E+00 
 0.498715958407915E+00  0.358105128317723E-01  0.975628974587663E+00 
 0.499532432242799E+00  0.216182593562510E-01  0.955097132877112E+00 
 0.495886684333445E+00  0.640030960249790E-01  0.971941264703640E+00 
 0.497919746712039E+00  0.455623291131952E-01  0.949095948042096E+00 
 0.499399496921063E+00  0.244978055137390E-01  0.930602496805031E+00 
 0.491354530136227E+00  0.925782140387686E-01  0.965757157860072E+00 
 0.494744426721481E+00  0.723045795785674E-01  0.941185076345281E+00 
 0.497391460263638E+00  0.510072078907025E-01  0.919567071112732E+00 
 0.499268411363852E+00  0.270379994492052E-01  0.899959153233734E+00 
 0.499641820594948E+00  0.189222385717351E-01  0.839323583425129E+00 
 0.480087521711439E+00  0.139699575865385E+00  0.972758041348103E+00 
 0.485388882048438E+00  0.119990137860441E+00  0.953634423646940E+00 
 0.490017365912309E+00  0.994131837552889E-01  0.931068911455283E+00 
 0.493854209069041E+00  0.781538238654525E-01  0.909130190776292E+00 
 0.496841140314013E+00  0.561148936688944E-01  0.886355616784545E+00 
 0.499143402389051E+00  0.292551508538573E-01  0.864233700048469E+00 
 0.481528479029708E+00  0.134648891132961E+00  0.793163594834554E+00 
 0.490143952124324E+00  0.987871762727750E-01  0.795556908848089E+00 
 0.494679003323679E+00  0.727508327834904E-01  0.784230849448753E+00 
 0.498073641310408E+00  0.438480082990192E-01  0.787649199919148E+00 
 0.461824970729063E+00  0.191618622297260E+00  0.978956774986641E+00 
 0.471248218599679E+00  0.167108098147963E+00  0.969405165655416E+00 
 0.477647772634756E+00  0.147826267277019E+00  0.943700478926826E+00 
 0.483245249886381E+00  0.128351191900383E+00  0.915456817313033E+00 
 0.489220585010880E+00  0.103262864581672E+00  0.901631557887491E+00 
 0.492038301459380E+00  0.888724360922387E-01  0.872741815710472E+00 
 0.496201362823182E+00  0.615159128390106E-01  0.851995537594007E+00 
 0.498382042964819E+00  0.401912832615838E-01  0.837359034921839E+00 
 0.499278142483604E+00  0.268577072387460E-01  0.816171607617264E+00 
 0.350455234835962E+00  0.356624632318171E+00  0.776363457858145E+00 
 0.368573680223290E+00  0.337866012269154E+00  0.783516983537384E+00 
 0.389469583227558E+00  0.313549746835414E+00  0.778386906673615E+00 
 0.408011444081885E+00  0.289009794813627E+00  0.774671764022542E+00 
 0.424817088018312E+00  0.263686256235781E+00  0.771785068266913E+00 
 0.439886458000411E+00  0.237697084685221E+00  0.769189183690460E+00 
 0.453017958320270E+00  0.211600400376120E+00  0.766142400663782E+00 
 0.464437051801344E+00  0.185197799430975E+00  0.763982636437901E+00 
 0.426050892020819E+00  0.261688053621606E+00  0.248734116972579E-01 
 0.416141020730446E+00  0.277176209053776E+00  0.474878682717333E-01 
 0.405620400528177E+00  0.292356102510895E+00  0.692051013044872E-01 
 0.394324097942224E+00  0.307422357323034E+00  0.904746565320061E-01 
 0.382553737372379E+00  0.321951297593945E+00  0.111210404360654E+00 
 0.369283680859950E+00  0.337089844181824E+00  0.131694566989127E+00 
 0.355888400031254E+00  0.351202856940536E+00  0.152977031124729E+00 
 0.474733663314187E+00  0.156932944012059E+00  0.764291334358831E+00 
 0.483769929742800E+00  0.126359230278781E+00  0.763997504225811E+00 
 0.490800062757055E+00  0.954740718607495E-01  0.762380058133532E+00 
 0.495635853497595E+00  0.659173780403180E-01  0.759468336057806E+00 
 0.498778923891174E+00  0.349225583536240E-01  0.759621188586432E+00 
 0.354725383633935E+00  0.352377499573621E+00  0.752940380464071E+00 
 0.373680015597711E+00  0.332209641556194E+00  0.750154334716682E+00 
 0.392706794480970E+00  0.309485659713792E+00  0.747010721297918E+00 
 0.410590773449011E+00  0.285333518463119E+00  0.744322347470524E+00 
 0.426994446815779E+00  0.260145617661507E+00  0.742218358589333E+00 
 0.441776490356900E+00  0.234165609276725E+00  0.740242256924077E+00 
 0.454876177787082E+00  0.207575679890047E+00  0.738336743963730E+00 
 0.466413150422033E+00  0.180163184678207E+00  0.736803100081982E+00 
 0.476459920091825E+00  0.151611162340018E+00  0.735893402637746E+00 
 0.484892893175082E+00  0.121979023394593E+00  0.734813358543690E+00 
 0.491467333649717E+00  0.919774970046348E-01  0.733289601379920E+00 
 0.496122178868468E+00  0.621512963244065E-01  0.731446947765299E+00 
 0.499007368445606E+00  0.314904150018952E-01  0.729779112013152E+00 
 0.356488693069651E+00  0.350593513507441E+00  0.722913898236817E+00 
 0.375792650965544E+00  0.329817955060498E+00  0.719115721404532E+00 
 0.394460619281275E+00  0.307247164081677E+00  0.716259475602156E+00 
 0.412032221608129E+00  0.283248033279438E+00  0.714209403996068E+00 
 0.428226071366251E+00  0.258113215086378E+00  0.712486905648471E+00 
 0.442886802967000E+00  0.232058785133574E+00  0.710966169603325E+00 
 0.455955253007257E+00  0.205194559516300E+00  0.709462166236810E+00 
 0.467418115338162E+00  0.177539588412614E+00  0.708086140049480E+00 
 0.477275025183166E+00  0.149025334545533E+00  0.706840862407619E+00 
 0.485432903830797E+00  0.119811918766041E+00  0.705550445881737E+00 
 0.491782537071818E+00  0.902769972429645E-01  0.704071730367918E+00 
 0.496331957564986E+00  0.604531876720202E-01  0.702304511731360E+00 
 0.499075736124345E+00  0.303876555848423E-01  0.699899264189045E+00 
 0.357193487531582E+00  0.349875424208425E+00  0.691321396395926E+00 
 0.376635340974074E+00  0.328855317623637E+00  0.688238130124687E+00 
 0.395206975047312E+00  0.306286543736341E+00  0.685923257971642E+00 
 0.412661069293940E+00  0.282331085587794E+00  0.684100285417472E+00 
 0.428772761278415E+00  0.257204041931077E+00  0.682643818687006E+00 
 0.443389443152650E+00  0.231096953032236E+00  0.681265283059608E+00 
 0.456424763811554E+00  0.204148071211968E+00  0.679920639709380E+00 
 0.467840734700369E+00  0.176422920718989E+00  0.678592049526816E+00 
 0.477591844469992E+00  0.148006858272686E+00  0.677283956939764E+00 
 0.485627371325700E+00  0.119021242722848E+00  0.675953913217625E+00 
 0.491905274701870E+00  0.896058074037494E-01  0.674500470747696E+00 
 0.496391900397912E+00  0.599589961502833E-01  0.672748340966532E+00 
 0.499097088039744E+00  0.300349248417174E-01  0.670481483683400E+00 
 0.357388569369938E+00  0.349676150864923E+00  0.660813568804967E+00 
 0.376895945401256E+00  0.328556610556070E+00  0.657808142388502E+00 
 0.395438980572635E+00  0.305986948485839E+00  0.655677729983970E+00 
 0.412863977605331E+00  0.282034281596944E+00  0.654071831862562E+00 
 0.428953725140329E+00  0.256902124725030E+00  0.652678805799300E+00 
 0.443557205781411E+00  0.230774793249582E+00  0.651363537631156E+00 
 0.456582073827001E+00  0.203796000598234E+00  0.650055595081834E+00 
 0.467971908580044E+00  0.176074679553736E+00  0.648748154082210E+00 
 0.460290560057178E+00  0.195275703358737E+00  0.248862872599742E-01 
 0.468349696184645E+00  0.175067307295654E+00  0.463779974078587E-01 
 0.474861748017586E+00  0.156544946484013E+00  0.687858015926740E-01 
 0.481096386140866E+00  0.136184680644331E+00  0.912750636645042E-01 
 0.486670200757479E+00  0.114682673907941E+00  0.112951951809181E+00 
 0.491088647535308E+00  0.939784031676539E-01  0.134618406202722E+00 
 0.494541846786171E+00  0.736774170103931E-01  0.156004980153666E+00 
 0.497415574071165E+00  0.507715143702919E-01  0.175421305758557E+00 
 0.499351360129481E+00  0.254601480128725E-01  0.195458764317096E+00 
 0.477686618958055E+00  0.147700690819041E+00  0.647442441791313E+00 
 0.485684990697793E+00  0.118785899040604E+00  0.646105533415386E+00 
 0.491931360878652E+00  0.894624847859595E-01  0.644673200660101E+00 
 0.496408988924319E+00  0.598173529599508E-01  0.643011638676144E+00 
 0.499100954722402E+00  0.299706021825834E-01  0.640947192771270E+00 
 0.357413912767797E+00  0.349650246617979E+00  0.629561403446555E+00 
 0.376930553886551E+00  0.328516906028864E+00  0.627266905460845E+00 
 0.395493020567384E+00  0.305917097728268E+00  0.625470493566255E+00 
 0.412907206715504E+00  0.281970989008444E+00  0.624023886591209E+00 
 0.428995615877830E+00  0.256832166127224E+00  0.622684284037920E+00 
 0.443596935528332E+00  0.230698415230520E+00  0.621383002558916E+00 
 0.456618674638238E+00  0.203713980795670E+00  0.620083435609213E+00 
 0.468003039028051E+00  0.175991918736369E+00  0.618783578441746E+00 
 0.477706772861895E+00  0.147635494248075E+00  0.617478200465064E+00 
 0.485694458792009E+00  0.118747179750671E+00  0.616148685158603E+00 
 0.491936831707075E+00  0.894323968705143E-01  0.614730921045038E+00 
 0.496410787529328E+00  0.598024249049515E-01  0.613109077101480E+00 
 0.499101866213711E+00  0.299554192424399E-01  0.611147606832895E+00 
 0.357441839723221E+00  0.349621697289055E+00  0.597862307556436E+00 
 0.376959804622375E+00  0.328483341585325E+00  0.596662787205896E+00 
 0.395495521926876E+00  0.305913863915626E+00  0.595320708665559E+00 
 0.412915649518981E+00  0.281958625302220E+00  0.593981593599991E+00 
 0.429001363800742E+00  0.256822564929766E+00  0.592682064429871E+00 
 0.443603031195318E+00  0.230686693838907E+00  0.591384147958087E+00 
 0.456624344227696E+00  0.203701272108513E+00  0.590086744473093E+00 
 0.468007406190827E+00  0.175980305007505E+00  0.588788115577900E+00 
 0.477709589148724E+00  0.147626381230988E+00  0.587484588174181E+00 
 0.485695686662162E+00  0.118742157457960E+00  0.586155298319430E+00 
 0.491936920765923E+00  0.894319069870612E-01  0.584744444389488E+00 
 0.496411040062321E+00  0.598003286299066E-01  0.583137814709736E+00 
 0.499101942810621E+00  0.299541429966414E-01  0.581206363940157E+00 
 0.357446505233937E+00  0.349616927359139E+00  0.567965617353238E+00 
 0.444784596849290E+00  0.228400224180307E+00  0.295238428246377E-01 
 0.432710098661989E+00  0.250523393151083E+00  0.514367221207121E-01 
 0.422592232804901E+00  0.267237356619482E+00  0.727146098147966E-01 
 0.411926229238667E+00  0.283402155364445E+00  0.938581120845611E-01 
 0.400731317711579E+00  0.299022425589021E+00  0.115158450098113E+00 
 0.388805309462181E+00  0.314373076668499E+00  0.135664438182852E+00 
 0.377188038303523E+00  0.328221242092494E+00  0.157262696836028E+00 
 0.365823880131590E+00  0.340841442206590E+00  0.180278024428083E+00 
 0.376947497967846E+00  0.328497463880287E+00  0.566690511267928E+00 
 0.395501331548419E+00  0.305906352898117E+00  0.565348605603884E+00 
 0.412914505046877E+00  0.281960301322531E+00  0.563987193829970E+00 
 0.429002255680483E+00  0.256821075110781E+00  0.562684534390162E+00 
 0.443603417385494E+00  0.230685951206205E+00  0.561384622327547E+00 
 0.456624769411782E+00  0.203700318997387E+00  0.560086915026556E+00 
 0.468007777679085E+00  0.175979317057103E+00  0.558788338128839E+00 
 0.477709746053281E+00  0.147625873496855E+00  0.557484799128846E+00 
 0.485695689464016E+00  0.118742145997429E+00  0.556156519853989E+00 
 0.491936934502261E+00  0.894318314277330E-01  0.554744088088881E+00 
 0.496411030182139E+00  0.598004106466433E-01  0.553150754123941E+00 
 0.499101971990939E+00  0.299536567843746E-01  0.551200649421286E+00 
 0.357447215441939E+00  0.349616201244743E+00  0.539306460925288E+00 
 0.376958731498371E+00  0.328484573073286E+00  0.537285033182194E+00 
 0.395498655682718E+00  0.305909812449948E+00  0.535489556215905E+00 
 0.412916396088990E+00  0.281957531981113E+00  0.534044932528895E+00 
 0.429002101674398E+00  0.256821332367366E+00  0.532689599076568E+00 
 0.443603471572844E+00  0.230685847005231E+00  0.531386111931053E+00 
 0.456624768437597E+00  0.203700321181169E+00  0.530086911399132E+00 
 0.468007776735076E+00  0.175979319567644E+00  0.528788333886175E+00 
 0.477709743584706E+00  0.147625881485039E+00  0.527484943012508E+00 
 0.485695692467006E+00  0.118742133714180E+00  0.526155877097059E+00 
 0.491936917825053E+00  0.894319231638636E-01  0.524748881514637E+00 
 0.496411052261762E+00  0.598002273605242E-01  0.523144179504874E+00 
 0.499101956004802E+00  0.299539231517509E-01  0.521204810318771E+00 
 0.357445734973605E+00  0.349617714867510E+00  0.510544206099129E+00 
 0.376956271287758E+00  0.328487396313512E+00  0.507770609161575E+00 
 0.395500452643488E+00  0.305907489216587E+00  0.505722553199662E+00 
 0.412916336259275E+00  0.281957619599502E+00  0.504086075530412E+00 
 0.429002210645320E+00  0.256821150338964E+00  0.502701516421973E+00 
 0.443603460739967E+00  0.230685867836599E+00  0.501386214248986E+00 
 0.456624767926390E+00  0.203700322327116E+00  0.500086909466143E+00 
 0.468007776284635E+00  0.175979320765569E+00  0.498788331827676E+00 
 0.477709744435627E+00  0.147625878731499E+00  0.497484908029188E+00 
 0.485695685327840E+00  0.118742162915792E+00  0.496157176246175E+00 
 0.491936930963168E+00  0.894318508951898E-01  0.494746800144367E+00 
 0.496411051801592E+00  0.598002311804611E-01  0.493141902661927E+00 
 0.499101982391549E+00  0.299534834839903E-01  0.491144994341422E+00 
 0.357427638240363E+00  0.349636215832851E+00  0.481719731862540E+00 
 0.376951019124113E+00  0.328493423345571E+00  0.478354355997410E+00 
 0.395501468678036E+00  0.305906175605391E+00  0.475900834121273E+00 
 0.412915645862239E+00  0.281958630657354E+00  0.474138329452640E+00 
 0.429002420486047E+00  0.256820799814021E+00  0.472709898478311E+00 
 0.443603422401096E+00  0.230685941561325E+00  0.471386819130254E+00 
 0.456624767452448E+00  0.203700323389528E+00  0.470086907749468E+00 
 0.468007775928518E+00  0.175979321712642E+00  0.468788330311475E+00 
 0.477709743363934E+00  0.147625882199445E+00  0.467484980135972E+00 
 0.485695692386297E+00  0.118742134044306E+00  0.466156646298627E+00 
 0.491936966552346E+00  0.894316551299163E-01  0.464737885962744E+00 
 0.496411125473831E+00  0.597996196125395E-01  0.463091296898159E+00 
 0.499102057372519E+00  0.299522340822643E-01  0.460983096235171E+00 
 0.357437286890059E+00  0.349626351896812E+00  0.453061964769318E+00 
 0.376953684006958E+00  0.328490365328395E+00  0.448715454433059E+00 
 0.395499662369481E+00  0.305908510940161E+00  0.445989398687569E+00 
 0.412916394110690E+00  0.281957534878260E+00  0.444165034172912E+00 
 0.429002067239712E+00  0.256821389888097E+00  0.442712596905200E+00 
 0.443603479487566E+00  0.230685831785406E+00  0.441387930081856E+00 
 0.456624766639527E+00  0.203700325211812E+00  0.440086904985278E+00 
 0.468007775375598E+00  0.175979323183106E+00  0.438788328133493E+00 
 0.477709744040662E+00  0.147625880009588E+00  0.437484911181526E+00 
 0.485695723061273E+00  0.118742008573157E+00  0.436151607221886E+00 
 0.491937026361785E+00  0.894313261353361E-01  0.434711000616231E+00 
 0.496411347439748E+00  0.597977769908987E-01  0.432969784661854E+00 
 0.499102279121953E+00  0.299485387835846E-01  0.430594074204582E+00 
 0.357399763912322E+00  0.349664709050566E+00  0.422159285440526E+00 
 0.376944972414359E+00  0.328500361904730E+00  0.418294205572429E+00 
 0.395497056490871E+00  0.305911879970453E+00  0.415858123593072E+00 
 0.412915632678378E+00  0.281958649964520E+00  0.414122247408278E+00 
 0.429002164580372E+00  0.256821227287302E+00  0.412707452335434E+00 
 0.443603678133284E+00  0.230685449793918E+00  0.411386974307713E+00 
 0.456624992277046E+00  0.203699819410789E+00  0.410087183337656E+00 
 0.471585907357119E+00  0.166152736908431E+00  0.228746241427446E-01 
 0.477963535799865E+00  0.146802106407541E+00  0.448638585684530E-01 
 0.483650198492216E+00  0.126816739819475E+00  0.667154380668150E-01 
 0.488590307240870E+00  0.106205045408741E+00  0.883448043450034E-01 
 0.492596224740588E+00  0.857260717128745E-01  0.109842705542519E+00 
 0.495572698353099E+00  0.663905162431197E-01  0.131124841080803E+00 
 0.497423632949967E+00  0.506924982897529E-01  0.150556632713712E+00 
 0.499378952574072E+00  0.249130834306526E-01  0.161703930705854E+00 
 0.468007996622116E+00  0.175978734788477E+00  0.408788603453678E+00 
 0.477709949922409E+00  0.147625213785211E+00  0.407483974161229E+00 
 0.485695887715571E+00  0.118741335078328E+00  0.406144066841792E+00 
 0.491937315583537E+00  0.894297351917378E-01  0.404670854694759E+00 
 0.496411629349648E+00  0.597954366689300E-01  0.402811004812691E+00 
 0.499102619812662E+00  0.299428605202938E-01  0.400077422454978E+00 
 0.357449595755179E+00  0.349613767598559E+00  0.389549745221660E+00 
 0.376959429436546E+00  0.328483772139316E+00  0.387398342199944E+00 
 0.395511172079528E+00  0.305893629813172E+00  0.385563213959172E+00 
 0.412922782618721E+00  0.281948178916644E+00  0.384058982109452E+00 
 0.429006558773507E+00  0.256813886947949E+00  0.382697056772554E+00 
 0.443607486766855E+00  0.230678125717188E+00  0.381389067249096E+00 
 0.456628754153606E+00  0.203691386367038E+00  0.380089033538141E+00 
 0.468011224968809E+00  0.175970148898031E+00  0.378790562927329E+00 
 0.477712748290375E+00  0.147616158061563E+00  0.377482676896619E+00 
 0.485698709118553E+00  0.118729793904359E+00  0.376133450282331E+00 
 0.491939696149800E+00  0.894166391229463E-01  0.374649314931499E+00 
 0.496413080060754E+00  0.597833918793110E-01  0.372767397484690E+00 
 0.499102761279253E+00  0.299405023909908E-01  0.369956054546210E+00 
 0.357479696315353E+00  0.349582989749620E+00  0.358126259593679E+00 
 0.377032565967863E+00  0.328399823690100E+00  0.356843824399014E+00 
 0.395580418559023E+00  0.305804075271517E+00  0.355441056701952E+00 
 0.412977393964650E+00  0.281868182089015E+00  0.354074623512241E+00 
 0.429047430320599E+00  0.256745598862554E+00  0.352735483255626E+00 
 0.443637682213022E+00  0.230620048826327E+00  0.351412803411081E+00 
 0.456655273553064E+00  0.203631925630969E+00  0.350113713770912E+00 
 0.468034449151352E+00  0.175908369350609E+00  0.348799776402171E+00 
 0.477733699535761E+00  0.147548338953291E+00  0.347466698535413E+00 
 0.485717961674586E+00  0.118651008030635E+00  0.346114202326062E+00 
 0.491957216009739E+00  0.893201971333904E-01  0.344639629099217E+00 
 0.496424630421118E+00  0.596874049633287E-01  0.342887492359013E+00 
 0.499106617282585E+00  0.298761541155384E-01  0.340422124507950E+00 
 0.357612274229560E+00  0.349447365593678E+00  0.328637647805020E+00 
 0.377301287547430E+00  0.328091052019178E+00  0.327095871927773E+00 
 0.395897160275078E+00  0.305393907087436E+00  0.325770387550414E+00 
 0.413242085904832E+00  0.281479978749863E+00  0.324383059840429E+00 
 0.429228928145074E+00  0.256442054358155E+00  0.322945921014990E+00 
 0.443787678927609E+00  0.230331274541791E+00  0.321572636361712E+00 
 0.456778052608352E+00  0.203356363695168E+00  0.320205974146771E+00 
 0.468139004019583E+00  0.175629931718808E+00  0.318839418994766E+00 
 0.477825715545144E+00  0.147250078314990E+00  0.317436864666175E+00 
 0.485805319162657E+00  0.118292822577152E+00  0.315994264889015E+00 
 0.492034904064812E+00  0.888912435616236E-01  0.314628436880150E+00 
 0.496475126148246E+00  0.592659186723936E-01  0.313072821365112E+00 
 0.499123271777305E+00  0.295966141698485E-01  0.310909979177020E+00 
 0.358045340783948E+00  0.349003630271817E+00  0.300179790197938E+00 
 0.378259251195069E+00  0.326986144791099E+00  0.297992147805955E+00 
 0.396938734702939E+00  0.304038880560414E+00  0.296825948138589E+00 
 0.414041236690783E+00  0.280303147180989E+00  0.295376402084664E+00 
 0.429832784206110E+00  0.255428615510525E+00  0.293620237074501E+00 
 0.444260035522119E+00  0.229418876376566E+00  0.292020814731123E+00 
 0.457176575754250E+00  0.202458831819257E+00  0.290568811386610E+00 
 0.468466865262327E+00  0.174753529724835E+00  0.288981024325472E+00 
 0.478114464814197E+00  0.146309803278639E+00  0.287318383534833E+00 
 0.486075151687562E+00  0.117179123191436E+00  0.285766941858095E+00 
 0.480810783022055E+00  0.137189616697905E+00  0.220831748882758E-01 
 0.486013460125006E+00  0.117434733266266E+00  0.437117377770370E-01 
 0.490472068074967E+00  0.971449969801073E-01  0.651664885825017E-01 
 0.494050592413032E+00  0.769026146261144E-01  0.865778510557094E-01 
 0.496728964862851E+00  0.570993473367284E-01  0.108155811405348E+00 
 0.498572619938495E+00  0.377537103827465E-01  0.131177358768758E+00 
 0.492279485976565E+00  0.875266113056440E-01  0.284445388398022E+00 
 0.496634018200272E+00  0.579193574399095E-01  0.283621604221392E+00 
 0.499173506949931E+00  0.287369093555206E-01  0.281496362354976E+00 
 0.359299243486905E+00  0.347712602057702E+00  0.270198225700593E+00 
 0.380876169516193E+00  0.323934165371102E+00  0.268837430877820E+00 
 0.399451978123246E+00  0.300729308803492E+00  0.269508800683857E+00 
 0.415848681041122E+00  0.277614615026585E+00  0.267635921128938E+00 
 0.431128288657382E+00  0.253235855911751E+00  0.264902233540673E+00 
 0.445404909363374E+00  0.227188174681265E+00  0.263157757369628E+00 
 0.458115400881016E+00  0.200325433920974E+00  0.261409154522252E+00 
 0.469224700401154E+00  0.172708368452276E+00  0.259358846162327E+00 
 0.478765937232676E+00  0.144163717161141E+00  0.257152558887283E+00 
 0.486693482586840E+00  0.114583829607383E+00  0.255110957551533E+00 
 0.492876942186425E+00  0.840970859243057E-01  0.254080421126763E+00 
 0.497012423367979E+00  0.545770191370726E-01  0.255387233433669E+00 
 0.499281524972514E+00  0.267947536118631E-01  0.252990636243134E+00 
 0.356122602579943E+00  0.350965371413888E+00  0.202392396167031E+00 
 0.376558662386855E+00  0.328943116330807E+00  0.209351743728917E+00 
 0.401552536673623E+00  0.297918714234232E+00  0.216133736046963E+00 
 0.420939943456075E+00  0.269832473959670E+00  0.214126864220527E+00 
 0.361901757878553E+00  0.345003069036224E+00  0.234306272104128E+00 
 0.387406075370837E+00  0.316095765181638E+00  0.240859573178045E+00 
 0.404178053602509E+00  0.294346905854448E+00  0.246513803039465E+00 
 0.418143475702480E+00  0.274146008045803E+00  0.240567746572504E+00 
 0.433352120371351E+00  0.249411186135775E+00  0.236314579116604E+00 
 0.447555818461772E+00  0.222921038399282E+00  0.235301971498207E+00 
 0.459817253576258E+00  0.196387609877983E+00  0.233196145046413E+00 
 0.470522047334928E+00  0.169141961002429E+00  0.229980894174309E+00 
 0.479875484815034E+00  0.140426205081301E+00  0.226815378518046E+00 
 0.487728021849985E+00  0.110097123951088E+00  0.223785662821133E+00 
 0.494142415128311E+00  0.763103765628280E-01  0.221665128029406E+00 
 0.497770835264675E+00  0.471613778414898E-01  0.232103642010469E+00 
 0.499373015004973E+00  0.250318174498667E-01  0.224831457507917E+00 
 0.499506222861025E+00  0.222156098973651E-01  0.194485246774749E-01 
 0.499163824035710E+00  0.289046150994444E-01  0.416356093192443E-01 
 0.497599364696018E+00  0.489374320343745E-01  0.208802118823678E-01 
 0.499486764785393E+00  0.226488808602394E-01  0.847168080235712E-01 
 0.498519641815495E+00  0.384469338718984E-01  0.637327692338114E-01 
 0.496576439710018E+00  0.584109538093899E-01  0.424224420414191E-01 
 0.493895202383977E+00  0.778943455078113E-01  0.212904578267358E-01 
 0.499196884555227E+00  0.283279093890633E-01  0.107036767246299E+00 
 0.497656863536605E+00  0.483492106958219E-01  0.856060544117557E-01 
 0.495387567997987E+00  0.677580804999623E-01  0.642481622445124E-01 
 0.492223688737558E+00  0.878398556783409E-01  0.429440493500320E-01 
 0.488287563188188E+00  0.107588361990236E+00  0.216010446172014E-01 
 0.337000000849366E+00  0.351567916987323E+00  0.253244156612677E-01 
 0.337000000849366E+00  0.351567916987323E+00  0.548460181454226E-01 
 0.337000000849366E+00  0.351567916987323E+00  0.850414208147280E-01 
 0.337000000849366E+00  0.351567916987323E+00  0.116846252789535E+00 
 0.337000000849366E+00  0.351567916987323E+00  0.148706405534502E+00 
 0.337000000849366E+00  0.351567916987323E+00  0.177309752016770E+00 
 0.337000000849366E+00  0.351567916987323E+00  0.203843165057388E+00 
 0.337000000849366E+00  0.351567916987323E+00  0.233114126402265E+00 
 0.337000000849366E+00  0.351567916987323E+00  0.259152542631391E+00 
 0.337000000849366E+00  0.351567916987323E+00  0.298780167671279E+00 
 0.337000000849366E+00  0.351567916987323E+00  0.334924690789185E+00 
 0.337000000849366E+00  0.351567916987323E+00  0.362720282430459E+00 
 0.337000000849366E+00  0.351567916987323E+00  0.386218105290770E+00 
 0.337000000849366E+00  0.351567916987323E+00  0.409442518177991E+00 
 0.337000000849366E+00  0.351567916987323E+00  0.440392785151610E+00 
 0.337000000849366E+00  0.351567916987323E+00  0.477133089817320E+00 
 0.337000000849366E+00  0.351567916987323E+00  0.506712909499395E+00 
 0.337000000849366E+00  0.351567916987323E+00  0.537127149792350E+00 
 0.337000000849366E+00  0.351567916987323E+00  0.571973890025110E+00 
 0.337000000849366E+00  0.351567916987323E+00  0.601703067241455E+00 
 0.337000000849366E+00  0.351567916987323E+00  0.628086079653178E+00 
 0.337000000849366E+00  0.351567916987323E+00  0.660038946260830E+00 
 0.337000000849366E+00  0.351567916987323E+00  0.687738229631444E+00 
 0.337000000849366E+00  0.351567916987323E+00  0.710302230628383E+00 
 0.337000000849366E+00  0.351567916987323E+00  0.741695388820483E+00 
 0.337000000849366E+00  0.351567916987323E+00  0.782301100235752E+00 
 0.337000000849366E+00  0.351567916987323E+00  0.814127579646243E+00 
 0.337000000849366E+00  0.351567916987323E+00  0.844537811806488E+00 
 0.337000000849366E+00  0.351567916987323E+00  0.873030083090542E+00 
 0.337000000849366E+00  0.351567916987323E+00  0.895685730883901E+00 
 0.337000000849366E+00  0.351567916987323E+00  0.922653803505787E+00 
 0.337000000849366E+00  0.351567916987323E+00  0.949812688482248E+00 
 0.337000000849366E+00  0.351567916987323E+00  0.976651482406717E+00 
 0.487000000849386E+00  0.104083408558608E-16  0.251862607567993E-01 
 0.487000000849386E+00  0.104083408558608E-16  0.542904487262307E-01 
 0.487000000849386E+00  0.104083408558608E-16  0.864327188495666E-01 
 0.487000000849386E+00  0.104083408558608E-16  0.119766968858009E+00 
 0.487000000849386E+00  0.104083408558608E-16  0.148802655903708E+00 
 0.487000000849386E+00  0.104083408558608E-16  0.175591082615336E+00 
 0.487000000849386E+00  0.104083408558608E-16  0.205966628521582E+00 
 0.487000000849386E+00  0.104083408558608E-16  0.237415765593400E+00 
 0.487000000849386E+00  0.104083408558608E-16  0.267595613421628E+00 
 0.487000000849386E+00  0.104083408558608E-16  0.297659322019939E+00 
 0.487000000849386E+00  0.104083408558608E-16  0.327853895459936E+00 
 0.487000000849386E+00  0.104083408558608E-16  0.354117208500445E+00 
 0.487000000849386E+00  0.104083408558608E-16  0.382867285756277E+00 
 0.487000000849386E+00  0.104083408558608E-16  0.415772180711149E+00 
 0.487000000849386E+00  0.104083408558608E-16  0.447580702811936E+00 
 0.487000000849386E+00  0.104083408558608E-16  0.478291171296923E+00 
 0.487000000849386E+00  0.104083408558608E-16  0.508632419825027E+00 
 0.487000000849386E+00  0.104083408558608E-16  0.538755248002155E+00 
 0.487000000849386E+00  0.104083408558608E-16  0.568911166897231E+00 
 0.487000000849386E+00  0.104083408558608E-16  0.598907244905019E+00 
 0.487000000849386E+00  0.104083408558608E-16  0.628822905508879E+00 
 0.487000000849386E+00  0.104083408558608E-16  0.658270241919865E+00 
 0.487000000849386E+00  0.104083408558608E-16  0.684729471183943E+00 
 0.487000000849386E+00  0.104083408558608E-16  0.713986621725070E+00 
 0.487000000849386E+00  0.104083408558608E-16  0.749026460173549E+00 
 0.487000000849386E+00  0.104083408558608E-16  0.782842220092860E+00 
 0.487000000849386E+00  0.104083408558608E-16  0.813422300569771E+00 
 0.487000000849386E+00  0.104083408558608E-16  0.839875989842167E+00 
 0.487000000849386E+00  0.104083408558608E-16  0.866279612704158E+00 
 0.487000000849386E+00  0.104083408558608E-16  0.899177856639978E+00 
 0.487000000849386E+00  0.104083408558608E-16  0.932425319770324E+00 
 0.487000000849386E+00  0.104083408558608E-16  0.961301992543844E+00 
 0.487000000849386E+00  0.104083408558608E-16  0.985093007528401E+00 
 0.440935026035342E+00  0.206749373983319E+00  0.147535522720832E+00 
 0.454852622006142E+00  0.174006014497825E+00  0.931843339482497E+00 
 0.432068196567000E+00  0.224691064225132E+00  0.924478522535325E+00 
 0.430981683767899E+00  0.226768139481429E+00  0.885251250301572E+00 
 0.433647757300257E+00  0.221627217226902E+00  0.127353869230724E+00 
 0.446439487187745E+00  0.194578480585149E+00  0.116447759617096E+00 
 0.432126844158250E+00  0.224578252253226E+00  0.102671323281303E+00 
 0.443653849164912E+00  0.200848855979913E+00  0.844413083485411E-01 
 0.484009310192715E+00  0.538886673991298E-01  0.840060499681219E+00 
 0.481597791495664E+00  0.723364918542854E-01  0.861124656824007E+00 
 0.479945756358664E+00  0.825897801219815E-01  0.837000023934816E+00 
 0.476477584831138E+00  0.100688191863648E+00  0.870978659121004E+00 
 0.473828965625985E+00  0.112494942824522E+00  0.836497280463065E+00 
 0.469945354345625E+00  0.127751182993525E+00  0.899808803486723E+00 
 0.467690972427901E+00  0.135772438796407E+00  0.865964298788324E+00 
 0.465409661550879E+00  0.143397516583708E+00  0.832320926414001E+00 
 0.464203673169373E+00  0.147254713484289E+00  0.923003459330660E+00 
 0.458755565901278E+00  0.163439076055505E+00  0.895786266013054E+00 
 0.457690191705799E+00  0.166399186427061E+00  0.858972291062487E+00 
 0.454064861126194E+00  0.176051420663764E+00  0.825606423921182E+00 
 0.452272934175747E+00  0.180605077003223E+00  0.962690745165955E+00 
 0.448411990391721E+00  0.189988651503757E+00  0.851677805578018E+00 
 0.485553713902676E+00  0.375045562911109E-01  0.226881039753900E-01 
 0.486411694106968E+00  0.239304129354473E-01  0.432138984035935E-01 
 0.447619404543889E+00  0.191848558772422E+00  0.878212761627961E+00 
 0.445155199960135E+00  0.197498984239752E+00  0.910457710343093E+00 
 0.443119403159798E+00  0.202025234489621E+00  0.943189900443222E+00 
 0.439636546929527E+00  0.209496318419117E+00  0.859835574463693E+00 
 0.440974924963462E+00  0.206664260046946E+00  0.834250503143669E+00 
 0.420103650552648E+00  0.246337012281183E+00  0.910585352695024E+00 
 0.429181280662831E+00  0.230157400827986E+00  0.847654722187745E+00 
 0.418822723387520E+00  0.248508605890301E+00  0.862845989218330E+00 
 0.410246345201397E+00  0.262425107556753E+00  0.885992845550644E+00 
 0.413873873108784E+00  0.256665965771102E+00  0.835048100989870E+00 
 0.407208781620383E+00  0.267114224627818E+00  0.858582150540872E+00 
 0.398491785434796E+00  0.279952313382588E+00  0.841638144287916E+00 
 0.394999169204287E+00  0.284859012768064E+00  0.867363198559880E+00 
 0.379485249925472E+00  0.305221142642958E+00  0.838652489206964E+00 
 0.446357760750997E+00  0.194765885731144E+00  0.781723476623405E+00 
 0.436035418922168E+00  0.216891941465449E+00  0.784026401153278E+00 
 0.422306058908075E+00  0.242541941603531E+00  0.782900897030006E+00 
 0.468035520521835E+00  0.134579910674417E+00  0.713494827520637E+00 
 0.458044590710641E+00  0.165421140571572E+00  0.711087096432004E+00 
 0.446806245452698E+00  0.193734818377452E+00  0.711707475634587E+00 
 0.436032523487531E+00  0.216897762294538E+00  0.713094117720580E+00 
 0.445705807639862E+00  0.196253239115637E+00  0.664024805150481E+00 
 0.434381373094925E+00  0.220185884051295E+00  0.666154698982465E+00 
 0.418999654494709E+00  0.248210173765289E+00  0.668926730621894E+00 
 0.471351673525680E+00  0.122460608735308E+00  0.590509901102109E+00 
 0.482375646696085E+00  0.669532396663504E-01  0.241479326674981E-01 
 0.484387617946869E+00  0.503749581343674E-01  0.465397541147187E-01 
 0.486072167790866E+00  0.300474379333853E-01  0.665336738278339E-01 
 0.412810093315134E+00  0.258373426815585E+00  0.580348804968955E+00 
 0.471495858573915E+00  0.121904291043951E+00  0.498326126130252E+00 
 0.410531616151514E+00  0.261978611660005E+00  0.492713125214121E+00 
 0.470519051457994E+00  0.125621745897555E+00  0.438872541602544E+00 
 0.410598190918469E+00  0.261874256928317E+00  0.432289822040420E+00 
 0.468830527871961E+00  0.131783674871278E+00  0.380362678289821E+00 
 0.459426176177385E+00  0.161544388544774E+00  0.378088225720171E+00 
 0.448404365719166E+00  0.190006646281843E+00  0.381017429761395E+00 
 0.437289672976496E+00  0.214351913300049E+00  0.383841162033274E+00 
 0.445823336908470E+00  0.195986104341809E+00  0.334279654817438E+00 
 0.434836518945558E+00  0.219285664416515E+00  0.336373581477856E+00 
 0.420310251857618E+00  0.245984334888760E+00  0.337473188954627E+00 
 0.470329977274326E+00  0.126327800995713E+00  0.262012719334225E+00 
 0.410929014741243E+00  0.261354827143233E+00  0.250311116074844E+00 
 0.482666741301382E+00  0.648214290863027E-01  0.178928034737147E+00 
 0.478264560092691E+00  0.918259842671519E-01  0.189769733292195E+00 
 0.477640266664120E+00  0.950198741754263E-01  0.160520756796934E+00 
 0.469720878001343E+00  0.128574093801696E+00  0.193276668726505E+00 
 0.469816162790141E+00  0.128225481119893E+00  0.159419153865878E+00 
 0.473079696883664E+00  0.115605368490148E+00  0.133878146141524E+00 
 0.455522767942128E+00  0.172244038252768E+00  0.196543054493032E+00 
 0.460998918255258E+00  0.156999994250830E+00  0.167555087816369E+00 
 0.464575672918347E+00  0.146076846076796E+00  0.139526507147457E+00 
 0.467470485833959E+00  0.136529651363509E+00  0.111840173250601E+00 
 0.440156686594850E+00  0.208401276563090E+00  0.203194346462405E+00 
 0.448258728479731E+00  0.190349975489927E+00  0.172142967240677E+00 
 0.453987778621768E+00  0.176250099827922E+00  0.144119760447563E+00 
 0.458764265038553E+00  0.163414656475221E+00  0.120089779119366E+00 
 0.458545245642936E+00  0.164028224783230E+00  0.906981773299667E-01 
 0.374765039196215E+00  0.310998659520472E+00  0.187090784635765E+00 
 0.375012343860528E+00  0.310700406790052E+00  0.157906101467871E+00 
 0.392175168595263E+00  0.288734545845400E+00  0.198001310720153E+00 
 0.392808658684316E+00  0.287872121765727E+00  0.167076451914155E+00 
 0.390464087912830E+00  0.291044321156889E+00  0.138084970734018E+00 
 0.477029722579481E+00  0.980389953183352E-01  0.259410402144791E-01 
 0.480251387976907E+00  0.807935961171513E-01  0.498448953631898E-01 
 0.483069939583257E+00  0.617449131371451E-01  0.719258056033585E-01 
 0.485222289818509E+00  0.415731919698256E-01  0.922564894236190E-01 
 0.486380188602244E+00  0.245624298984756E-01  0.111139154181167E+00 
 0.424421586716644E+00  0.238820680754846E+00  0.199103827862190E+00 
 0.412873629428690E+00  0.258271885712827E+00  0.177568740133061E+00 
 0.408498775153029E+00  0.265137231496734E+00  0.144999821903559E+00 
 0.404377179136337E+00  0.271381830307437E+00  0.116966554744292E+00 
 0.433131843455372E+00  0.222633795754899E+00  0.174208748956478E+00 
 0.425756902818052E+00  0.236431936358145E+00  0.148850723689337E+00 
 0.420750109781429E+00  0.245231209160245E+00  0.122318096189052E+00 
 0.416984854790139E+00  0.251580268906220E+00  0.959882243397087E-01 
 0.452726532577984E+00  0.179465003627994E+00  0.628984621092383E-01 
 0.428924786663824E+00  0.230635054171467E+00  0.760398239446425E-01 
 0.440066108084080E+00  0.208592476717195E+00  0.567870611291252E-01 
 0.448634962321367E+00  0.189461530158990E+00  0.412630178037798E-01 
 0.486527416481191E+00  0.214493319105714E-01  0.978838995063010E+00 
 0.486256680197414E+00  0.268968732506555E-01  0.953045645493813E+00 
 0.484630484264974E+00  0.479822315902160E-01  0.975000549312429E+00 
 0.485900537470856E+00  0.327057871455054E-01  0.924609330388267E+00 
 0.483656579997396E+00  0.569676526855846E-01  0.947182023521290E+00 
 0.480627665793117E+00  0.785241854561200E-01  0.971911250487285E+00 
 0.466047549154658E+00  0.141310589674715E+00  0.980208249582446E+00 
 0.486410563586481E+00  0.239533809461959E-01  0.875837138979282E+00 
 0.485204767633950E+00  0.417771982373374E-01  0.896454502406090E+00 
 0.482629638061659E+00  0.650971066312295E-01  0.917876760971193E+00 
 0.478817610484198E+00  0.888971130998604E-01  0.941184172219835E+00 
 0.473313158466142E+00  0.114645779905269E+00  0.968562472087398E+00 
 0.486797218883770E+00  0.140523490670326E-01  0.828443258296211E+00 
 0.486315400724837E+00  0.258134043689144E-01  0.847660936467124E+00 
 0.484550015257583E+00  0.487881495975845E-01  0.868493481356711E+00 
 0.481732624288901E+00  0.714330422354743E-01  0.887965950446328E+00 
 0.477377845720471E+00  0.963296072999795E-01  0.908794655246193E+00 
 0.471823153400467E+00  0.120631309130429E+00  0.932910071505300E+00 
 0.463597564759738E+00  0.149151931855137E+00  0.953834752268859E+00 
 0.459147871129670E+00  0.162333709574969E+00  0.978942389586627E+00 
 0.355026489309764E+00  0.333354455070961E+00  0.972557308213063E+00 
 0.373344869519567E+00  0.312702109411958E+00  0.967690326326093E+00 
 0.357201556344138E+00  0.331022731806441E+00  0.943792138636615E+00 
 0.468133708904325E+00  0.134237965623591E+00  0.287892297545892E-01 
 0.473594446550903E+00  0.113478196246799E+00  0.538591897803000E-01 
 0.477961306325083E+00  0.933915974984167E-01  0.770480935815646E-01 
 0.481542108055470E+00  0.727062514284780E-01  0.989714634823677E-01 
 0.484294827819041E+00  0.512593462210229E-01  0.119340275276300E+00 
 0.486234974363650E+00  0.272864532846080E-01  0.136575391539264E+00 
 0.402859639003630E+00  0.273629516114656E+00  0.975731549473209E+00 
 0.389895881856902E+00  0.291805075586941E+00  0.958677496888637E+00 
 0.375579282776489E+00  0.310014843477484E+00  0.936547676153202E+00 
 0.361122840521491E+00  0.326740409011438E+00  0.914653548047739E+00 
 0.350209251499509E+00  0.338411703390158E+00  0.893108052512313E+00 
 0.430345039444764E+00  0.227974006966949E+00  0.980011970474479E+00 
 0.417676700045558E+00  0.250429980366435E+00  0.971287826640401E+00 
 0.404942486731681E+00  0.270537581986013E+00  0.948443765530494E+00 
 0.391837350338556E+00  0.289192827896773E+00  0.927751646671488E+00 
 0.378272883573380E+00  0.306722393020709E+00  0.906398151553911E+00 
 0.365174510305055E+00  0.322205800461033E+00  0.885924288099882E+00 
 0.352218913209239E+00  0.336319547461899E+00  0.865753573996898E+00 
 0.486115837864454E+00  0.293324565049120E-01  0.814138613890272E+00 
 0.483356813623729E+00  0.594574768284033E-01  0.809597031833970E+00 
 0.478693136219926E+00  0.895649605773248E-01  0.807274927224151E+00 
 0.472185989131793E+00  0.119203156396599E+00  0.804800053224566E+00 
 0.463903837011050E+00  0.148196595216300E+00  0.800060098927034E+00 
 0.454579012916234E+00  0.174719551977969E+00  0.792001480507512E+00 
 0.443995915763838E+00  0.200091548078154E+00  0.805982896594037E+00 
 0.429062563001181E+00  0.230378640195092E+00  0.813757127913981E+00 
 0.413890239307540E+00  0.256639573396672E+00  0.805131235072637E+00 
 0.397294488738796E+00  0.281648877230235E+00  0.811300857192186E+00 
 0.378798402936271E+00  0.306073146094526E+00  0.803041808689113E+00 
 0.359679880532632E+00  0.328328165662503E+00  0.808053699962975E+00 
 0.441172807644885E+00  0.206241495878040E+00  0.973281713870664E+00 
 0.430870726173723E+00  0.226978893630688E+00  0.954974336975213E+00 
 0.418965701084206E+00  0.248267481040712E+00  0.938333938448147E+00 
 0.406781613749412E+00  0.267764298484135E+00  0.918456530426423E+00 
 0.394042421978812E+00  0.286181010041450E+00  0.897070505485002E+00 
 0.380273512621797E+00  0.304238486101859E+00  0.876541495122701E+00 
 0.366958170085633E+00  0.320172925517875E+00  0.860536221737660E+00 
 0.355862653093254E+00  0.332461686455302E+00  0.838196927693491E+00 
 0.406567808742249E+00  0.268088824313514E+00  0.780992921902262E+00 
 0.389003781222651E+00  0.292993274703963E+00  0.779250495687556E+00 
 0.368630365876418E+00  0.318246216287153E+00  0.777895046064419E+00 
 0.485931840732478E+00  0.322373539487753E-01  0.780475858823683E+00 
 0.482711687168620E+00  0.644858736322138E-01  0.777512773848335E+00 
 0.477480196582894E+00  0.958209929944708E-01  0.777346547049831E+00 
 0.470727136593106E+00  0.124839752090974E+00  0.774637123558261E+00 
 0.462550976355672E+00  0.152366646939850E+00  0.769694122251040E+00 
 0.453259064538431E+00  0.178115752366337E+00  0.764049219575810E+00 
 0.442893627537649E+00  0.202519716358246E+00  0.760292558743809E+00 
 0.430866382715689E+00  0.226987138562475E+00  0.758412663127353E+00 
 0.416647772322239E+00  0.252138126125731E+00  0.755730588357886E+00 
 0.400409820279771E+00  0.277202050228341E+00  0.753348851245283E+00 
 0.382242019443228E+00  0.301761560506360E+00  0.750783081702549E+00 
 0.361186566711252E+00  0.326669963196205E+00  0.747430988915446E+00 
 0.485462668726605E+00  0.386652052900101E-01  0.719468037715398E+00 
 0.483186601494407E+00  0.608252329512141E-01  0.704104842583100E+00 
 0.476818370013873E+00  0.990618132511156E-01  0.717405514185160E+00 
 0.485716704241829E+00  0.353310634956012E-01  0.748410630609705E+00 
 0.481760514082405E+00  0.712447043529780E-01  0.742290131884730E+00 
 0.475699139238589E+00  0.104304025593215E+00  0.751409462905518E+00 
 0.469345804342742E+00  0.129936587507695E+00  0.744725547091464E+00 
 0.460675872641279E+00  0.157945374080645E+00  0.740490402363066E+00 
 0.450486686912381E+00  0.185015528380693E+00  0.737631029032011E+00 
 0.439318047480398E+00  0.210163398300687E+00  0.735787279100430E+00 
 0.426869530311685E+00  0.234417160034762E+00  0.731498330257498E+00 
 0.412062657664504E+00  0.259563801377896E+00  0.727534093402578E+00 
 0.395466201071285E+00  0.284210282427500E+00  0.726075498712481E+00 
 0.377786093743931E+00  0.307321766559046E+00  0.721982869825241E+00 
 0.358129281367746E+00  0.330018815606465E+00  0.716033448297493E+00 
 0.486285736991232E+00  0.263663199207979E-01  0.688202001770417E+00 
 0.484373087233434E+00  0.505144849645475E-01  0.676641835433170E+00 
 0.480700719167320E+00  0.780757287465708E-01  0.680975353134785E+00 
 0.474335073193389E+00  0.110341466212415E+00  0.683726267481358E+00 
 0.465705664963324E+00  0.142433263138732E+00  0.681877606821467E+00 
 0.454192987005499E+00  0.175720606026449E+00  0.679766236591068E+00 
 0.440846742153920E+00  0.206937552801703E+00  0.688840907271604E+00 
 0.425523101105063E+00  0.236852467272798E+00  0.698623594098912E+00 
 0.407184601932238E+00  0.267151082304679E+00  0.699202325152125E+00 
 0.391087543324416E+00  0.290206020412646E+00  0.702090167790347E+00 
 0.376414479120734E+00  0.309000227727322E+00  0.692398725216003E+00 
 0.356214814126168E+00  0.332084337216214E+00  0.683942803461483E+00 
 0.398093966927345E+00  0.280517725506471E+00  0.671614013725323E+00 
 0.379411875492848E+00  0.305312347543086E+00  0.661793404849901E+00 
 0.363030063141307E+00  0.324620045719439E+00  0.653053827609765E+00 
 0.486174869127000E+00  0.283372097535527E-01  0.655440377293781E+00 
 0.483554825803751E+00  0.578250055701483E-01  0.652047435892830E+00 
 0.478911829639091E+00  0.883881228391294E-01  0.654424857040402E+00 
 0.472408078523751E+00  0.118319939878194E+00  0.653539077630501E+00 
 0.464064873356860E+00  0.147691550684392E+00  0.649818870105330E+00 
 0.454155178442317E+00  0.175818300302633E+00  0.644706801089212E+00 
 0.442974199749557E+00  0.202343418928123E+00  0.639587636202763E+00 
 0.429869109250694E+00  0.228870159128046E+00  0.640569031653716E+00 
 0.414725250241449E+00  0.255288009196371E+00  0.639891765161549E+00 
 0.397337266493561E+00  0.281588525126111E+00  0.636934823233036E+00 
 0.379234552735172E+00  0.305532575741155E+00  0.631716216079669E+00 
 0.359794464260514E+00  0.328202596447319E+00  0.628240490520441E+00 
 0.461700416789844E+00  0.154924904270950E+00  0.583110499340803E+00 
 0.450766768523225E+00  0.184332094933057E+00  0.589333150884575E+00 
 0.442743312563886E+00  0.202848120541551E+00  0.579423993313915E+00 
 0.460516306264573E+00  0.158410013861853E+00  0.178078392353625E-01 
 0.429162390187227E+00  0.230192622983597E+00  0.585901593926662E+00 
 0.486127992262548E+00  0.291303272562546E-01  0.594600338606523E+00 
 0.483908198389516E+00  0.547891992886861E-01  0.587754668770080E+00 
 0.478858693169566E+00  0.886755479442995E-01  0.596625872819984E+00 
 0.486047647678856E+00  0.304415014925905E-01  0.625302598414034E+00 
 0.482742572889775E+00  0.642542539217886E-01  0.620526269242761E+00 
 0.477208648211355E+00  0.971643293579325E-01  0.629845998370847E+00 
 0.471318128808680E+00  0.122589649985495E+00  0.622919346183282E+00 
 0.462910998022206E+00  0.151269325169923E+00  0.617797824991353E+00 
 0.452559946527613E+00  0.179884673127545E+00  0.615165891147425E+00 
 0.439808921396018E+00  0.209134199708593E+00  0.609328661466775E+00 
 0.425596489076741E+00  0.236720572221413E+00  0.616987373995725E+00 
 0.412691872726138E+00  0.258562214975567E+00  0.610591818283441E+00 
 0.396428136659918E+00  0.282866988691891E+00  0.606263979874954E+00 
 0.378292836924220E+00  0.306697783427100E+00  0.602786967710220E+00 
 0.358638290867950E+00  0.329465593272785E+00  0.600710546113268E+00 
 0.395991831365186E+00  0.283477459984598E+00  0.576245124288860E+00 
 0.377826965257168E+00  0.307271516987549E+00  0.573139404759124E+00 
 0.358134870922454E+00  0.330012749839502E+00  0.571475857273728E+00 
 0.486064529135187E+00  0.301707531205514E-01  0.565041390327148E+00 
 0.483136327674593E+00  0.612232775044980E-01  0.561858561140756E+00 
 0.477962686893192E+00  0.933845317230151E-01  0.564027092320178E+00 
 0.471371459706674E+00  0.122384426302045E+00  0.558595320281792E+00 
 0.464375609600815E+00  0.146711601569713E+00  0.549027990011498E+00 
 0.453072546496673E+00  0.178589664981768E+00  0.558175853010557E+00 
 0.440116792919131E+00  0.208485513688268E+00  0.555412958206894E+00 
 0.426707457402980E+00  0.234712050444723E+00  0.554640639382991E+00 
 0.411867966518160E+00  0.259872620688432E+00  0.550405011612217E+00 
 0.395514508196581E+00  0.284143053114607E+00  0.546265357421908E+00 
 0.377512411070546E+00  0.307657894933600E+00  0.542917498313031E+00 
 0.357947344481925E+00  0.330216140437760E+00  0.540270021667905E+00 
 0.464756101945863E+00  0.145501775011047E+00  0.487647825939791E+00 
 0.455050491915161E+00  0.173487897661622E+00  0.493058198452747E+00 
 0.438795243403985E+00  0.211252775587257E+00  0.498825930059855E+00 
 0.422880743782350E+00  0.241538562894970E+00  0.501522482575044E+00 
 0.486068831844902E+00  0.301013543915394E-01  0.503894619125759E+00 
 0.483658858331285E+00  0.569483062519079E-01  0.496551194043380E+00 
 0.478459413276648E+00  0.908052348394770E-01  0.506566362854645E+00 
 0.438413134977504E+00  0.212044627157773E+00  0.268411141997111E-01 
 0.425178838638317E+00  0.237469905464783E+00  0.494789672057929E-01 
 0.412840336913925E+00  0.258325099523982E+00  0.702477932666198E-01 
 0.400138690873779E+00  0.277593279625233E+00  0.909926305894808E-01 
 0.386792787970710E+00  0.295905964794759E+00  0.111658166248504E+00 
 0.372903700694804E+00  0.313228081173114E+00  0.131286745791814E+00 
 0.359451780605930E+00  0.328577872423720E+00  0.148279775908966E+00 
 0.485978822276914E+00  0.315211853459961E-01  0.534894547759975E+00 
 0.482466894633086E+00  0.662925064422234E-01  0.529981957480578E+00 
 0.476725196052369E+00  0.995092371396546E-01  0.537906791744705E+00 
 0.471085167935089E+00  0.123481842304243E+00  0.528409926476143E+00 
 0.462038058884509E+00  0.153915018661316E+00  0.519066557376114E+00 
 0.448384992019314E+00  0.190052360572345E+00  0.526501654463445E+00 
 0.436367036930644E+00  0.216223980880134E+00  0.532122993659345E+00 
 0.424780334120258E+00  0.238182007238085E+00  0.526810029188214E+00 
 0.410868130049362E+00  0.261450531720665E+00  0.521525933994795E+00 
 0.395122348877035E+00  0.284688128036924E+00  0.516503801175338E+00 
 0.377356225112823E+00  0.307849444040218E+00  0.512646583003310E+00 
 0.357895324817460E+00  0.330272519748582E+00  0.509453717783917E+00 
 0.394930884234594E+00  0.284953676068506E+00  0.486715310129728E+00 
 0.377236252466821E+00  0.307996445843226E+00  0.482263479437921E+00 
 0.357807980407640E+00  0.330367144225752E+00  0.478938231930916E+00 
 0.462812456429153E+00  0.151570547934920E+00  0.426961484363193E+00 
 0.454220788940907E+00  0.175648728208261E+00  0.440055062510128E+00 
 0.440261236099309E+00  0.208180318031246E+00  0.438496740011621E+00 
 0.423891742306476E+00  0.239759862428350E+00  0.442534144735117E+00 
 0.485942467155853E+00  0.320767741793926E-01  0.442657565459282E+00 
 0.483193234197930E+00  0.607725205387152E-01  0.437070638026638E+00 
 0.477950440781317E+00  0.934471882093372E-01  0.447036181867905E+00 
 0.485992330467974E+00  0.313122269022950E-01  0.473661937473802E+00 
 0.482475022318577E+00  0.662333274566081E-01  0.468963540459300E+00 
 0.476815002420042E+00  0.990780212482109E-01  0.478529982805418E+00 
 0.470994252518439E+00  0.123828166916410E+00  0.468592462032794E+00 
 0.461786404436695E+00  0.154668411463711E+00  0.460003148134233E+00 
 0.449721322755213E+00  0.186868222784353E+00  0.466635606812597E+00 
 0.439296532660883E+00  0.210208366197466E+00  0.468501789888208E+00 
 0.426535319465693E+00  0.235024726519533E+00  0.471558067225570E+00 
 0.410964633289220E+00  0.261298815559380E+00  0.463012824596564E+00 
 0.394819996879929E+00  0.285107297154959E+00  0.456441644580828E+00 
 0.376884669960034E+00  0.308426565613903E+00  0.451682665843936E+00 
 0.357476568469863E+00  0.330725722952243E+00  0.447085489399002E+00 
 0.394116865811744E+00  0.286078480333633E+00  0.425902091707204E+00 
 0.375938301752400E+00  0.309579382554446E+00  0.421460896908922E+00 
 0.356703040195447E+00  0.331559861778530E+00  0.417099324413234E+00 
 0.486086257031651E+00  0.298186443728156E-01  0.382709987990464E+00 
 0.483716178437467E+00  0.564593618909745E-01  0.378907049234157E+00 
 0.355258664831170E+00  0.333107012669574E+00  0.176247984841294E+00 
 0.477002039969136E+00  0.981735946808912E-01  0.387600371457143E+00 
 0.485627677420135E+00  0.365343639714711E-01  0.410062194837910E+00 
 0.481166425535634E+00  0.751523237468302E-01  0.413207742807444E+00 
 0.475814693537438E+00  0.103775614867648E+00  0.419865444600804E+00 
 0.470046666935226E+00  0.127377909114435E+00  0.409601596461594E+00 
 0.463272113335028E+00  0.150159747713480E+00  0.401046192689425E+00 
 0.453710127205618E+00  0.176963615747253E+00  0.409498447366679E+00 
 0.442028743341720E+00  0.204400564791348E+00  0.404954030458582E+00 
 0.427643939365056E+00  0.233001420492705E+00  0.409315032239421E+00 
 0.410380205289019E+00  0.262215727854415E+00  0.399849466233144E+00 
 0.392450411250136E+00  0.288360322403884E+00  0.395160527490976E+00 
 0.373673130637593E+00  0.312309769726743E+00  0.392712940426407E+00 
 0.355004148870239E+00  0.333378246309190E+00  0.390879226204567E+00 
 0.486371920642071E+00  0.247256069331831E-01  0.356812571223141E+00 
 0.484469007185659E+00  0.495861059554256E-01  0.348409042279458E+00 
 0.480870311062776E+00  0.770243128218368E-01  0.353120840651009E+00 
 0.474583980184758E+00  0.109265944279436E+00  0.353455263906220E+00 
 0.466159884248300E+00  0.140939572671734E+00  0.350496597662989E+00 
 0.454661528438018E+00  0.174504714508475E+00  0.348793728314703E+00 
 0.441595525077462E+00  0.205334831577214E+00  0.358823543544810E+00 
 0.426171056921305E+00  0.235684600833103E+00  0.369089873308496E+00 
 0.407626845395514E+00  0.266475807044802E+00  0.366859154183689E+00 
 0.388903684968095E+00  0.293126124126644E+00  0.365083913610216E+00 
 0.369108505051341E+00  0.317691536440673E+00  0.365761671475702E+00 
 0.351773266252305E+00  0.336785643959862E+00  0.369267928901482E+00 
 0.403290279076744E+00  0.272994416846713E+00  0.336020432532564E+00 
 0.383909272473242E+00  0.299637566630650E+00  0.335477090881044E+00 
 0.359067307353157E+00  0.328997978135772E+00  0.339955160994746E+00 
 0.486132131978832E+00  0.290611611087313E-01  0.325302167343368E+00 
 0.483459345151340E+00  0.586179359336521E-01  0.325340122357080E+00 
 0.479047035676858E+00  0.876523726803883E-01  0.325236286698673E+00 
 0.451966791610864E+00  0.181369843436724E+00  0.202755712234338E-01 
 0.458025099209055E+00  0.165475101818414E+00  0.394184993930423E-01 
 0.464181418695667E+00  0.147324849787661E+00  0.600150596090872E-01 
 0.470347340503500E+00  0.126263138360193E+00  0.829230163163021E-01 
 0.475623542324551E+00  0.104648205020108E+00  0.105333901015144E+00 
 0.479887770058968E+00  0.829260452157081E-01  0.127858054592089E+00 
 0.483497532472647E+00  0.583021176300267E-01  0.148534071175364E+00 
 0.486055346712327E+00  0.303183238262272E-01  0.167667150909153E+00 
 0.486666326259035E+00  0.180246418218703E-01  0.188434898024454E+00 
 0.472655764685409E+00  0.117326590920104E+00  0.322664977065747E+00 
 0.464099273235365E+00  0.147583418478110E+00  0.318982866212420E+00 
 0.453735026483920E+00  0.176899764185586E+00  0.314121401300761E+00 
 0.442543743580750E+00  0.203283142057618E+00  0.311979882857761E+00 
 0.430359270552253E+00  0.227947140971355E+00  0.311091889298382E+00 
 0.416173273010714E+00  0.252920556022695E+00  0.308490151045982E+00 
 0.399452485960430E+00  0.278579813136751E+00  0.305995219714671E+00 
 0.380361853549787E+00  0.304128034208360E+00  0.304222377175592E+00 
 0.359002764014235E+00  0.329068406653407E+00  0.302569477204533E+00 
 0.461451670272579E+00  0.155664243903104E+00  0.255467313118061E+00 
 0.450782794480249E+00  0.184292900101599E+00  0.247977425365856E+00 
 0.439265748274365E+00  0.210272687765779E+00  0.265831905166854E+00 
 0.426453822636750E+00  0.235172570649268E+00  0.256651398641253E+00 
 0.486290470525440E+00  0.262788718064096E-01  0.260221020300157E+00 
 0.483067507407382E+00  0.617639386252538E-01  0.269480973960898E+00 
 0.420113493057642E+00  0.246320226084232E+00  0.238556898178127E-01 
 0.408189001756786E+00  0.265613892091651E+00  0.455975261902110E-01 
 0.395477375942033E+00  0.284194732437597E+00  0.665137085203360E-01 
 0.382271608848504E+00  0.301724075764012E+00  0.871305247932513E-01 
 0.369036054825257E+00  0.317775693007317E+00  0.107122171002739E+00 
 0.355153522787041E+00  0.333219111215470E+00  0.125582507577658E+00 
 0.477308436553778E+00  0.966729394498444E-01  0.266853922873936E+00 
 0.485735426813764E+00  0.350727239507370E-01  0.293194352453868E+00 
 0.482235607859919E+00  0.679545387686531E-01  0.301846815329977E+00 
 0.477916336464629E+00  0.936214514281519E-01  0.296405827646283E+00 
 0.471328560304245E+00  0.122549537203567E+00  0.292037825711051E+00 
 0.462474219076483E+00  0.152599467616620E+00  0.287227764703171E+00 
 0.450247433993872E+00  0.185597007005000E+00  0.282523721596977E+00 
 0.438278156276446E+00  0.212323476229553E+00  0.290913438589763E+00 
 0.427557573236665E+00  0.233159864460537E+00  0.284654623026435E+00 
 0.413266020505075E+00  0.257643546636001E+00  0.279673798038642E+00 
 0.396452094279449E+00  0.282833409923072E+00  0.276464779175497E+00 
 0.377909693887298E+00  0.307169764288869E+00  0.273306678067893E+00 
 0.357925508648968E+00  0.330239808450844E+00  0.268634436130054E+00 
 0.393533319379305E+00  0.286880684894573E+00  0.248295053500159E+00 
 0.375753943962952E+00  0.309803122036492E+00  0.244407633165641E+00 
 0.357036918307731E+00  0.331200301619113E+00  0.238494017263586E+00 
 0.485197388719838E+00  0.418628093506360E-01  0.203365743260276E+00 
 0.481429962227036E+00  0.734451652415708E-01  0.205009722650222E+00 
 0.476708951030098E+00  0.995870314602698E-01  0.215693861253956E+00 
 0.485779553601288E+00  0.344561479304799E-01  0.234132314052832E+00 
 0.481519208733506E+00  0.728577548922915E-01  0.234958460218121E+00 
 0.475638297411310E+00  0.104581120968147E+00  0.242108343206940E+00 
 0.469627773065014E+00  0.128913752537409E+00  0.231414327513991E+00 
 0.460055438744800E+00  0.159743526030346E+00  0.224734426817141E+00 
 0.449778138602499E+00  0.186731429766261E+00  0.221346529777678E+00 
 0.439294609480100E+00  0.210212385241709E+00  0.236495892809260E+00 
 0.425423046507421E+00  0.237032133533887E+00  0.227201677929975E+00 
 0.407415667412826E+00  0.266798565914134E+00  0.217883020943702E+00 
 0.389070918849602E+00  0.292904115595528E+00  0.224625043297442E+00 
 0.374493015572443E+00  0.311326166768437E+00  0.216224372693125E+00 
 0.356403170545654E+00  0.331882179172487E+00  0.209118225955015E+00 
 0.354255367349661E+00  0.334173810361061E+00  0.405863996749040E-01 
 0.366409345354417E+00  0.320800861071505E+00  0.207010547582463E-01 
 0.357705135864460E+00  0.330478496431252E+00  0.617232784041373E-01 
 0.372138612953346E+00  0.314136679769221E+00  0.418764826346217E-01 
 0.384822036998357E+00  0.298464404356208E+00  0.212950411410747E-01 
 0.352464923007066E+00  0.336061718850715E+00  0.103529891599192E+00 
 0.402677795710290E+00  0.273897049398450E+00  0.222251067995172E-01 
 0.390454126281854E+00  0.291057685170390E+00  0.433641716317139E-01 
 0.377210535462347E+00  0.308027941530441E+00  0.639615736430695E-01 
 0.363526851301790E+00  0.324063619077918E+00  0.841460952264369E-01 
