 0.500000000000000E+00 -0.462592926927149E-17  0.000000000000000E+00 
 0.321163456454056E+00  0.383215388833074E+00  0.000000000000000E+00 
 0.333595653808221E+00  0.372443203401895E+00  0.000000000000000E+00 
 0.349051131700688E+00  0.357999032761918E+00  0.000000000000000E+00 
 0.366433784422022E+00  0.340185657596194E+00  0.000000000000000E+00 
 0.384685888036504E+00  0.319400637985534E+00  0.000000000000000E+00 
 0.403201511709189E+00  0.295683176652688E+00  0.000000000000000E+00 
 0.420440834765439E+00  0.270609505490367E+00  0.000000000000000E+00 
 0.433913070710700E+00  0.248433989354137E+00  0.000000000000000E+00 
 0.446341274982453E+00  0.225342996889271E+00  0.000000000000000E+00 
 0.460225164174002E+00  0.195429778337418E+00  0.000000000000000E+00 
 0.472080680513830E+00  0.164741710218146E+00  0.000000000000000E+00 
 0.481587685494894E+00  0.134436978468246E+00  0.000000000000000E+00 
 0.488724414775055E+00  0.105586203657394E+00  0.000000000000000E+00 
 0.493174315377124E+00  0.823352576500813E-01  0.000000000000000E+00 
 0.496370305841867E+00  0.601375047574405E-01  0.000000000000000E+00 
 0.498710218033890E+00  0.358903667937510E-01  0.000000000000000E+00 
 0.499763473889957E+00  0.153775864634965E-01  0.000000000000000E+00 
 0.309000013489276E+00  0.393089037831923E+00  0.000000000000000E+00 
 0.309000013489276E+00  0.347800521315612E+00  0.000000000000000E+00 
 0.309000013489276E+00  0.358099853839776E+00  0.000000000000000E+00 
 0.309000013489276E+00  0.369919794986476E+00  0.000000000000000E+00 
 0.309000013489276E+00  0.381948556634737E+00  0.000000000000000E+00 
 0.309000013489276E+00  0.339411260931015E+00  0.000000000000000E+00 
 0.457466592145514E+00  0.374877240429880E-01  0.000000000000000E+00 
 0.453509929867007E+00  0.707796290974926E-01  0.000000000000000E+00 
 0.447251766328929E+00  0.103183670698458E+00  0.000000000000000E+00 
 0.438772761799155E+00  0.134757099576586E+00  0.000000000000000E+00 
 0.428006278793496E+00  0.165806024307013E+00  0.000000000000000E+00 
 0.414336597319957E+00  0.197499864568249E+00  0.000000000000000E+00 
 0.397699425837957E+00  0.229164087656240E+00  0.000000000000000E+00 
 0.379748117831996E+00  0.257822379529418E+00  0.000000000000000E+00 
 0.362163425766592E+00  0.281990541366476E+00  0.000000000000000E+00 
 0.345192370032278E+00  0.302528081431543E+00  0.000000000000000E+00 
 0.329797794327917E+00  0.319240390990227E+00  0.000000000000000E+00 
 0.317575250235370E+00  0.331401528091070E+00  0.000000000000000E+00 
 0.459000013489286E+00  0.173472347597681E-16  0.000000000000000E+00 
 0.487043164850710E+00  0.000000000000000E+00  0.000000000000000E+00 
 0.472800121284375E+00  0.000000000000000E+00  0.000000000000000E+00 
 0.470999742095484E+00  0.279364008667604E-01  0.000000000000000E+00 
 0.330039490285447E+00  0.357205651375609E+00  0.000000000000000E+00 
 0.328725123112092E+00  0.340759845774035E+00  0.000000000000000E+00 
 0.347779644164249E+00  0.339892881013312E+00  0.000000000000000E+00 
 0.346963963386280E+00  0.320790068727095E+00  0.000000000000000E+00 
 0.365579325374112E+00  0.320442824708529E+00  0.000000000000000E+00 
 0.364151220702175E+00  0.300918152980897E+00  0.000000000000000E+00 
 0.383522547055498E+00  0.298653522862621E+00  0.000000000000000E+00 
 0.381799466284203E+00  0.278081971070861E+00  0.000000000000000E+00 
 0.401531158172081E+00  0.273899014140288E+00  0.000000000000000E+00 
 0.400154793072359E+00  0.250705009448616E+00  0.000000000000000E+00 
 0.421344442794345E+00  0.241514115213401E+00  0.000000000000000E+00 
 0.418420226503651E+00  0.218782755475829E+00  0.000000000000000E+00 
 0.439906639118468E+00  0.206674976034398E+00  0.000000000000000E+00 
 0.483489612831698E+00  0.464786288002507E-01  0.000000000000000E+00 
 0.468467056635948E+00  0.586606118889239E-01  0.000000000000000E+00 
 0.433897313138783E+00  0.186456287332441E+00  0.000000000000000E+00 
 0.453173704394999E+00  0.175657653154020E+00  0.000000000000000E+00 
 0.445998896984633E+00  0.155306027805259E+00  0.000000000000000E+00 
 0.463932844387921E+00  0.144836003994364E+00  0.000000000000000E+00 
 0.455622402807590E+00  0.124249963650376E+00  0.000000000000000E+00 
 0.472400993030075E+00  0.114111508057394E+00  0.000000000000000E+00 
 0.463204399085934E+00  0.918080785574092E-01  0.000000000000000E+00 
 0.479208323216185E+00  0.791919656321326E-01  0.000000000000000E+00 
 0.485146372102869E+00  0.213684869562696E-01  0.000000000000000E+00 
 0.309000013489276E+00  0.393089037831923E+00  0.100000000000000E+01 
 0.499475637544724E+00  0.228929574168905E-01  0.100000000000000E+01 
 0.496968698153742E+00  0.549737487840761E-01  0.100000000000000E+01 
 0.492387123847477E+00  0.869190443413281E-01  0.100000000000000E+01 
 0.485030475347652E+00  0.121430795039935E+00  0.100000000000000E+01 
 0.475328155311682E+00  0.155122998836387E+00  0.100000000000000E+01 
 0.466828016434875E+00  0.179085463037845E+00  0.100000000000000E+01 
 0.456642658966294E+00  0.203660212148060E+00  0.100000000000000E+01 
 0.441236246020156E+00  0.235182004409438E+00  0.100000000000000E+01 
 0.423548576744633E+00  0.265719030439290E+00  0.100000000000000E+01 
 0.407192065144516E+00  0.290163095660603E+00  0.100000000000000E+01 
 0.391431229913140E+00  0.311097399938808E+00  0.100000000000000E+01 
 0.378248261309890E+00  0.326998857514892E+00  0.100000000000000E+01 
 0.364872245365302E+00  0.341859978005737E+00  0.100000000000000E+01 
 0.349949942129051E+00  0.357120481075889E+00  0.100000000000000E+01 
 0.335885901724191E+00  0.370379077463789E+00  0.100000000000000E+01 
 0.322415193271666E+00  0.382162848989268E+00  0.100000000000000E+01 
 0.500000000000000E+00 -0.462592926927149E-17  0.100000000000000E+01 
 0.472136128837305E+00  0.000000000000000E+00  0.100000000000000E+01 
 0.486694405419943E+00  0.000000000000000E+00  0.100000000000000E+01 
 0.459000013489286E+00 -0.196601993944038E-16  0.100000000000000E+01 
 0.325300590162235E+00  0.323821769532646E+00  0.100000000000000E+01 
 0.343994074337203E+00  0.303889929421891E+00  0.100000000000000E+01 
 0.362108124641178E+00  0.282061550821805E+00  0.100000000000000E+01 
 0.379744973774839E+00  0.257827010369166E+00  0.100000000000000E+01 
 0.399603814846689E+00  0.225826932723116E+00  0.100000000000000E+01 
 0.415520399168129E+00  0.194996949356433E+00  0.100000000000000E+01 
 0.427429194785885E+00  0.167288062418822E+00  0.100000000000000E+01 
 0.438930923390337E+00  0.134241040203278E+00  0.100000000000000E+01 
 0.447491124381534E+00  0.102140618673009E+00  0.100000000000000E+01 
 0.453246406343620E+00  0.724479642208835E-01  0.100000000000000E+01 
 0.456914316345195E+00  0.437072065220090E-01  0.100000000000000E+01 
 0.458633927043226E+00  0.183284846089414E-01  0.100000000000000E+01 
 0.309000013489276E+00  0.339411260931015E+00  0.100000000000000E+01 
 0.309000013489276E+00  0.381484789991833E+00  0.100000000000000E+01 
 0.309000013489276E+00  0.367635592815227E+00  0.100000000000000E+01 
 0.309000013489276E+00  0.353096287159532E+00  0.100000000000000E+01 
 0.327537939904123E+00  0.340269641017185E+00  0.100000000000000E+01 
 0.472015444064506E+00  0.273739224467583E-01  0.100000000000000E+01 
 0.484601707115616E+00  0.406024777491551E-01  0.100000000000000E+01 
 0.468933323622821E+00  0.572361863931891E-01  0.100000000000000E+01 
 0.480764343693847E+00  0.718334914592608E-01  0.100000000000000E+01 
 0.464150767535445E+00  0.877274688590313E-01  0.100000000000000E+01 
 0.474835185536096E+00  0.104069289882184E+00  0.100000000000000E+01 
 0.456954466894894E+00  0.119506248929034E+00  0.100000000000000E+01 
 0.466244365704029E+00  0.137436069816797E+00  0.100000000000000E+01 
 0.446589202076102E+00  0.153367623076278E+00  0.100000000000000E+01 
 0.453330289344911E+00  0.174431815322780E+00  0.100000000000000E+01 
 0.433765439827350E+00  0.186985713051943E+00  0.100000000000000E+01 
 0.437856708735402E+00  0.211255708616716E+00  0.100000000000000E+01 
 0.418662209725240E+00  0.218600131527005E+00  0.100000000000000E+01 
 0.421295351116870E+00  0.242252738365569E+00  0.100000000000000E+01 
 0.327262955190079E+00  0.358300648286068E+00  0.100000000000000E+01 
 0.401127071306342E+00  0.248969925245453E+00  0.100000000000000E+01 
 0.403877585092945E+00  0.270191353185396E+00  0.100000000000000E+01 
 0.383169302325233E+00  0.276083947632126E+00  0.100000000000000E+01 
 0.386696295725299E+00  0.294328227168722E+00  0.100000000000000E+01 
 0.364919468579103E+00  0.299853052899891E+00  0.100000000000000E+01 
 0.366915225840692E+00  0.318500619696659E+00  0.100000000000000E+01 
 0.345924846451825E+00  0.321577740369730E+00  0.100000000000000E+01 
 0.347082509389475E+00  0.340094399342142E+00  0.100000000000000E+01 
 0.500000000000000E+00 -0.138777878078145E-16  0.980400454639011E+00 
 0.500000000000000E+00 -0.138777878078145E-16  0.953549120375845E+00 
 0.500000000000000E+00 -0.138777878078145E-16  0.926339630415916E+00 
 0.500000000000000E+00 -0.138777878078145E-16  0.897545767961204E+00 
 0.500000000000000E+00 -0.138777878078145E-16  0.867191770446422E+00 
 0.500000000000000E+00 -0.138777878078145E-16  0.835578189263755E+00 
 0.500000000000000E+00 -0.138777878078145E-16  0.803279214027085E+00 
 0.500000000000000E+00 -0.138777878078145E-16  0.767754662315108E+00 
 0.500000000000000E+00 -0.138777878078145E-16  0.733686821369026E+00 
 0.500000000000000E+00 -0.138777878078145E-16  0.701774420608481E+00 
 0.500000000000000E+00 -0.138777878078145E-16  0.670471047046973E+00 
 0.500000000000000E+00 -0.138777878078145E-16  0.639518490529596E+00 
 0.500000000000000E+00 -0.138777878078145E-16  0.608819437445695E+00 
 0.500000000000000E+00 -0.138777878078145E-16  0.578264994695265E+00 
 0.500000000000000E+00 -0.138777878078145E-16  0.547746558089740E+00 
 0.500000000000000E+00 -0.138777878078145E-16  0.517190053254661E+00 
 0.500000000000000E+00 -0.138777878078145E-16  0.486583320024200E+00 
 0.500000000000000E+00 -0.138777878078145E-16  0.456000148012804E+00 
 0.500000000000000E+00 -0.138777878078145E-16  0.425635096994352E+00 
 0.500000000000000E+00 -0.138777878078145E-16  0.395917883432877E+00 
 0.500000000000000E+00 -0.138777878078145E-16  0.366976975732591E+00 
 0.500000000000000E+00 -0.138777878078145E-16  0.338495809535859E+00 
 0.500000000000000E+00 -0.138777878078145E-16  0.310167726641048E+00 
 0.500000000000000E+00 -0.138777878078145E-16  0.282068098235417E+00 
 0.500000000000000E+00 -0.138777878078145E-16  0.255349599052980E+00 
 0.500000000000000E+00 -0.138777878078145E-16  0.225565975175424E+00 
 0.500000000000000E+00 -0.138777878078145E-16  0.196595189216895E+00 
 0.500000000000000E+00 -0.138777878078145E-16  0.170783489818146E+00 
 0.500000000000000E+00 -0.138777878078145E-16  0.142290726997260E+00 
 0.500000000000000E+00 -0.138777878078145E-16  0.109968748289288E+00 
 0.500000000000000E+00 -0.138777878078145E-16  0.770860580502298E-01 
 0.500000000000000E+00 -0.138777878078145E-16  0.461423826024346E-01 
 0.500000000000000E+00 -0.138777878078145E-16  0.188441777292303E-01 
 0.309000013489276E+00  0.393089037831923E+00  0.236840961337949E-01 
 0.309000013489276E+00  0.393089037831923E+00  0.561136536192198E-01 
 0.309000013489276E+00  0.393089037831923E+00  0.801054831702326E-01 
 0.309000013489276E+00  0.393089037831923E+00  0.112640264440237E+00 
 0.309000013489276E+00  0.393089037831923E+00  0.146437048862942E+00 
 0.309000013489276E+00  0.393089037831923E+00  0.177991857162160E+00 
 0.309000013489276E+00  0.393089037831923E+00  0.215286364155557E+00 
 0.309000013489276E+00  0.393089037831923E+00  0.254908684701426E+00 
 0.309000013489276E+00  0.393089037831923E+00  0.286563306560812E+00 
 0.309000013489276E+00  0.393089037831923E+00  0.313049789451854E+00 
 0.309000013489276E+00  0.393089037831923E+00  0.345757835540569E+00 
 0.309000013489276E+00  0.393089037831923E+00  0.379566651444716E+00 
 0.309000013489276E+00  0.393089037831923E+00  0.411618509871198E+00 
 0.309000013489276E+00  0.393089037831923E+00  0.440118454732987E+00 
 0.309000013489276E+00  0.393089037831923E+00  0.468540727317739E+00 
 0.309000013489276E+00  0.393089037831923E+00  0.499047153282845E+00 
 0.309000013489276E+00  0.393089037831923E+00  0.534492349550973E+00 
 0.309000013489276E+00  0.393089037831923E+00  0.563407253470815E+00 
 0.309000013489276E+00  0.393089037831923E+00  0.586320452553082E+00 
 0.309000013489276E+00  0.393089037831923E+00  0.613085838929694E+00 
 0.309000013489276E+00  0.393089037831923E+00  0.641918362920176E+00 
 0.309000013489276E+00  0.393089037831923E+00  0.671057539838019E+00 
 0.309000013489276E+00  0.393089037831923E+00  0.699182095881809E+00 
 0.309000013489276E+00  0.393089037831923E+00  0.725432478422078E+00 
 0.309000013489276E+00  0.393089037831923E+00  0.751445069550090E+00 
 0.309000013489276E+00  0.393089037831923E+00  0.777755872770636E+00 
 0.309000013489276E+00  0.393089037831923E+00  0.811521858594853E+00 
 0.309000013489276E+00  0.393089037831923E+00  0.847577738033795E+00 
 0.309000013489276E+00  0.393089037831923E+00  0.879888972360081E+00 
 0.309000013489276E+00  0.393089037831923E+00  0.914990704994158E+00 
 0.309000013489276E+00  0.393089037831923E+00  0.946035427969367E+00 
 0.309000013489276E+00  0.393089037831923E+00  0.968641345993777E+00 
 0.309000013489276E+00  0.393089037831923E+00  0.986937007589015E+00 
 0.449829470883786E+00  0.218296695175197E+00  0.896117461109856E+00 
 0.441132418053482E+00  0.235376697534586E+00  0.862471696420751E+00 
 0.423999261143784E+00  0.264999295375527E+00  0.892551375802925E+00 
 0.436478855479241E+00  0.243897947345877E+00  0.895387160947742E+00 
 0.428737077003465E+00  0.257263520154967E+00  0.872427096159355E+00 
 0.456201303163505E+00  0.204646942297997E+00  0.868427239865088E+00 
 0.462124684685772E+00  0.190894672015947E+00  0.898100166011506E+00 
 0.435741812456402E+00  0.245212301643310E+00  0.829681970133967E+00 
 0.450125306476785E+00  0.217686031865116E+00  0.835282883252997E+00 
 0.439179840303496E+00  0.239000141989489E+00  0.796265280407553E+00 
 0.447324150723984E+00  0.223385550515396E+00  0.244372158263253E+00 
 0.446631826018502E+00  0.224766572219668E+00  0.194062428075010E+00 
 0.445526003063262E+00  0.226950612677018E+00  0.162493876518108E+00 
 0.437351325148463E+00  0.242329978316517E+00  0.133109031573902E+00 
 0.325798666964345E+00  0.379282518189616E+00  0.173900389660000E-01 
 0.451240429544717E+00  0.215364980310866E+00  0.126086509031723E+00 
 0.435332211741432E+00  0.245938743227481E+00  0.101155010589360E+00 
 0.449802401430075E+00  0.218352466594123E+00  0.895213176376384E-01 
 0.426462257768520E+00  0.261017131045027E+00  0.759690650183121E-01 
 0.475527123093905E+00  0.154511990479813E+00  0.774001176995238E+00 
 0.383100692204071E+00  0.321300263978668E+00  0.230958332497285E+00 
 0.436291284295867E+00  0.244233321329141E+00  0.954085464917292E+00 
 0.426356218573773E+00  0.261190303961447E+00  0.920671359652925E+00 
 0.443160319857401E+00  0.231536025067130E+00  0.925441858459627E+00 
 0.456456974048966E+00  0.204076041813000E+00  0.925891342649844E+00 
 0.467409072353796E+00  0.177563394542241E+00  0.923929435979763E+00 
 0.480785928337114E+00  0.137276695447624E+00  0.807310122968942E+00 
 0.339776073093449E+00  0.366813604100496E+00  0.209847392253754E-01 
 0.326277391657230E+00  0.378870774398547E+00  0.385869888591631E-01 
 0.482158354569065E+00  0.132375681751793E+00  0.846870800980210E+00 
 0.477904993654338E+00  0.146992574779298E+00  0.876648918072570E+00 
 0.483438135044243E+00  0.127622762800936E+00  0.780074826763592E+00 
 0.488460424024828E+00  0.106800815359649E+00  0.828495822513678E+00 
 0.490616646165387E+00  0.964121699031185E-01  0.797375855450469E+00 
 0.336464746178254E+00  0.369853314949593E+00  0.764427011202026E+00 
 0.345300455016544E+00  0.361618024668804E+00  0.788294962311163E+00 
 0.350991549263391E+00  0.356096801931279E+00  0.764437374471392E+00 
 0.360397958889034E+00  0.346573673594257E+00  0.790695565032214E+00 
 0.366222940869184E+00  0.340412628410178E+00  0.764587453415846E+00 
 0.369724923075416E+00  0.336605824751857E+00  0.817207229406351E+00 
 0.376940698364132E+00  0.328505266193345E+00  0.791654523722862E+00 
 0.382099782049877E+00  0.322489932490049E+00  0.764106290985941E+00 
 0.377287494637984E+00  0.328106913047856E+00  0.840092098170238E+00 
 0.389145687483900E+00  0.313951642634153E+00  0.822795957027103E+00 
 0.393828283228101E+00  0.308057272807520E+00  0.791397435337027E+00 
 0.397999960148335E+00  0.302648363157516E+00  0.762653566795108E+00 
 0.389407910026317E+00  0.313626337556232E+00  0.855976402047489E+00 
 0.401042653488609E+00  0.298604738882047E+00  0.877158529324946E+00 
 0.404797032559615E+00  0.293495080761040E+00  0.848147420634733E+00 
 0.407270255778199E+00  0.290053337781796E+00  0.817647783397811E+00 
 0.409641056570372E+00  0.286695316968920E+00  0.788051494713234E+00 
 0.413316224698979E+00  0.281371104416540E+00  0.760330012075831E+00 
 0.412024609841020E+00  0.283259105564774E+00  0.899255442502997E+00 
 0.415524943933813E+00  0.278098940970298E+00  0.871971847174130E+00 
 0.356042468765085E+00  0.351046664185352E+00  0.232272037123353E-01 
 0.344140690790847E+00  0.362721911306718E+00  0.440515206680182E-01 
 0.331742510869334E+00  0.374094782751791E+00  0.632084646763914E-01 
 0.322874510177890E+00  0.381774869101395E+00  0.834355327333443E-01 
 0.422704696796145E+00  0.267059430289363E+00  0.844221928167661E+00 
 0.423175824124626E+00  0.266312263849121E+00  0.810411936075905E+00 
 0.423096529592580E+00  0.266438222946175E+00  0.783045598105869E+00 
 0.428281573829027E+00  0.258021110606346E+00  0.759675257210948E+00 
 0.472683073405919E+00  0.163005251803537E+00  0.900310046862584E+00 
 0.467963970472977E+00  0.176095776040105E+00  0.873812714259302E+00 
 0.463521070743897E+00  0.187478577380007E+00  0.844084291158964E+00 
 0.458526130373460E+00  0.199383519290689E+00  0.809778780650062E+00 
 0.450653448657058E+00  0.216590556612010E+00  0.781806745067980E+00 
 0.442014285042777E+00  0.233716434634201E+00  0.759961388767718E+00 
 0.460380569034938E+00  0.195063404192244E+00  0.781384707382176E+00 
 0.454505257067461E+00  0.208386590974663E+00  0.757983876117026E+00 
 0.473282607751270E+00  0.161256234608641E+00  0.852971212008475E+00 
 0.472148579670448E+00  0.164547010654032E+00  0.824836835532679E+00 
 0.469463918176658E+00  0.172057053125466E+00  0.793754448575024E+00 
 0.465976171583399E+00  0.181290395543940E+00  0.762155190584712E+00 
 0.349919191062121E+00  0.357150612104237E+00  0.218586962566574E+00 
 0.357235956897727E+00  0.349832061279931E+00  0.196729228369661E+00 
 0.369261424434624E+00  0.337114224595332E+00  0.218371885515551E+00 
 0.371516687270993E+00  0.334627182218042E+00  0.185496454863806E+00 
 0.389992684106496E+00  0.312898875586684E+00  0.208808851003400E+00 
 0.386938523382478E+00  0.316667931945417E+00  0.168124400471548E+00 
 0.413096256021964E+00  0.281693953184367E+00  0.233117620394069E+00 
 0.405535450120193E+00  0.292473928232608E+00  0.193472096158482E+00 
 0.403733047886496E+00  0.294956990160058E+00  0.164219404358235E+00 
 0.396344943054279E+00  0.304812542581995E+00  0.139115319061754E+00 
 0.432558962925400E+00  0.250784257067509E+00  0.240054840882315E+00 
 0.423796148745914E+00  0.265323998741409E+00  0.207217104710563E+00 
 0.418291513939215E+00  0.273920078428799E+00  0.174766480189680E+00 
 0.413164454852341E+00  0.281593915499906E+00  0.144998267669334E+00 
 0.407058837006736E+00  0.290349966789604E+00  0.116795366232754E+00 
 0.439918513104652E+00  0.237637753372212E+00  0.215522147495993E+00 
 0.433845948180402E+00  0.248551188384703E+00  0.184438057737998E+00 
 0.428704762792470E+00  0.257317365055396E+00  0.154063347191321E+00 
 0.373602542358898E+00  0.332296765471720E+00  0.253678441003256E-01 
 0.361692851131596E+00  0.345222075540220E+00  0.481831818234859E-01 
 0.349729696713056E+00  0.357336171184773E+00  0.689745762743781E-01 
 0.338877143543301E+00  0.367644232355049E+00  0.886467398313154E-01 
 0.328445484745373E+00  0.376992789785663E+00  0.106800819939537E+00 
 0.423367577023032E+00  0.266007320812129E+00  0.123947908025731E+00 
 0.417729781479433E+00  0.274775962677133E+00  0.956715881483368E-01 
 0.497379926452460E+00  0.511195536184070E-01  0.236096321949429E+00 
 0.494442470577408E+00  0.743413968748861E-01  0.245406937564298E+00 
 0.494324372003028E+00  0.751226679758640E-01  0.217078247028523E+00 
 0.489868389108934E+00  0.100144702065652E+00  0.225941299212567E+00 
 0.490147347523094E+00  0.987703281156623E-01  0.196560279226294E+00 
 0.485076053504089E+00  0.121248597174969E+00  0.174393799052688E+00 
 0.483718420813576E+00  0.126556269562676E+00  0.232415279812635E+00 
 0.484193038512777E+00  0.124728110126646E+00  0.202718006608684E+00 
 0.477693969767611E+00  0.147676915080390E+00  0.179399461387156E+00 
 0.479259943936350E+00  0.142512827977436E+00  0.151574798692187E+00 
 0.475887523355463E+00  0.153398386936121E+00  0.237102300045163E+00 
 0.476552601849176E+00  0.151319587862183E+00  0.208002821502067E+00 
 0.466951375546679E+00  0.178763566967837E+00  0.242060153877486E+00 
 0.467150542288563E+00  0.178242449600261E+00  0.213275483554268E+00 
 0.468553630024914E+00  0.174520760342360E+00  0.184138898834822E+00 
 0.470558651286477E+00  0.169040100862048E+00  0.156215019457562E+00 
 0.472714370909622E+00  0.162914466931333E+00  0.128394592566614E+00 
 0.458287436071566E+00  0.199931553134943E+00  0.249400085351505E+00 
 0.455341759960905E+00  0.206552370201132E+00  0.220572787248671E+00 
 0.457745113285795E+00  0.201170105291454E+00  0.188905774685658E+00 
 0.459619685525650E+00  0.196849548328927E+00  0.159376044502801E+00 
 0.463671005572515E+00  0.187107451993160E+00  0.134508946301253E+00 
 0.463483714032854E+00  0.187570911461003E+00  0.104466115010602E+00 
 0.459460464271520E+00  0.197220895879214E+00  0.760227790911613E-01 
 0.438785878198667E+00  0.239722658698389E+00  0.672823334840850E-01 
 0.451163137813237E+00  0.215526850017613E+00  0.570173360554009E-01 
 0.321234213790607E+00  0.383156077715506E+00  0.980406620993571E+00 
 0.321009005372125E+00  0.383344777543661E+00  0.958465583038049E+00 
 0.331560767691515E+00  0.374255871467387E+00  0.972243253716613E+00 
 0.322183659127446E+00  0.382358064896308E+00  0.933241973787509E+00 
 0.334196313552255E+00  0.371904321039811E+00  0.951283253200208E+00 
 0.344238025824206E+00  0.362629537650552E+00  0.973126182741640E+00 
 0.323445335005219E+00  0.381291378427786E+00  0.899841435161940E+00 
 0.336459349142844E+00  0.369858224694780E+00  0.925466570000488E+00 
 0.348243990124043E+00  0.358784229506379E+00  0.947066567178613E+00 
 0.359157130051544E+00  0.347859391037727E+00  0.971793681473643E+00 
 0.371980524726770E+00  0.334111492205815E+00  0.981830358159039E+00 
 0.320769349519523E+00  0.383545335532610E+00  0.865974583577443E+00 
 0.332376543071656E+00  0.373531569771198E+00  0.879188955722503E+00 
 0.340378309231881E+00  0.366254838335886E+00  0.899213501814802E+00 
 0.351509727451472E+00  0.355585308339633E+00  0.920545918643685E+00 
 0.362951560032592E+00  0.343898480761267E+00  0.941588153793574E+00 
 0.374279846462362E+00  0.331533703463329E+00  0.960253877018870E+00 
 0.384680238358685E+00  0.319407442330803E+00  0.978821815287802E+00 
 0.322200680780740E+00  0.382343721413635E+00  0.837199645914082E+00 
 0.334083201943159E+00  0.372005932989524E+00  0.855704964765125E+00 
 0.345259528541781E+00  0.361657099959488E+00  0.874260102011379E+00 
 0.355522203591801E+00  0.351573552408639E+00  0.894652103178929E+00 
 0.366775646494936E+00  0.339817046568034E+00  0.915252370320799E+00 
 0.378274387237776E+00  0.326968634520018E+00  0.935439250040458E+00 
 0.391926405763792E+00  0.310473336157995E+00  0.279415866609917E-01 
 0.379431583897040E+00  0.325625049929184E+00  0.524264965256345E-01 
 0.367235763026581E+00  0.339319752378615E+00  0.747089796817530E-01 
 0.355573963643815E+00  0.351521203313011E+00  0.955112528119547E-01 
 0.344168346932143E+00  0.362695669907977E+00  0.114943727055206E+00 
 0.331974960350843E+00  0.373888520417592E+00  0.132444113557082E+00 
 0.322860288866695E+00  0.381786895889467E+00  0.152522928150989E+00 
 0.389370533588486E+00  0.313672739607729E+00  0.955554356537660E+00 
 0.398992420488418E+00  0.301338760189913E+00  0.977082276171846E+00 
 0.318989485896541E+00  0.385026892421115E+00  0.790811031846914E+00 
 0.324931132662656E+00  0.380025997829837E+00  0.811075358720147E+00 
 0.336610360206013E+00  0.369720793845813E+00  0.829717571961977E+00 
 0.348263205864076E+00  0.358765577280313E+00  0.848259551308634E+00 
 0.359463079649016E+00  0.347543226619718E+00  0.868844518732725E+00 
 0.370663206282624E+00  0.335572328281527E+00  0.889314890476819E+00 
 0.382223705518096E+00  0.322343045434542E+00  0.909750562310134E+00 
 0.393834486425005E+00  0.308049342317676E+00  0.930571322686489E+00 
 0.404701589874205E+00  0.293626673095771E+00  0.952452070639964E+00 
 0.413930150473743E+00  0.280467164796139E+00  0.975899048003481E+00 
 0.321917306655035E+00  0.382582341040420E+00  0.764738854187990E+00 
 0.331212053871018E+00  0.374564514296992E+00  0.787742320270093E+00 
 0.338039141036760E+00  0.368414900794104E+00  0.807227455140919E+00 
 0.352151582267526E+00  0.354949662778369E+00  0.817680056430434E+00 
 0.362990408356470E+00  0.343857475476691E+00  0.842715630521750E+00 
 0.374255566302399E+00  0.331561112152300E+00  0.863637499797721E+00 
 0.385972271363083E+00  0.317844939772246E+00  0.883376153954308E+00 
 0.397542174551283E+00  0.303249434382056E+00  0.904441425689049E+00 
 0.409555973741453E+00  0.286816848132550E+00  0.926267942401023E+00 
 0.420288450077829E+00  0.270846116330245E+00  0.950299324034733E+00 
 0.427603644676986E+00  0.259143055201095E+00  0.975415522601001E+00 
 0.498721086850241E+00  0.357390197251464E-01  0.979279804902024E+00 
 0.499553447534229E+00  0.211270692872074E-01  0.961592389728045E+00 
 0.495775733112410E+00  0.648569383863592E-01  0.975443900666647E+00 
 0.497966513366226E+00  0.450483247844342E-01  0.955088195357135E+00 
 0.499434653055695E+00  0.237703034717298E-01  0.938617918647766E+00 
 0.491137653782091E+00  0.937219560051096E-01  0.970765734383439E+00 
 0.494782480955987E+00  0.720437126961001E-01  0.948220308809237E+00 
 0.497464288133727E+00  0.502919678637059E-01  0.928480463361304E+00 
 0.499298264160775E+00  0.264810008503558E-01  0.911639751620439E+00 
 0.479666791801399E+00  0.141137411209620E+00  0.977763422763682E+00 
 0.485398170862174E+00  0.119952556136398E+00  0.962157871735021E+00 
 0.490041046727317E+00  0.992963872575209E-01  0.940721317949335E+00 
 0.493838263708782E+00  0.782545161450507E-01  0.919455028053104E+00 
 0.496921221532570E+00  0.554012598284396E-01  0.899633911305759E+00 
 0.499120986671319E+00  0.296351255143068E-01  0.881934982419931E+00 
 0.462284338398571E+00  0.190507717616361E+00  0.976831830759664E+00 
 0.471600854602887E+00  0.166110306537031E+00  0.972056144383658E+00 
 0.478705199067113E+00  0.144365274169781E+00  0.952608345545904E+00 
 0.483910950454477E+00  0.125818091029252E+00  0.932749443358140E+00 
 0.488492513853069E+00  0.106653944650488E+00  0.911131548645017E+00 
 0.492595105456156E+00  0.857325030582834E-01  0.889483118799205E+00 
 0.496133298156009E+00  0.620624722424145E-01  0.868635765271776E+00 
 0.498816661157445E+00  0.343793332067151E-01  0.849558952520779E+00 
 0.480422479952128E+00  0.138543281167465E+00  0.756812185557988E+00 
 0.487424265966481E+00  0.111434218025870E+00  0.760064126693738E+00 
 0.494598204911344E+00  0.732981288879647E-01  0.769133307761127E+00 
 0.498038517456450E+00  0.442451706944539E-01  0.756240948186280E+00 
 0.451482194849012E+00  0.214857691820234E+00  0.961757774884232E+00 
 0.498966476432666E+00  0.321318439615463E-01  0.783682430790431E+00 
 0.411277627805822E+00  0.284342597699353E+00  0.318520888728155E-01 
 0.397064783351764E+00  0.303874246723569E+00  0.576811912599607E-01 
 0.384679894882510E+00  0.319407855997909E+00  0.807576146059653E-01 
 0.372830979882991E+00  0.333162213402854E+00  0.102731953844224E+00 
 0.361182084817467E+00  0.345756419473172E+00  0.123568539687183E+00 
 0.349325268255077E+00  0.357731543141667E+00  0.142730503554668E+00 
 0.338093717687405E+00  0.368364816534247E+00  0.161223371250492E+00 
 0.326943782429800E+00  0.378295867186645E+00  0.178835769829227E+00 
 0.463529618747181E+00  0.187457441954415E+00  0.950712371071926E+00 
 0.471807390167389E+00  0.165522767568201E+00  0.945227686486895E+00 
 0.476499428456691E+00  0.151486945577651E+00  0.926046575343308E+00 
 0.481454540966096E+00  0.134913027477430E+00  0.904400547172653E+00 
 0.486172151850031E+00  0.116776019650913E+00  0.880940032833388E+00 
 0.490742805524068E+00  0.957679425818849E-01  0.858386989077798E+00 
 0.494742775948833E+00  0.723158740972078E-01  0.835117322008225E+00 
 0.498078365378549E+00  0.437943140354082E-01  0.812459225776621E+00 
 0.317934264296639E+00  0.385898696015100E+00  0.740453997615518E+00 
 0.329196678493234E+00  0.376337012355977E+00  0.740892829423842E+00 
 0.341876910215838E+00  0.364856380321451E+00  0.739946852627744E+00 
 0.355846101799618E+00  0.351245714328326E+00  0.738853261426066E+00 
 0.370793039356581E+00  0.335428862748436E+00  0.737761671099126E+00 
 0.386339180821819E+00  0.317398861626702E+00  0.736443845686403E+00 
 0.401971017474284E+00  0.297353831504974E+00  0.734847773376945E+00 
 0.417337227926176E+00  0.275371818069487E+00  0.733407829462437E+00 
 0.432091787680902E+00  0.251588328462834E+00  0.732618590308495E+00 
 0.445901327721952E+00  0.226212302794964E+00  0.732250600455181E+00 
 0.458954822056592E+00  0.198394736097009E+00  0.733044001402296E+00 
 0.471945354187933E+00  0.165128987947080E+00  0.738632252538468E+00 
 0.481530111270866E+00  0.134643053810685E+00  0.731989750510290E+00 
 0.489142663717044E+00  0.103631339525238E+00  0.732408996185872E+00 
 0.494966782460067E+00  0.707664063036216E-01  0.732869250645579E+00 
 0.498614132931913E+00  0.372014306251233E-01  0.730716582254374E+00 
 0.320132421353405E+00  0.384077118295800E+00  0.719449268449137E+00 
 0.332179892256415E+00  0.373706461250694E+00  0.716486050260887E+00 
 0.345247290296199E+00  0.361668782925942E+00  0.714178117836635E+00 
 0.359385022594900E+00  0.347623942694492E+00  0.712232488384233E+00 
 0.374382221797558E+00  0.331418092448080E+00  0.710426856347864E+00 
 0.389885195224159E+00  0.313032801068864E+00  0.708713089910098E+00 
 0.405473252163716E+00  0.292560150703714E+00  0.707108270392182E+00 
 0.420766436947084E+00  0.270102953591507E+00  0.705797462540885E+00 
 0.435425086148179E+00  0.245774275205626E+00  0.704942413122776E+00 
 0.449221585509324E+00  0.219544909101736E+00  0.704658759743382E+00 
 0.462022314725789E+00  0.191142304829214E+00  0.705169098594898E+00 
 0.473373025036865E+00  0.160990618259101E+00  0.705561619273201E+00 
 0.482680621409073E+00  0.130458490395035E+00  0.703577333226067E+00 
 0.490054284759059E+00  0.992310333982623E-01  0.702979332205475E+00 
 0.495477448324255E+00  0.670976765773992E-01  0.702440895029931E+00 
 0.498839714990872E+00  0.340431894484846E-01  0.701611867003422E+00 
 0.321172426806886E+00  0.383207870820753E+00  0.694055063786154E+00 
 0.333968835270693E+00  0.372108609236520E+00  0.690361296104351E+00 
 0.347555858551487E+00  0.359450866164680E+00  0.687420876322941E+00 
 0.362030363549065E+00  0.344868113731223E+00  0.684910248327809E+00 
 0.377205010650599E+00  0.328201736650009E+00  0.682697470771303E+00 
 0.392778449437571E+00  0.309394714979777E+00  0.680736216731102E+00 
 0.408358430909153E+00  0.288519309415184E+00  0.679043160153763E+00 
 0.423575926431406E+00  0.265675430832014E+00  0.677685290739531E+00 
 0.438100088887808E+00  0.240973675152484E+00  0.676725420800693E+00 
 0.451651670259276E+00  0.214501209208727E+00  0.676174849137637E+00 
 0.463950009033873E+00  0.186414562514490E+00  0.675867887696792E+00 
 0.474675678950812E+00  0.157108242344524E+00  0.675276906239320E+00 
 0.483611569370740E+00  0.126963971152331E+00  0.674105080658575E+00 
 0.490680074087929E+00  0.960888385457156E-01  0.673191089739122E+00 
 0.495816821619264E+00  0.645420746441460E-01  0.672313667326631E+00 
 0.498947836190698E+00  0.324200055616901E-01  0.671383715016063E+00 
 0.321907593830565E+00  0.382590513518326E+00  0.666656354480817E+00 
 0.335262695258825E+00  0.370943291040272E+00  0.663035807485763E+00 
 0.349283837584764E+00  0.357771995553118E+00  0.659878851168984E+00 
 0.364054718487263E+00  0.342730450860672E+00  0.657079677934235E+00 
 0.379412601144119E+00  0.325647168102309E+00  0.654590803510571E+00 
 0.395065482755884E+00  0.306469026713729E+00  0.652430689147153E+00 
 0.410638227118231E+00  0.285265221205103E+00  0.650604440325333E+00 
 0.425767374661979E+00  0.262149084822828E+00  0.649124899746739E+00 
 0.440118652858125E+00  0.237266878022091E+00  0.647981270393679E+00 
 0.453393902456389E+00  0.210793665026647E+00  0.647104320197498E+00 
 0.465322903397295E+00  0.182960639411629E+00  0.646323839114716E+00 
 0.475678903036158E+00  0.154044088514676E+00  0.645410493867367E+00 
 0.484309297535722E+00  0.124275920115104E+00  0.644310889602244E+00 
 0.491118309681524E+00  0.938232694781134E-01  0.643219093000294E+00 
 0.496036099464918E+00  0.628346085181544E-01  0.642100427214784E+00 
 0.499008284712567E+00  0.314758921751446E-01  0.640899594744892E+00 
 0.322475390398174E+00  0.382112055014684E+00  0.638427793740694E+00 
 0.336262301263904E+00  0.370037382907057E+00  0.635096668885365E+00 
 0.350608849430917E+00  0.356473610104210E+00  0.631872749634545E+00 
 0.365606330601814E+00  0.341074788021450E+00  0.628856449736345E+00 
 0.381105987771208E+00  0.323663754666679E+00  0.626141956628617E+00 
 0.396819999774627E+00  0.304193832578612E+00  0.623793553136876E+00 
 0.412376902222448E+00  0.282745982311717E+00  0.621816400530214E+00 
 0.427415774347188E+00  0.259452800792733E+00  0.620187642727884E+00 
 0.319459394477598E+00  0.384637095558926E+00  0.234525769027251E+00 
 0.441604260155167E+00  0.234490250144452E+00  0.618855087314906E+00 
 0.454652897413922E+00  0.208064275821502E+00  0.617727205685601E+00 
 0.466319355223962E+00  0.180405817377123E+00  0.616674216601427E+00 
 0.476416695288463E+00  0.151746935555285E+00  0.615575795115799E+00 
 0.484815027481369E+00  0.122288139769313E+00  0.614390182722121E+00 
 0.491423698296109E+00  0.922103505739747E-01  0.613151207462463E+00 
 0.496180953162936E+00  0.616803187274496E-01  0.611838428510164E+00 
 0.499045658610402E+00  0.308776719023558E-01  0.610421371971781E+00 
 0.322943495696374E+00  0.381716516000298E+00  0.610365760074738E+00 
 0.337046764997407E+00  0.369322999831831E+00  0.607073686008428E+00 
 0.351611238934843E+00  0.355484931684459E+00  0.603616797890074E+00 
 0.366767135433910E+00  0.339826232603671E+00  0.600327085307985E+00 
 0.382370982906423E+00  0.322168327790265E+00  0.597382011845561E+00 
 0.398129474753567E+00  0.302477968342240E+00  0.594855582853987E+00 
 0.413669594849808E+00  0.280851324185584E+00  0.592732196078301E+00 
 0.428630668599896E+00  0.257440769761913E+00  0.590964262841907E+00 
 0.442688028103638E+00  0.232437754621990E+00  0.589475577166387E+00 
 0.455565922287651E+00  0.206057493069780E+00  0.588171412813715E+00 
 0.467042514475455E+00  0.178525319415605E+00  0.586947000339900E+00 
 0.476952534688482E+00  0.150054255701837E+00  0.585711978527199E+00 
 0.485178008456435E+00  0.120839977285034E+00  0.584419655146195E+00 
 0.491638589362181E+00  0.910576600290446E-01  0.583048774775616E+00 
 0.496279835062762E+00  0.608795968291314E-01  0.581581423329152E+00 
 0.499070643376644E+00  0.304711817890675E-01  0.579998716701327E+00 
 0.323311609410377E+00  0.381404776085030E+00  0.583230598783618E+00 
 0.337588445168891E+00  0.368827929648028E+00  0.579146353307253E+00 
 0.352310010286045E+00  0.354792413464898E+00  0.575125643002989E+00 
 0.367597641853144E+00  0.338927682115237E+00  0.571496093049853E+00 
 0.383293267751919E+00  0.321070507670910E+00  0.568334524277186E+00 
 0.399093909741168E+00  0.301204334642628E+00  0.565656953676156E+00 
 0.414623572567573E+00  0.279441036841947E+00  0.563415096280753E+00 
 0.426752221523410E+00  0.260542782331108E+00  0.228637025973281E-01 
 0.429526573159757E+00  0.255943202585331E+00  0.561536305905933E+00 
 0.443485636205037E+00  0.230912300408214E+00  0.559933495859395E+00 
 0.456237690862779E+00  0.204565807104216E+00  0.558510389447987E+00 
 0.467575948958314E+00  0.177123493517184E+00  0.557170502963500E+00 
 0.477347208491188E+00  0.148793960044318E+00  0.555834508674128E+00 
 0.485444788507070E+00  0.119763756250907E+00  0.554442487074495E+00 
 0.491794917734658E+00  0.902095277138784E-01  0.552959330357260E+00 
 0.496351511104023E+00  0.602924325662283E-01  0.551354621081794E+00 
 0.499088740954333E+00  0.301733102694929E-01  0.549622579065026E+00 
 0.323365333451251E+00  0.381359228447354E+00  0.556311976630946E+00 
 0.337841245582792E+00  0.368596381945167E+00  0.550770736271524E+00 
 0.352754762774186E+00  0.354350218484662E+00  0.546199887317952E+00 
 0.368189410350290E+00  0.338284729341875E+00  0.542317812108346E+00 
 0.383977015501229E+00  0.320252480968952E+00  0.539017997426470E+00 
 0.399821003666812E+00  0.300238513563571E+00  0.536245350807361E+00 
 0.415349940690347E+00  0.278360246386810E+00  0.533924960125537E+00 
 0.430212303167191E+00  0.254788881632580E+00  0.531974143538192E+00 
 0.444099468299633E+00  0.229729541539575E+00  0.530297534402393E+00 
 0.456757972027101E+00  0.203401462604598E+00  0.528798587501699E+00 
 0.467991201042509E+00  0.176023395452961E+00  0.527384477264213E+00 
 0.477656687706268E+00  0.147797458332263E+00  0.525972809274417E+00 
 0.485654339315702E+00  0.118911154665277E+00  0.524501369108617E+00 
 0.491918838285681E+00  0.895313159719340E-01  0.522916010671545E+00 
 0.496408659670845E+00  0.598200852874262E-01  0.521181882181617E+00 
 0.499103565747342E+00  0.299270890380079E-01  0.519278574606251E+00 
 0.323385200102021E+00  0.381342382059713E+00  0.526691057113273E+00 
 0.338058231337713E+00  0.368397383574880E+00  0.521182552484372E+00 
 0.353127343618027E+00  0.353978924781230E+00  0.516667404426610E+00 
 0.368674814731607E+00  0.337755652776701E+00  0.512793381936997E+00 
 0.384537330207077E+00  0.319579476307871E+00  0.509474304336932E+00 
 0.400421477224740E+00  0.299437206400870E+00  0.506672818043522E+00 
 0.415955167972893E+00  0.277455038225371E+00  0.504322848349336E+00 
 0.430790274027504E+00  0.253810440690110E+00  0.502338689533446E+00 
 0.444622478143552E+00  0.228715657377205E+00  0.500626379993927E+00 
 0.457206253048243E+00  0.202391803622544E+00  0.499088122381688E+00 
 0.468353758228421E+00  0.175056439908145E+00  0.497629680800538E+00 
 0.477929456519761E+00  0.146913017090815E+00  0.496169630502160E+00 
 0.485841956206079E+00  0.118142259965901E+00  0.494634055990624E+00 
 0.492030913072063E+00  0.889133318545195E-01  0.492962357200808E+00 
 0.455015125460057E+00  0.207270923196111E+00  0.276020164036783E-01 
 0.462903924688194E+00  0.188997239419698E+00  0.516068109453746E-01 
 0.469203954495080E+00  0.172764721763960E+00  0.763839945541417E-01 
 0.475103906191367E+00  0.155808466784397E+00  0.101026007575890E+00 
 0.481163901890143E+00  0.135945943366665E+00  0.124484486158301E+00 
 0.486370556915732E+00  0.115946890279474E+00  0.147239920043456E+00 
 0.490818333847960E+00  0.953800983366675E-01  0.169179717815780E+00 
 0.494565717489015E+00  0.735170122119750E-01  0.189705712795044E+00 
 0.497420187664349E+00  0.507262940097521E-01  0.208702427358521E+00 
 0.499137390838713E+00  0.293575384990296E-01  0.226649006200853E+00 
 0.499807959457331E+00  0.138565386406347E-01  0.240779856057354E+00 
 0.496461619455376E+00  0.593789559334411E-01  0.491093842981439E+00 
 0.499117597431962E+00  0.296921527300669E-01  0.488987026084032E+00 
 0.323646966425749E+00  0.381120244966611E+00  0.495093905463691E+00 
 0.338394964339591E+00  0.368088098299316E+00  0.490860505748385E+00 
 0.353532685717507E+00  0.353574094256588E+00  0.486761409939834E+00 
 0.369146255390009E+00  0.337240332895599E+00  0.483038736890909E+00 
 0.385070880693070E+00  0.318936383691581E+00  0.479777712734667E+00 
 0.400995039850159E+00  0.298668675986567E+00  0.477004925864134E+00 
 0.416540456910084E+00  0.276575573319732E+00  0.474667744023660E+00 
 0.431355480682411E+00  0.252848668743276E+00  0.472689522372319E+00 
 0.445140638013188E+00  0.227705538775876E+00  0.470975935345916E+00 
 0.457656540266149E+00  0.201371525175777E+00  0.469429599316380E+00 
 0.468722456178473E+00  0.174066823588011E+00  0.467955532398056E+00 
 0.478211327922106E+00  0.145992896563413E+00  0.466467397767419E+00 
 0.486037890312734E+00  0.117333580787202E+00  0.464890966443293E+00 
 0.492150180741265E+00  0.882507767463857E-01  0.463146592031539E+00 
 0.496518595133556E+00  0.589006340084691E-01  0.461151970089820E+00 
 0.499133032654542E+00  0.294315428253395E-01  0.458813887698314E+00 
 0.323838382606563E+00  0.380957611750658E+00  0.464873580600528E+00 
 0.338703975260844E+00  0.367803775323883E+00  0.460806526117104E+00 
 0.353939479078202E+00  0.353166880029613E+00  0.456827882847295E+00 
 0.369649079851632E+00  0.336689111443839E+00  0.453193579173334E+00 
 0.385656070009881E+00  0.318228527420993E+00  0.450015146331151E+00 
 0.401636331088110E+00  0.297805737940158E+00  0.447308469180240E+00 
 0.417200926454853E+00  0.275578277382692E+00  0.445023016940947E+00 
 0.431998850431082E+00  0.251747876309263E+00  0.443084205991835E+00 
 0.445735009951404E+00  0.226539843964857E+00  0.441403439864790E+00 
 0.458177673256235E+00  0.200182965632701E+00  0.439879393315315E+00 
 0.469153821190928E+00  0.172900815677516E+00  0.438412267246443E+00 
 0.478543662089566E+00  0.144899839454386E+00  0.436918788558419E+00 
 0.486271715853732E+00  0.116360725163897E+00  0.435322134011825E+00 
 0.440356811545243E+00  0.236824573314738E+00  0.320744223892239E-01 
 0.426431298127473E+00  0.261067707649411E+00  0.494005596506792E-01 
 0.413193971826625E+00  0.281550602283387E+00  0.660959319420485E-01 
 0.401623151289900E+00  0.297823512080510E+00  0.877016306603970E-01 
 0.390141027739244E+00  0.312713892359401E+00  0.109860399473577E+00 
 0.378846278071483E+00  0.326305834442758E+00  0.132514537006401E+00 
 0.367062411828455E+00  0.339507269175018E+00  0.153679376504600E+00 
 0.354144684156232E+00  0.352961106474754E+00  0.171342992916418E+00 
 0.341935880254955E+00  0.364801115396142E+00  0.190321739573617E+00 
 0.330015453449093E+00  0.375619222730666E+00  0.215235711814703E+00 
 0.492293362311976E+00  0.874485301395632E-01  0.433536754791593E+00 
 0.496587750780840E+00  0.583147131899483E-01  0.431441008657597E+00 
 0.499151698736797E+00  0.291132555405578E-01  0.428888933144602E+00 
 0.323984689167697E+00  0.380833193386437E+00  0.435431212451334E+00 
 0.338998354866601E+00  0.367532468494606E+00  0.430936733202929E+00 
 0.354394884871994E+00  0.352709888685540E+00  0.426873437410750E+00 
 0.370255964362113E+00  0.336021607719327E+00  0.423316234085556E+00 
 0.386386507220894E+00  0.317341246984437E+00  0.420255474408479E+00 
 0.402443240965175E+00  0.296714404438756E+00  0.417654084983787E+00 
 0.418032556167429E+00  0.274315114392419E+00  0.415448665603026E+00 
 0.432807248737201E+00  0.250355518094839E+00  0.413582198768743E+00 
 0.446482854717356E+00  0.225062347902622E+00  0.411970286707923E+00 
 0.458835646584529E+00  0.198670202655953E+00  0.410499277955938E+00 
 0.469700189707995E+00  0.171411002529807E+00  0.409058937816797E+00 
 0.478966907592830E+00  0.143494604187619E+00  0.407572676439199E+00 
 0.486570507217722E+00  0.115104915211682E+00  0.405985193093954E+00 
 0.492477900843821E+00  0.864032243638186E-01  0.404205134324705E+00 
 0.496677097222595E+00  0.575487714424612E-01  0.402070963525782E+00 
 0.499175631946796E+00  0.286999733539336E-01  0.399389536335840E+00 
 0.324108944499279E+00  0.380727451197787E+00  0.405552911169798E+00 
 0.339360805392785E+00  0.367197826468458E+00  0.400766599798014E+00 
 0.355004072983166E+00  0.352096731261968E+00  0.396785186104076E+00 
 0.371082484982861E+00  0.335108623193950E+00  0.393435004717092E+00 
 0.387375687975416E+00  0.316133004233302E+00  0.390579959156327E+00 
 0.403522877784190E+00  0.295244453131241E+00  0.388113706463497E+00 
 0.419128903841356E+00  0.272637051709307E+00  0.386001228027317E+00 
 0.433864103971781E+00  0.248519494778103E+00  0.384238627720039E+00 
 0.447457282898963E+00  0.223118757572459E+00  0.382747647872795E+00 
 0.459692012446172E+00  0.196680587992786E+00  0.381365860278176E+00 
 0.470410822911123E+00  0.169451048058370E+00  0.379955883306106E+00 
 0.479517206921191E+00  0.141644796115142E+00  0.378474542119068E+00 
 0.486961336912779E+00  0.113440100282570E+00  0.376924510347472E+00 
 0.492721377004275E+00  0.850037919331306E-01  0.375235195821637E+00 
 0.473131950877404E+00  0.161697733623392E+00  0.502213747975565E-01 
 0.478436372674882E+00  0.145253699786618E+00  0.746075690483439E-01 
 0.483435492106026E+00  0.127632773895285E+00  0.982882672456138E-01 
 0.488011672308632E+00  0.108832934769455E+00  0.121167651771394E+00 
 0.491895534690666E+00  0.896592602656519E-01  0.143170677298202E+00 
 0.494999306513913E+00  0.705385465596348E-01  0.163972393839731E+00 
 0.497621444549001E+00  0.487124001150185E-01  0.182363683616225E+00 
 0.499345403080910E+00  0.255767164030706E-01  0.201045831725715E+00 
 0.496796924282687E+00  0.565050088333986E-01  0.373144641056907E+00 
 0.499208012622514E+00  0.281311239284846E-01  0.370425886707028E+00 
 0.324385803053906E+00  0.380491590941340E+00  0.374266091078509E+00 
 0.339967330732412E+00  0.366636351218314E+00  0.370058071669898E+00 
 0.355930500866528E+00  0.351160189305255E+00  0.366557740346442E+00 
 0.372273234522426E+00  0.333785318518072E+00  0.363666814556740E+00 
 0.388755361355773E+00  0.314434840654058E+00  0.361121373477177E+00 
 0.404980148291570E+00  0.293242356234119E+00  0.358761792372253E+00 
 0.420574664021326E+00  0.270401464462285E+00  0.356706404284228E+00 
 0.435245718276252E+00  0.246091781094351E+00  0.355102829463935E+00 
 0.448727780789429E+00  0.220552439904423E+00  0.353832256035483E+00 
 0.460802938222092E+00  0.194063526006014E+00  0.352581390920716E+00 
 0.471325711763379E+00  0.166889404788751E+00  0.351164121225125E+00 
 0.480225055210346E+00  0.139226062029421E+00  0.349636431566759E+00 
 0.487469588117687E+00  0.111235788577117E+00  0.348160179547145E+00 
 0.493044050165472E+00  0.831117596759176E-01  0.346734329190584E+00 
 0.496959316404401E+00  0.550584947021828E-01  0.344775174956391E+00 
 0.499252360665432E+00  0.273327709900360E-01  0.341980252191904E+00 
 0.324907076510081E+00  0.380046565086006E+00  0.342376908845267E+00 
 0.340966720953634E+00  0.365707116696034E+00  0.339176332368657E+00 
 0.357343671180410E+00  0.349722033431277E+00  0.336365167931810E+00 
 0.373992097074668E+00  0.331858269937170E+00  0.334308301169552E+00 
 0.390662816395044E+00  0.312061794980244E+00  0.332114561983109E+00 
 0.406887045899876E+00  0.290590660343502E+00  0.329602068348399E+00 
 0.422426507330764E+00  0.267499244679928E+00  0.327501400751166E+00 
 0.437030631342237E+00  0.242907857568679E+00  0.326226589773257E+00 
 0.450366036220548E+00  0.217187553554507E+00  0.325396860743510E+00 
 0.462212405888405E+00  0.190682174947875E+00  0.324297220246870E+00 
 0.472463241849218E+00  0.163641330663520E+00  0.322714641030630E+00 
 0.481106080811257E+00  0.136150427859894E+00  0.320987676154165E+00 
 0.488125748349787E+00  0.108320144931405E+00  0.319631285911518E+00 
 0.493473386789239E+00  0.805233912025449E-01  0.318948825829973E+00 
 0.467161952551432E+00  0.178212541894035E+00  0.255130533724194E-01 
 0.497177941169239E+00  0.530480425154122E-01  0.317150675759650E+00 
 0.499308193607773E+00  0.262931130933993E-01  0.313957740806692E+00 
 0.325764238990813E+00  0.379312088648301E+00  0.311307904031884E+00 
 0.342505074406808E+00  0.364266762147724E+00  0.308568353243801E+00 
 0.359495591837144E+00  0.347509596197950E+00  0.306115575437132E+00 
 0.376501108137234E+00  0.329008990107314E+00  0.306154822734033E+00 
 0.393206728007626E+00  0.308850237250252E+00  0.303857486056489E+00 
 0.409143674630874E+00  0.287404685956136E+00  0.300240966791963E+00 
 0.424730020211396E+00  0.263826476933660E+00  0.298171617299037E+00 
 0.439354579202187E+00  0.238678766827026E+00  0.297754493965881E+00 
 0.452458877963640E+00  0.212793241790908E+00  0.297811816604457E+00 
 0.463927230938056E+00  0.186471242807431E+00  0.296713614044609E+00 
 0.473778588261144E+00  0.159793145363865E+00  0.294517088634464E+00 
 0.482144942187936E+00  0.132424524626640E+00  0.292256106860421E+00 
 0.488997015138594E+00  0.104316437753340E+00  0.291016947626107E+00 
 0.494072301068717E+00  0.767630205024759E-01  0.292661037188851E+00 
 0.497456962805249E+00  0.503643738825056E-01  0.290535480179659E+00 
 0.499355093807909E+00  0.253868132717363E-01  0.285965989670319E+00 
 0.330042532844538E+00  0.375595429303342E+00  0.253126415156332E+00 
 0.345805361233023E+00  0.361135226947606E+00  0.247279158696683E+00 
 0.361043678439653E+00  0.345900942841682E+00  0.241871402455309E+00 
 0.377711739813887E+00  0.327618439051843E+00  0.253207899806107E+00 
 0.396395207358870E+00  0.304747173215632E+00  0.244735109826855E+00 
 0.326967468924087E+00  0.378275394739568E+00  0.281926566955964E+00 
 0.344745489069929E+00  0.362147135520821E+00  0.278055632399007E+00 
 0.363112209066779E+00  0.343728851897311E+00  0.273562585731536E+00 
 0.380919911480328E+00  0.323882727291560E+00  0.282059639292178E+00 
 0.395339588227491E+00  0.306115354041769E+00  0.274872273239812E+00 
 0.411419055370686E+00  0.284137925799940E+00  0.269487139517813E+00 
 0.427732353656354E+00  0.258930557554715E+00  0.268563063224392E+00 
 0.442559804068914E+00  0.232681799508437E+00  0.270163812789522E+00 
 0.455094680756616E+00  0.207096189117602E+00  0.271882463461203E+00 
 0.465814502186427E+00  0.181705392195198E+00  0.269888803745550E+00 
 0.475051240248763E+00  0.155968968510124E+00  0.266121899109077E+00 
 0.483238198622715E+00  0.128377737134884E+00  0.262870035224973E+00 
 0.490349749383908E+00  0.977605405014654E-01  0.260750606819664E+00 
 0.495077746679387E+00  0.699858895982665E-01  0.270583377122287E+00 
 0.497590709168717E+00  0.490253623033319E-01  0.263590232471526E+00 
 0.499325817310585E+00  0.259562741377979E-01  0.256569072332065E+00 
 0.499548629663041E+00  0.212406827050831E-01  0.229977858969379E-01 
 0.477190122448155E+00  0.149296975983825E+00  0.247382728343782E-01 
 0.481746029681322E+00  0.133868453663596E+00  0.490999758703164E-01 
 0.485977857272190E+00  0.117581980937263E+00  0.729299882792714E-01 
 0.489873214291765E+00  0.100121096275735E+00  0.960610577407636E-01 
 0.493257550250256E+00  0.818351337819934E-01  0.118423472229943E+00 
 0.495935343360371E+00  0.636249574147670E-01  0.139713760430485E+00 
 0.497667150736364E+00  0.482432075835424E-01  0.158930183104351E+00 
 0.499429349346783E+00  0.238814784100410E-01  0.169871833499459E+00 
 0.499288581556438E+00  0.266629392108182E-01  0.476617188010040E-01 
 0.497987293400591E+00  0.448180277517098E-01  0.237554184393620E-01 
 0.499554730334003E+00  0.210967154060063E-01  0.930337562430943E-01 
 0.498746750581948E+00  0.353790726835472E-01  0.708011908106940E-01 
 0.497141429383276E+00  0.533891298932031E-01  0.474837247932121E-01 
 0.495156463598753E+00  0.694267711792575E-01  0.239834694630003E-01 
 0.499288076571683E+00  0.266723938436224E-01  0.116082232611530E+00 
 0.497882727259230E+00  0.459650943315787E-01  0.936248221510180E-01 
 0.496004552616476E+00  0.630831497606916E-01  0.708774406687988E-01 
 0.493598260356301E+00  0.797543564530085E-01  0.477490359056110E-01 
 0.491003469044260E+00  0.944224199356440E-01  0.241378796507313E-01 
 0.498746043892665E+00  0.353890336321223E-01  0.139952451022825E+00 
 0.497019029695502E+00  0.545168241971352E-01  0.116866297800974E+00 
 0.494663379108650E+00  0.728569925869304E-01  0.944808344641044E-01 
 0.491790646955557E+00  0.902328075980959E-01  0.716666055660263E-01 
 0.488536814325353E+00  0.106450838647876E+00  0.482783893788343E-01 
 0.485132523405251E+00  0.121022455496712E+00  0.242811243777754E-01 
 0.309000013489276E+00  0.339411260931015E+00  0.204470794971827E-01 
 0.309000013489276E+00  0.339411260931015E+00  0.538935563877065E-01 
 0.309000013489276E+00  0.339411260931015E+00  0.835890995514492E-01 
 0.309000013489276E+00  0.339411260931015E+00  0.117630429472225E+00 
 0.309000013489276E+00  0.339411260931015E+00  0.153143652853712E+00 
 0.309000013489276E+00  0.339411260931015E+00  0.183113423116706E+00 
 0.309000013489276E+00  0.339411260931015E+00  0.210445981250311E+00 
 0.309000013489276E+00  0.339411260931015E+00  0.240048880789226E+00 
 0.309000013489276E+00  0.339411260931015E+00  0.267039525989061E+00 
 0.309000013489276E+00  0.339411260931015E+00  0.294994710192032E+00 
 0.309000013489276E+00  0.339411260931015E+00  0.328270210843972E+00 
 0.309000013489276E+00  0.339411260931015E+00  0.367197813974581E+00 
 0.309000013489276E+00  0.339411260931015E+00  0.402509208131270E+00 
 0.309000013489276E+00  0.339411260931015E+00  0.429008028559573E+00 
 0.309000013489276E+00  0.339411260931015E+00  0.452430931394209E+00 
 0.309000013489276E+00  0.339411260931015E+00  0.479942439591350E+00 
 0.309000013489276E+00  0.339411260931015E+00  0.510329302427948E+00 
 0.309000013489276E+00  0.339411260931015E+00  0.537317322484599E+00 
 0.309000013489276E+00  0.339411260931015E+00  0.563162158255825E+00 
 0.309000013489276E+00  0.339411260931015E+00  0.591577139660983E+00 
 0.309000013489276E+00  0.339411260931015E+00  0.622847531168114E+00 
 0.309000013489276E+00  0.339411260931015E+00  0.656551345068892E+00 
 0.309000013489276E+00  0.339411260931015E+00  0.688215804311191E+00 
 0.309000013489276E+00  0.339411260931015E+00  0.719346864961818E+00 
 0.309000013489276E+00  0.339411260931015E+00  0.751376408483536E+00 
 0.309000013489276E+00  0.339411260931015E+00  0.787411821600389E+00 
 0.309000013489276E+00  0.339411260931015E+00  0.824135066603745E+00 
 0.309000013489276E+00  0.339411260931015E+00  0.856151679623865E+00 
 0.309000013489276E+00  0.339411260931015E+00  0.885504473378170E+00 
 0.309000013489276E+00  0.339411260931015E+00  0.912873029893204E+00 
 0.309000013489276E+00  0.339411260931015E+00  0.937981771842087E+00 
 0.309000013489276E+00  0.339411260931015E+00  0.960935340100263E+00 
 0.309000013489276E+00  0.339411260931015E+00  0.983056218716815E+00 
 0.309000013489276E+00  0.351448601533210E+00  0.660469618755404E-01 
 0.309000013489276E+00  0.351747205088580E+00  0.259911908133235E+00 
 0.309000013489276E+00  0.351170199169342E+00  0.281354766010670E+00 
 0.309000013489276E+00  0.352139697970796E+00  0.421528708871611E+00 
 0.309000013489276E+00  0.351594130604157E+00  0.441781491602533E+00 
 0.309000013489276E+00  0.351823992002763E+00  0.530583063141816E+00 
 0.309000013489276E+00  0.352813927083812E+00  0.554745361062019E+00 
 0.309000013489276E+00  0.351334635718712E+00  0.578949386375935E+00 
 0.309000013489276E+00  0.351642790450233E+00  0.928866079188520E+00 
 0.309000013489276E+00  0.352520317281294E+00  0.950802094958913E+00 
 0.309000013489276E+00  0.350266540260344E+00  0.972033328541029E+00 
 0.309000013489276E+00  0.363394627815787E+00  0.969056453572982E+00 
 0.309000013489276E+00  0.377444964895280E+00  0.960683756425579E+00 
 0.309000013489276E+00  0.381913827413366E+00  0.982265922015975E+00 
 0.309000013489276E+00  0.366152749958102E+00  0.937965780638458E+00 
 0.309000013489276E+00  0.380954143225529E+00  0.934946579814973E+00 
 0.309000013489276E+00  0.374661766517577E+00  0.916391559774287E+00 
 0.309000013489276E+00  0.358056938253158E+00  0.906371166626956E+00 
 0.309000013489276E+00  0.375522903945908E+00  0.891778655756216E+00 
 0.309000013489276E+00  0.357369544484505E+00  0.841535375736606E+00 
 0.309000013489276E+00  0.357453156719700E+00  0.873357408476258E+00 
 0.309000013489276E+00  0.375287876914743E+00  0.860302190638463E+00 
 0.309000013489276E+00  0.375273161544045E+00  0.826878541354112E+00 
 0.309000013489276E+00  0.357106461259722E+00  0.773684420371945E+00 
 0.309000013489276E+00  0.357242708287200E+00  0.807771515697453E+00 
 0.309000013489276E+00  0.375145454440189E+00  0.792869016834244E+00 
 0.309000013489276E+00  0.374951295275068E+00  0.761693900177305E+00 
 0.309000013489276E+00  0.357131626607543E+00  0.711364624939139E+00 
 0.309000013489276E+00  0.357109344497088E+00  0.741663294706918E+00 
 0.309000013489276E+00  0.375970624672786E+00  0.253702963227162E-01 
 0.309000013489276E+00  0.374977306978981E+00  0.732899890289161E+00 
 0.309000013489276E+00  0.374996350394672E+00  0.704548378183553E+00 
 0.309000013489276E+00  0.357045156261156E+00  0.649391728018070E+00 
 0.309000013489276E+00  0.357146848084793E+00  0.681062026543086E+00 
 0.309000013489276E+00  0.375004766189712E+00  0.675372215588873E+00 
 0.309000013489276E+00  0.374788936818925E+00  0.644806534877806E+00 
 0.309000013489276E+00  0.356567942369374E+00  0.610369033982363E+00 
 0.309000013489276E+00  0.374943328927947E+00  0.613623296606013E+00 
 0.309000013489276E+00  0.360031831846781E+00  0.232635404324812E-01 
 0.309000013489276E+00  0.351808103713338E+00  0.439533829923634E-01 
 0.309000013489276E+00  0.365937108692191E+00  0.578723487631491E+00 
 0.309000013489276E+00  0.380615615393628E+00  0.591335602294084E+00 
 0.309000013489276E+00  0.365462824132385E+00  0.544072200427005E+00 
 0.309000013489276E+00  0.379136899790563E+00  0.561872835060117E+00 
 0.309000013489276E+00  0.376449791319803E+00  0.530535762813820E+00 
 0.309000013489276E+00  0.359656848059789E+00  0.510930372733819E+00 
 0.309000013489276E+00  0.376232843584679E+00  0.503085086244320E+00 
 0.309000013489276E+00  0.357151564765857E+00  0.469342632457126E+00 
 0.309000013489276E+00  0.375636764041098E+00  0.470840779365296E+00 
 0.309000013489276E+00  0.366363022792233E+00  0.439251950901590E+00 
 0.309000013489276E+00  0.380154987092375E+00  0.558638497781359E-01 
 0.309000013489276E+00  0.365821118675124E+00  0.557764026431052E-01 
 0.309000013489276E+00  0.381021633805071E+00  0.448225614705006E+00 
 0.309000013489276E+00  0.378299086878712E+00  0.422178757624457E+00 
 0.309000013489276E+00  0.360226752172388E+00  0.400783472754759E+00 
 0.309000013489276E+00  0.376110668682612E+00  0.388175131731778E+00 
 0.309000013489276E+00  0.357280563714373E+00  0.358558686952782E+00 
 0.309000013489276E+00  0.375005329026712E+00  0.350977968982859E+00 
 0.309000013489276E+00  0.356931628204003E+00  0.313012372002511E+00 
 0.309000013489276E+00  0.375302152860468E+00  0.313705085471832E+00 
 0.309000013489276E+00  0.376398270067188E+00  0.874590777448190E-01 
 0.309000013489276E+00  0.358230433089836E+00  0.954644106438423E-01 
 0.309000013489276E+00  0.365513343119879E+00  0.276752621236512E+00 
 0.309000013489276E+00  0.380008429616918E+00  0.283255006343722E+00 
 0.309000013489276E+00  0.375825622108001E+00  0.255543771203220E+00 
 0.309000013489276E+00  0.357760402617243E+00  0.202331729873023E+00 
 0.309000013489276E+00  0.359538629593140E+00  0.238382141651569E+00 
 0.309000013489276E+00  0.376188182227792E+00  0.226250087301138E+00 
 0.309000013489276E+00  0.375503926153690E+00  0.191210099047568E+00 
 0.309000013489276E+00  0.357233045356530E+00  0.137602447141352E+00 
 0.309000013489276E+00  0.357437699684568E+00  0.170880560859155E+00 
 0.309000013489276E+00  0.375208686644023E+00  0.158102443133371E+00 
 0.309000013489276E+00  0.375218520043552E+00  0.123583525061071E+00 
 0.459000013489286E+00  0.520417042793042E-16  0.193847883217062E-01 
 0.459000013489286E+00  0.520417042793042E-16  0.454323007911626E-01 
 0.459000013489286E+00 -0.589805981832114E-16  0.746633967702690E-01 
 0.459000013489286E+00  0.520417042793042E-16  0.105509075344062E+00 
 0.459000013489286E+00  0.520417042793042E-16  0.134489337560561E+00 
 0.459000013489286E+00 -0.589805981832114E-16  0.163835210342305E+00 
 0.459000013489286E+00  0.520417042793042E-16  0.193690118223983E+00 
 0.459000013489286E+00  0.520417042793042E-16  0.223732359980979E+00 
 0.459000013489286E+00 -0.589805981832114E-16  0.253464583141480E+00 
 0.459000013489286E+00  0.520417042793042E-16  0.282939628292160E+00 
 0.459000013489286E+00  0.520417042793042E-16  0.312014434710726E+00 
 0.459000013489286E+00 -0.589805981832114E-16  0.340397727629486E+00 
 0.459000013489286E+00  0.520417042793042E-16  0.366238230732740E+00 
 0.459000013489286E+00  0.520417042793042E-16  0.391769174276390E+00 
 0.459000013489286E+00 -0.589805981832114E-16  0.425039584076117E+00 
 0.459000013489286E+00  0.520417042793042E-16  0.456926234688849E+00 
 0.459000013489286E+00  0.520417042793042E-16  0.488429067967429E+00 
 0.459000013489286E+00 -0.589805981832114E-16  0.519533453984398E+00 
 0.459000013489286E+00  0.520417042793042E-16  0.550141698483849E+00 
 0.459000013489286E+00  0.520417042793042E-16  0.580471871772266E+00 
 0.459000013489286E+00 -0.589805981832114E-16  0.610804665460255E+00 
 0.459000013489286E+00  0.520417042793042E-16  0.640964448301964E+00 
 0.459000013489286E+00  0.520417042793042E-16  0.672418760188481E+00 
 0.459000013489286E+00 -0.589805981832114E-16  0.703672805322751E+00 
 0.459000013489286E+00  0.520417042793042E-16  0.735270893578649E+00 
 0.459000013489286E+00  0.520417042793042E-16  0.766514711793736E+00 
 0.459000013489286E+00 -0.589805981832114E-16  0.795091585135968E+00 
 0.459000013489286E+00  0.520417042793042E-16  0.825169216710335E+00 
 0.459000013489286E+00  0.520417042793042E-16  0.854983896372888E+00 
 0.459000013489286E+00 -0.589805981832114E-16  0.886720709297470E+00 
 0.459000013489286E+00  0.520417042793042E-16  0.917899050894124E+00 
 0.459000013489286E+00  0.520417042793042E-16  0.945116575421412E+00 
 0.459000013489286E+00 -0.589805981832114E-16  0.977134125520807E+00 
 0.430356442766264E+00  0.159606843690115E+00  0.897500475821727E+00 
 0.423934105280808E+00  0.175957059429041E+00  0.872223839421650E+00 
 0.417602271235256E+00  0.190497652065089E+00  0.900619517215114E+00 
 0.418205557643674E+00  0.189169563987180E+00  0.107750681545357E+00 
 0.411077849110475E+00  0.204196019436870E+00  0.828707829180346E-01 
 0.424492991448783E+00  0.174604446088917E+00  0.791690950499997E-01 
 0.455598418065777E+00  0.557771802721944E-01  0.821015044332586E+00 
 0.452102297398558E+00  0.792749965001743E-01  0.812378742105215E+00 
 0.450820035664599E+00  0.862688114356830E-01  0.841891712877652E+00 
 0.446465602642560E+00  0.106533929056286E+00  0.816484699984173E+00 
 0.445777918371088E+00  0.109375773715633E+00  0.871198658614969E+00 
 0.442021430093657E+00  0.123685357747434E+00  0.844442722952448E+00 
 0.437683013868273E+00  0.138255530646473E+00  0.818124784054499E+00 
 0.440732112478242E+00  0.128203812008921E+00  0.897273419250476E+00 
 0.436283081527418E+00  0.142611658555997E+00  0.871457278599295E+00 
 0.431423190906851E+00  0.156700487334609E+00  0.845821900581140E+00 
 0.427509796129979E+00  0.167081975676784E+00  0.820926181804901E+00 
 0.431111105914007E+00  0.157557058682734E+00  0.943424233670579E+00 
 0.421411692005073E+00  0.181915360056750E+00  0.950595175640248E+00 
 0.435719306377208E+00  0.144324975085107E+00  0.921733603362529E+00 
 0.425092404977456E+00  0.173140000039380E+00  0.923390712345111E+00 
 0.412705988520939E+00  0.200884990534663E+00  0.929276344781822E+00 
 0.456293017245227E+00  0.497764482099937E-01  0.201246564087151E-01 
 0.458006105510437E+00  0.301897283577397E-01  0.378303073363199E-01 
 0.416639463122539E+00  0.192594314952750E+00  0.843788311567466E+00 
 0.408224898215197E+00  0.209841475548447E+00  0.876228699433576E+00 
 0.402983631599428E+00  0.219738947494737E+00  0.907161787105709E+00 
 0.405308308335389E+00  0.215420954360208E+00  0.825352514030447E+00 
 0.391314045773042E+00  0.239904835224076E+00  0.886556124547421E+00 
 0.393887019823520E+00  0.235656589124309E+00  0.851364179999241E+00 
 0.378506933782171E+00  0.259641124365872E+00  0.871289843699287E+00 
 0.382761903519114E+00  0.253326543413003E+00  0.832400636151010E+00 
 0.372370171152720E+00  0.268368157609743E+00  0.847887292559961E+00 
 0.352874755599696E+00  0.293530951082856E+00  0.835835864816245E+00 
 0.422491660699299E+00  0.179392890111908E+00  0.779552071119169E+00 
 0.411342534725376E+00  0.203662297710843E+00  0.781792092067660E+00 
 0.397397144056212E+00  0.229687880131112E+00  0.783159439609979E+00 
 0.441070901858586E+00  0.127033349624444E+00  0.730548438730687E+00 
 0.388374766109763E+00  0.244634530335240E+00  0.732474985152223E+00 
 0.440301682747790E+00  0.129674363513443E+00  0.668826595574681E+00 
 0.386725364769907E+00  0.247233704471577E+00  0.675310939615045E+00 
 0.440657347813568E+00  0.128460555039533E+00  0.607511229349649E+00 
 0.384598846616425E+00  0.250528919617021E+00  0.615168231441264E+00 
 0.437549159411733E+00  0.138678568932759E+00  0.523485823005159E+00 
 0.382710901550031E+00  0.253403587618483E+00  0.524174604213008E+00 
 0.432611136003627E+00  0.153390408398975E+00  0.467492301111574E+00 
 0.421263838596921E+00  0.182257484547939E+00  0.469805836423647E+00 
 0.409989889324415E+00  0.206371759295964E+00  0.472915654861569E+00 
 0.420300273592175E+00  0.184468675935777E+00  0.365903782952794E+00 
 0.451425580933275E+00  0.830419006418537E-01  0.225187114935451E-01 
 0.454864286918883E+00  0.614775802137024E-01  0.428569074487438E-01 
 0.457561497325360E+00  0.363109976250699E-01  0.604767375646766E-01 
 0.408007978121190E+00  0.210262935803285E+00  0.368139265929273E+00 
 0.392349709398496E+00  0.238207300303902E+00  0.370513454719833E+00 
 0.437932975504980E+00  0.137461708662837E+00  0.289010286892677E+00 
 0.381866892131959E+00  0.254673691371202E+00  0.287047184015663E+00 
 0.435324974053532E+00  0.145510066141294E+00  0.233462795908597E+00 
 0.379883796691320E+00  0.257622424091040E+00  0.225749815900939E+00 
 0.342953384680551E+00  0.305063908581965E+00  0.164311373186197E+00 
 0.358698770452115E+00  0.286384714081065E+00  0.175156166927689E+00 
 0.358196692110483E+00  0.287012442490321E+00  0.146600850220068E+00 
 0.374980529807858E+00  0.264708546609611E+00  0.157093429075660E+00 
 0.372556940804091E+00  0.268108817911405E+00  0.126866671312650E+00 
 0.385440984340109E+00  0.249231338266446E+00  0.104829377558605E+00 
 0.392180196031435E+00  0.238486280997256E+00  0.165422618116271E+00 
 0.389942037766524E+00  0.242128518695440E+00  0.134121449093093E+00 
 0.407080348662932E+00  0.212053300176213E+00  0.172346414385054E+00 
 0.408891056974326E+00  0.208540441904144E+00  0.139771894688624E+00 
 0.402270625374307E+00  0.221041526288890E+00  0.109151998276063E+00 
 0.396234640032412E+00  0.231687553445460E+00  0.818516385547766E-01 
 0.453678129705546E+00  0.696933785236031E-01  0.141172829922094E+00 
 0.447282579990951E+00  0.103050017078081E+00  0.154095765289915E+00 
 0.447227373105212E+00  0.103289346636358E+00  0.124445720025398E+00 
 0.429825715972675E+00  0.161030637680321E+00  0.180810571816656E+00 
 0.437001054069687E+00  0.140396193413975E+00  0.151923349332813E+00 
 0.437513864644271E+00  0.138789879411962E+00  0.122433796452628E+00 
 0.442247527328442E+00  0.122874476418139E+00  0.984042392631339E-01 
 0.421170225124098E+00  0.182473707289768E+00  0.161552668398320E+00 
 0.426648111933551E+00  0.169270201059401E+00  0.131175216545285E+00 
 0.431436241497379E+00  0.156664552167261E+00  0.102061798610615E+00 
 0.436333847515401E+00  0.142456259587141E+00  0.754790821597322E-01 
 0.404629709777061E+00  0.216692894089514E+00  0.606228751371523E-01 
 0.416956853438168E+00  0.191906213432755E+00  0.550953666566825E-01 
 0.429697789185475E+00  0.161371690058289E+00  0.518779804062127E-01 
 0.458390310393337E+00  0.236502795047232E-01  0.925041798402033E+00 
 0.454896973238429E+00  0.612352522789966E-01  0.977988212523068E+00 
 0.444131468254806E+00  0.115880331760758E+00  0.241040418579948E-01 
 0.448953844346001E+00  0.955063245555089E-01  0.465553382336338E-01 
 0.453059311039446E+00  0.736089197286531E-01  0.671351636022618E-01 
 0.456232308018150E+00  0.503298470451396E-01  0.850104217358224E-01 
 0.458041243881712E+00  0.296518344533032E-01  0.101108729372376E+00 
 0.457773700127251E+00  0.335298651198888E-01  0.963155646898136E+00 
 0.457409816331313E+00  0.381742361666537E-01  0.904110568403432E+00 
 0.455937619717942E+00  0.529329699629002E-01  0.928875696692210E+00 
 0.453534952558334E+00  0.706191134967487E-01  0.952744415005157E+00 
 0.450436160881717E+00  0.882512172907318E-01  0.975811716940910E+00 
 0.458369902220894E+00  0.240425689384369E-01  0.855295098161369E+00 
 0.456866260910001E+00  0.442066966111413E-01  0.878007555993257E+00 
 0.454241921659035E+00  0.659188060470114E-01  0.901467070927862E+00 
 0.451251517966691E+00  0.839826167484300E-01  0.925965271312658E+00 
 0.447597511190023E+00  0.101673400452881E+00  0.950068412037253E+00 
 0.443307499376530E+00  0.118993585456026E+00  0.974395473090052E+00 
 0.457906945717675E+00  0.316581971480092E-01  0.829939677282184E+00 
 0.455882498254486E+00  0.534056192586920E-01  0.850127237307531E+00 
 0.452600095921709E+00  0.763817095567793E-01  0.873385034174194E+00 
 0.448689736952354E+00  0.967395076314850E-01  0.898782666397288E+00 
 0.444430197181802E+00  0.114729299728090E+00  0.923627191339061E+00 
 0.439637830145462E+00  0.131907508081013E+00  0.947824089396267E+00 
 0.432084953330439E+00  0.154866411750855E+00  0.971255895243772E+00 
 0.328928472951749E+00  0.320136021192215E+00  0.976412024983580E+00 
 0.368861904066693E+00  0.273170108378363E+00  0.979511012179386E+00 
 0.350944381216595E+00  0.295836193991966E+00  0.971027290325602E+00 
 0.330780817454272E+00  0.318221720169186E+00  0.949687343148934E+00 
 0.382585587665913E+00  0.253592745348686E+00  0.972659721664313E+00 
 0.323679336043074E+00  0.325442314092478E+00  0.895772380257801E+00 
 0.368160626607244E+00  0.274114511471601E+00  0.954437789488314E+00 
 0.351434342607376E+00  0.295253984256390E+00  0.937853298917201E+00 
 0.332189691413084E+00  0.316750724232845E+00  0.919199075890131E+00 
 0.395044644037933E+00  0.233710807623653E+00  0.962067799859039E+00 
 0.383771151327666E+00  0.251794987622458E+00  0.944260517199973E+00 
 0.370087902026727E+00  0.271506827090239E+00  0.925909316118487E+00 
 0.355045319927144E+00  0.290901758641957E+00  0.906909524393984E+00 
 0.340530043825725E+00  0.307766635025958E+00  0.888325145976273E+00 
 0.325525504222032E+00  0.323595671300072E+00  0.871058197496716E+00 
 0.458199515911548E+00  0.270964204568557E-01  0.798602292138833E+00 
 0.455325293369312E+00  0.579645546977276E-01  0.790618265809547E+00 
 0.434437884513895E+00  0.148137560673330E+00  0.254350920828914E-01 
 0.440519136855596E+00  0.128933713384641E+00  0.493347291204801E-01 
 0.445968007827767E+00  0.108598104851266E+00  0.720252301258319E-01 
 0.450710476486388E+00  0.868393848928557E-01  0.938126104689514E-01 
 0.454878229809963E+00  0.613743303679221E-01  0.112178533860299E+00 
 0.457828303109637E+00  0.327758639078061E-01  0.126537789391009E+00 
 0.450401962185913E+00  0.884255892953781E-01  0.789504733326563E+00 
 0.443211070605152E+00  0.119352248726985E+00  0.790354516703775E+00 
 0.432241101637164E+00  0.154430056785082E+00  0.790540923716776E+00 
 0.417520726160701E+00  0.190676311086083E+00  0.807198514323566E+00 
 0.404798278311393E+00  0.216377832180864E+00  0.802078253681294E+00 
 0.391388941291029E+00  0.239782628683241E+00  0.812569321297278E+00 
 0.372255888477336E+00  0.268526657665684E+00  0.817805980326994E+00 
 0.357449841369362E+00  0.287942048489222E+00  0.801675583511272E+00 
 0.334094649329543E+00  0.314740810306705E+00  0.811140550226561E+00 
 0.418031226279667E+00  0.189554494112574E+00  0.976656486903654E+00 
 0.408422091046460E+00  0.209457413161709E+00  0.958305699411237E+00 
 0.398700560152291E+00  0.227417843885231E+00  0.935849455472987E+00 
 0.387071667781226E+00  0.246691176137730E+00  0.915940948913054E+00 
 0.373761859544673E+00  0.266426509065563E+00  0.897016393641002E+00 
 0.359782725517865E+00  0.285021758471329E+00  0.872946527278874E+00 
 0.342053853990605E+00  0.306072170171228E+00  0.861635355891810E+00 
 0.328802656382289E+00  0.320265242477392E+00  0.842256018111779E+00 
 0.378977587210639E+00  0.258953665305508E+00  0.786741077710606E+00 
 0.362831698056470E+00  0.281130167837980E+00  0.774977759766250E+00 
 0.343557917538281E+00  0.304382932635703E+00  0.779085965572158E+00 
 0.432395396692954E+00  0.153997510700322E+00  0.721831920344084E+00 
 0.417394189266932E+00  0.190953143858268E+00  0.728998475305392E+00 
 0.401339131227894E+00  0.222728341547270E+00  0.738334817524167E+00 
 0.458008874757017E+00  0.301476869255899E-01  0.731302353588602E+00 
 0.455364432643244E+00  0.576562734370925E-01  0.724510263205247E+00 
 0.449585209511499E+00  0.924886575297606E-01  0.735829181540529E+00 
 0.457976847078682E+00  0.306303758223911E-01  0.763665741519297E+00 
 0.454309146716469E+00  0.654538890587108E-01  0.758216040900324E+00 
 0.448203143881936E+00  0.989694609336806E-01  0.766667444936916E+00 
 0.441130062780275E+00  0.126827757587301E+00  0.760972178235894E+00 
 0.430077087730959E+00  0.160358071178254E+00  0.753661646820556E+00 
 0.417799328709340E+00  0.190065076521651E+00  0.759497789808666E+00 
 0.406134862886132E+00  0.213858564316748E+00  0.759319968249966E+00 
 0.391539202951140E+00  0.239537189044924E+00  0.759176702198492E+00 
 0.375489077401220E+00  0.263986676056833E+00  0.755291906604866E+00 
 0.357203018560467E+00  0.288248184581347E+00  0.751124345410220E+00 
 0.335469249872887E+00  0.313275269966964E+00  0.751465504969898E+00 
 0.372186322861247E+00  0.268623069482458E+00  0.727475343847705E+00 
 0.353400604772878E+00  0.292897635581641E+00  0.723649316084762E+00 
 0.332226052654944E+00  0.316712586299418E+00  0.721496971014604E+00 
 0.428234710189884E+00  0.165215148735640E+00  0.662355316459545E+00 
 0.414432680961014E+00  0.197298163535860E+00  0.666689754119622E+00 
 0.402286480126733E+00  0.221012669977089E+00  0.683548049915645E+00 
 0.457925808806031E+00  0.313841681822860E-01  0.669400914215038E+00 
 0.455141324072043E+00  0.593918134518895E-01  0.666528538204189E+00 
 0.449375084361621E+00  0.935042562568223E-01  0.675264772272527E+00 
 0.457919675841558E+00  0.314735263406340E-01  0.700156873827679E+00 
 0.454109068761987E+00  0.668278837857192E-01  0.697240022738500E+00 
 0.447542706137486E+00  0.101914368792092E+00  0.708301102213178E+00 
 0.440453807144726E+00  0.129156711613719E+00  0.699881780771465E+00 
 0.429947176988511E+00  0.160706058948512E+00  0.694442081408602E+00 
 0.416478630166666E+00  0.192941864295061E+00  0.693438588746580E+00 
 0.402604153265355E+00  0.220433455166506E+00  0.712740647221252E+00 
 0.405479198337085E+00  0.215099121567412E+00  0.311318909124706E-01 
 0.391593296194451E+00  0.239448747665804E+00  0.541610682429925E-01 
 0.380480063248568E+00  0.256740985924572E+00  0.770170055474860E-01 
 0.368496758536729E+00  0.273662477024302E+00  0.987834477844955E-01 
 0.355552528762788E+00  0.290281607535749E+00  0.118945404384134E+00 
 0.341904152266947E+00  0.306239388462314E+00  0.137235667457371E+00 
 0.328597773623564E+00  0.320475452340408E+00  0.153271624726863E+00 
 0.387362868605853E+00  0.246233670338971E+00  0.704735067161902E+00 
 0.370277170536826E+00  0.271248648590911E+00  0.698915291910592E+00 
 0.351321468160620E+00  0.295388284115362E+00  0.694456672868380E+00 
 0.330804153100398E+00  0.318197461766558E+00  0.690992659122494E+00 
 0.369080787254941E+00  0.272874302312303E+00  0.669437948669285E+00 
 0.350122919735756E+00  0.296807940356825E+00  0.664426590486284E+00 
 0.330055067481601E+00  0.318974395230820E+00  0.660071526805094E+00 
 0.432526064164431E+00  0.153630127909793E+00  0.600256430048334E+00 
 0.418337589421233E+00  0.188877403784540E+00  0.609204925525119E+00 
 0.399609239496434E+00  0.225817333462778E+00  0.622052724372366E+00 
 0.458261961913262E+00  0.260189670540497E-01  0.604448013363773E+00 
 0.454844854706607E+00  0.616211857244097E-01  0.614004709566424E+00 
 0.448485963113774E+00  0.976798509062407E-01  0.611869592603233E+00 
 0.457602309734337E+00  0.357929952498084E-01  0.636941465569653E+00 
 0.453597490857038E+00  0.702162991858438E-01  0.646129638465412E+00 
 0.448338343753380E+00  0.983551823933613E-01  0.642696948572745E+00 
 0.440363119491703E+00  0.129465576021923E+00  0.637244252191987E+00 
 0.430758938500807E+00  0.158517346952348E+00  0.627527773434940E+00 
 0.419723776216473E+00  0.185776651013359E+00  0.641890873690135E+00 
 0.404017143604123E+00  0.217832871847026E+00  0.649636288666360E+00 
 0.385900154000293E+00  0.248519784978393E+00  0.645237693269094E+00 
 0.368088669581668E+00  0.274211129804665E+00  0.639462480372524E+00 
 0.349283014235512E+00  0.297795883701750E+00  0.633996526183279E+00 
 0.329542683561885E+00  0.319503727824862E+00  0.628687927350436E+00 
 0.367164793177814E+00  0.275446958657826E+00  0.609350515449163E+00 
 0.348640148525579E+00  0.298548252748553E+00  0.603619873004478E+00 
 0.329238824519249E+00  0.319816836349082E+00  0.597914860914899E+00 
 0.457878028443255E+00  0.320737190246081E-01  0.578757303253841E+00 
 0.454061801241292E+00  0.671482913905478E-01  0.581058801779291E+00 
 0.447658320448259E+00  0.101405327851149E+00  0.582786186804812E+00 
 0.439677681906086E+00  0.131774612186274E+00  0.579702657971955E+00 
 0.429943089571255E+00  0.160716993852788E+00  0.576365192870316E+00 
 0.422126649619930E+00  0.180250115294854E+00  0.270309377568951E-01 
 0.418607642937360E+00  0.188278128463142E+00  0.574737412507810E+00 
 0.402806142139365E+00  0.220064136646477E+00  0.589297302481337E+00 
 0.383826442889909E+00  0.251710695286544E+00  0.585438521030861E+00 
 0.366390539999749E+00  0.276476010861422E+00  0.579315950068112E+00 
 0.348119944170423E+00  0.299154670453150E+00  0.573622650979760E+00 
 0.328998737084911E+00  0.320063811418420E+00  0.568366311342841E+00 
 0.426164244364980E+00  0.170484747728292E+00  0.521544485010531E+00 
 0.413466186954147E+00  0.199315640702769E+00  0.516237518425094E+00 
 0.398485338293270E+00  0.227794748728886E+00  0.533786304788080E+00 
 0.457748982443471E+00  0.338656382653534E-01  0.518185034510541E+00 
 0.454524358228001E+00  0.639423190115954E-01  0.514422985596894E+00 
 0.447663535032891E+00  0.101382305088268E+00  0.525727712806973E+00 
 0.457681960634076E+00  0.347596791311566E-01  0.549148528793421E+00 
 0.453112212702735E+00  0.732825701158768E-01  0.548155852535970E+00 
 0.445858221446416E+00  0.109047965372091E+00  0.557770035710183E+00 
 0.438356653151451E+00  0.136104581190387E+00  0.552115438485423E+00 
 0.427732367016036E+00  0.166511364747314E+00  0.549456713335853E+00 
 0.412597782031062E+00  0.201107142205853E+00  0.549265532516493E+00 
 0.396586517719018E+00  0.231084716817579E+00  0.563259892209088E+00 
 0.382428289308931E+00  0.253829895637611E+00  0.555459701232172E+00 
 0.365681633944119E+00  0.277412968296567E+00  0.549101215338503E+00 
 0.347575707728118E+00  0.299786823893995E+00  0.544001503417248E+00 
 0.387038431179829E+00  0.246743318395885E+00  0.264725595879220E-01 
 0.375390751367588E+00  0.264126477602743E+00  0.501580494956944E-01 
 0.363588438667567E+00  0.280150780206719E+00  0.721925681338335E-01 
 0.351194539169207E+00  0.295539181904666E+00  0.926171395348939E-01 
 0.338758938872291E+00  0.309715020167365E+00  0.111703451288639E+00 
 0.325036943233983E+00  0.324086405016102E+00  0.129434183472153E+00 
 0.328680928149037E+00  0.320390168161009E+00  0.539961934584355E+00 
 0.365100610738435E+00  0.278177203274413E+00  0.518603260766061E+00 
 0.346711359647225E+00  0.300786046010655E+00  0.514587781438049E+00 
 0.328040225863292E+00  0.321046137803763E+00  0.511792769063307E+00 
 0.457158634968514E+00  0.410730429464237E-01  0.456927424732239E+00 
 0.451164637090176E+00  0.844481060915297E-01  0.463326270295206E+00 
 0.442938319969204E+00  0.120360529601742E+00  0.466690181581099E+00 
 0.457538189610329E+00  0.366035166514876E-01  0.487765797603795E+00 
 0.453007374559174E+00  0.739278768676681E-01  0.489885046291135E+00 
 0.445479768471526E+00  0.110583851740249E+00  0.494934937884203E+00 
 0.435605433041737E+00  0.144668307129355E+00  0.495169881358935E+00 
 0.424721427359327E+00  0.174048043726468E+00  0.494470982556895E+00 
 0.414481262560940E+00  0.197196083554024E+00  0.491191550106515E+00 
 0.400553559297576E+00  0.224138034517127E+00  0.497817451400387E+00 
 0.382311732048985E+00  0.254005417109283E+00  0.490686116769914E+00 
 0.363482005410421E+00  0.280288858369310E+00  0.488352062855757E+00 
 0.344898491651604E+00  0.302863076058471E+00  0.485296529641693E+00 
 0.326764677673662E+00  0.322344315612948E+00  0.483657884232173E+00 
 0.457764733208390E+00  0.336520640348296E-01  0.429500657416580E+00 
 0.454783480747506E+00  0.620725222811160E-01  0.427399172121548E+00 
 0.448403449402535E+00  0.980579366857341E-01  0.439313061117726E+00 
 0.440140744350425E+00  0.130219574357339E+00  0.438081207901468E+00 
 0.427795674160464E+00  0.166348650588898E+00  0.440297103252507E+00 
 0.414935135495982E+00  0.196239256302320E+00  0.450509851027226E+00 
 0.399504440615737E+00  0.226002686513822E+00  0.459555966499469E+00 
 0.379478345682346E+00  0.258219281893016E+00  0.454811337790732E+00 
 0.359314511625254E+00  0.285611789180099E+00  0.461385914325485E+00 
 0.342236335545630E+00  0.305868113760572E+00  0.453771483407807E+00 
 0.323659585230588E+00  0.325461956719240E+00  0.459139193184284E+00 
 0.458101982158673E+00  0.286981937662773E-01  0.405582282930678E+00 
 0.455883424838847E+00  0.533977091302552E-01  0.396211236732144E+00 
 0.449665092872721E+00  0.920994931306507E-01  0.402438450513121E+00 
 0.437396551725565E+00  0.139159149615603E+00  0.409400634381935E+00 
 0.427671556014129E+00  0.166667491010116E+00  0.413337127066797E+00 
 0.413924421436229E+00  0.198362258814119E+00  0.420344172658284E+00 
 0.396219115314144E+00  0.231714101950732E+00  0.431887562478992E+00 
 0.384020607307959E+00  0.251414370205806E+00  0.422312803095730E+00 
 0.369460067335701E+00  0.272360553361629E+00  0.244025582967057E-01 
 0.358139735241981E+00  0.287083511236636E+00  0.468790271494242E-01 
 0.345924721645198E+00  0.301690403125196E+00  0.676113575425278E-01 
 0.333128251826019E+00  0.315763487785545E+00  0.868159912049600E-01 
 0.323049882709616E+00  0.326067149011452E+00  0.105466678002296E+00 
 0.364873265261678E+00  0.278475335856578E+00  0.426981396320940E+00 
 0.346465101160623E+00  0.301069669779123E+00  0.425519054769460E+00 
 0.327653263501518E+00  0.321441054160723E+00  0.427489048292909E+00 
 0.458266041156455E+00  0.259470211381171E-01  0.372816739947491E+00 
 0.455421491255927E+00  0.572038257932418E-01  0.369525059551799E+00 
 0.450987823764201E+00  0.853873245838390E-01  0.367465405903272E+00 
 0.443894801044884E+00  0.116783637503187E+00  0.376106233385708E+00 
 0.429274822753840E+00  0.162493504278824E+00  0.383149962733701E+00 
 0.414576861683217E+00  0.196995020597099E+00  0.389177980622868E+00 
 0.399051581769618E+00  0.226801339216337E+00  0.399953077985547E+00 
 0.381120973522374E+00  0.255788615705456E+00  0.397133731478522E+00 
 0.366743936751625E+00  0.276007060125413E+00  0.397677902245760E+00 
 0.349424503579169E+00  0.297629851798509E+00  0.395435199197627E+00 
 0.330141926091509E+00  0.318884494793555E+00  0.398212963570566E+00 
 0.372289136530015E+00  0.268480560199225E+00  0.370721224289744E+00 
 0.355611038591599E+00  0.290209926802920E+00  0.362010846406800E+00 
 0.333439791642255E+00  0.315434490398120E+00  0.368404901254456E+00 
 0.457968929676210E+00  0.307485257269089E-01  0.341385240691831E+00 
 0.454586904893991E+00  0.634961280871360E-01  0.340812040335833E+00 
 0.448772021649611E+00  0.963570701488813E-01  0.344867540794369E+00 
 0.440361490087496E+00  0.129471118134788E+00  0.348125981424189E+00 
 0.429272470226437E+00  0.162499719042360E+00  0.345143781550700E+00 
 0.416926113736895E+00  0.191972987858723E+00  0.342584053473865E+00 
 0.403072110953189E+00  0.219576605663942E+00  0.343661030532060E+00 
 0.387347308268816E+00  0.246258147398334E+00  0.342948499013896E+00 
 0.369978898696995E+00  0.271655345800726E+00  0.339575243783742E+00 
 0.351274873793703E+00  0.295443692476873E+00  0.335607546247075E+00 
 0.330680213571603E+00  0.318326261460457E+00  0.333821193328419E+00 
 0.428495408848667E+00  0.164537828412700E+00  0.281494011951543E+00 
 0.412702167095924E+00  0.200892841230057E+00  0.287333223710065E+00 
 0.395357938964856E+00  0.233180429025719E+00  0.294537390801350E+00 
 0.457730768238192E+00  0.341109394656198E-01  0.281194568429627E+00 
 0.454376673352366E+00  0.649834678698620E-01  0.277314752049943E+00 
 0.447605377036223E+00  0.101638766380824E+00  0.291676022254252E+00 
 0.457740445655673E+00  0.339808298029732E-01  0.311519010422752E+00 
 0.453260674928229E+00  0.723586411340259E-01  0.310770052937439E+00 
 0.351951852757626E+00  0.294636904890792E+00  0.227914484406611E-01 
 0.340606953778081E+00  0.307681516216310E+00  0.437907816479626E-01 
 0.327253209744081E+00  0.321848332441461E+00  0.631204858855073E-01 
 0.446190402503153E+00  0.107680718316831E+00  0.322511845259311E+00 
 0.438326879033506E+00  0.136200438692020E+00  0.318262923105710E+00 
 0.425978980425481E+00  0.170947128138562E+00  0.312691742990877E+00 
 0.412095578134512E+00  0.202134229820531E+00  0.320011888125925E+00 
 0.399143864667130E+00  0.226638892694404E+00  0.318119183156485E+00 
 0.383821125000808E+00  0.251718804196807E+00  0.315374812393004E+00 
 0.367183434005034E+00  0.275422109089710E+00  0.310694301068296E+00 
 0.348861899736900E+00  0.298289100194949E+00  0.306312552385742E+00 
 0.329300422912020E+00  0.319753411010917E+00  0.301816559759739E+00 
 0.365381373478931E+00  0.277808322945521E+00  0.281552247407306E+00 
 0.347303692299894E+00  0.300101912186530E+00  0.276893801893874E+00 
 0.328434024903464E+00  0.320643265435067E+00  0.272089354159772E+00 
 0.424060277628805E+00  0.175652763486759E+00  0.226985452533824E+00 
 0.413081648124576E+00  0.200111379900897E+00  0.226274033384860E+00 
 0.399086915791234E+00  0.226739158566398E+00  0.230819969038370E+00 
 0.457270812701697E+00  0.398047262807216E-01  0.221621379788161E+00 
 0.452927760542455E+00  0.744140854486126E-01  0.221081413754062E+00 
 0.445614061446080E+00  0.110041449575528E+00  0.235991295330399E+00 
 0.457511079901635E+00  0.369408195685046E-01  0.251537752234566E+00 
 0.452323326261928E+00  0.780039800427015E-01  0.252358465722545E+00 
 0.444706497119906E+00  0.113653613239954E+00  0.266407865379709E+00 
 0.436724194724582E+00  0.141255053450550E+00  0.260494873035317E+00 
 0.425801497373669E+00  0.171388731302543E+00  0.255652239480103E+00 
 0.412755042352524E+00  0.200784181139160E+00  0.251189120154551E+00 
 0.397672846296244E+00  0.229210208546220E+00  0.266888986873258E+00 
 0.381608321559450E+00  0.255060975650402E+00  0.257267873734728E+00 
 0.363949038342623E+00  0.279682158659848E+00  0.252414550900398E+00 
 0.334238347583098E+00  0.314588206053679E+00  0.211400816785402E-01 
 0.323905151103441E+00  0.325217566364134E+00  0.401891365973936E-01 
 0.345752227991157E+00  0.301888073998133E+00  0.248183765470821E+00 
 0.327498070542969E+00  0.321599170045236E+00  0.243578561854995E+00 
 0.361382766116958E+00  0.282990297955263E+00  0.224332498839567E+00 
 0.343493985133422E+00  0.304455078066226E+00  0.220437415247134E+00 
 0.326409901396171E+00  0.322703561575782E+00  0.214391711631797E+00 
 0.457417584083090E+00  0.380810471854794E-01  0.156018446908896E+00 
 0.452202730827080E+00  0.787000801504536E-01  0.171963997803603E+00 
 0.442347411145517E+00  0.122514408279239E+00  0.182438289455389E+00 
 0.456485530338284E+00  0.479788805093507E-01  0.190617971729995E+00 
 0.449202636128743E+00  0.943292323627367E-01  0.201911854763114E+00 
 0.441949127614961E+00  0.123943458817026E+00  0.212285400076565E+00 
 0.434013848301886E+00  0.149375338879414E+00  0.206791304028815E+00 
 0.425903645529342E+00  0.171134733785898E+00  0.203145542824087E+00 
 0.414657592166335E+00  0.196825033067377E+00  0.197309818918496E+00 
 0.395301254847790E+00  0.233276510388252E+00  0.197781596990850E+00 
 0.374781945371282E+00  0.264989633395104E+00  0.192858313889675E+00 
 0.356387313712166E+00  0.289256106259104E+00  0.200858357104885E+00 
 0.341932444155917E+00  0.306207798752272E+00  0.192095085036610E+00 
 0.325368834506269E+00  0.323753199081004E+00  0.181494028150235E+00 
 0.485853102342037E+00  0.000000000000000E+00  0.971742691235500E+00 
 0.472430540345932E+00  0.000000000000000E+00  0.959142028803692E+00 
 0.486253154695034E+00  0.000000000000000E+00  0.942163918243882E+00 
 0.472639747716576E+00  0.000000000000000E+00  0.929691428927513E+00 
 0.486319295528939E+00  0.000000000000000E+00  0.913382884117330E+00 
 0.472573358533587E+00  0.000000000000000E+00  0.900302447808759E+00 
 0.486318794437928E+00  0.000000000000000E+00  0.883604081660180E+00 
 0.472592899478832E+00  0.000000000000000E+00  0.869545704358868E+00 
 0.486374010042852E+00  0.000000000000000E+00  0.852784520254570E+00 
 0.472666725833036E+00  0.000000000000000E+00  0.838684566294572E+00 
 0.486411549075854E+00  0.000000000000000E+00  0.821407616824656E+00 
 0.472703634597980E+00  0.000000000000000E+00  0.807866003499237E+00 
 0.486498329446051E+00  0.000000000000000E+00  0.789234289560602E+00 
 0.472771392069101E+00  0.000000000000000E+00  0.777063900599669E+00 
 0.486430973940138E+00  0.000000000000000E+00  0.756266209298301E+00 
 0.472668322890261E+00  0.000000000000000E+00  0.745609681981851E+00 
 0.486345330431891E+00  0.000000000000000E+00  0.723803943650271E+00 
 0.472620581904323E+00  0.000000000000000E+00  0.713821417636600E+00 
 0.486329835410363E+00  0.000000000000000E+00  0.692159528751454E+00 
 0.472616436932763E+00  0.000000000000000E+00  0.682384941009393E+00 
 0.486319802621289E+00  0.000000000000000E+00  0.660934728077038E+00 
 0.472604494865934E+00  0.000000000000000E+00  0.651181107026176E+00 
 0.486332095129576E+00  0.000000000000000E+00  0.630083855734263E+00 
 0.472632577110719E+00  0.000000000000000E+00  0.620499023593160E+00 
 0.486335712594084E+00  0.000000000000000E+00  0.599502066220040E+00 
 0.472627756926629E+00  0.000000000000000E+00  0.590081898104213E+00 
 0.486332996837326E+00  0.000000000000000E+00  0.569018219869952E+00 
 0.472627276959200E+00  0.000000000000000E+00  0.559663851712664E+00 
 0.486329723934849E+00  0.000000000000000E+00  0.538497354483513E+00 
 0.473040803909979E+00  0.000000000000000E+00  0.267743366441419E-01 
 0.486414732199842E+00  0.000000000000000E+00  0.365594643113171E-01 
 0.472621139351348E+00  0.000000000000000E+00  0.529116072326710E+00 
 0.486321303181962E+00  0.000000000000000E+00  0.507851441222085E+00 
 0.472607936941027E+00  0.000000000000000E+00  0.498302008573910E+00 
 0.486311153875192E+00  0.000000000000000E+00  0.477072795187599E+00 
 0.472594492734722E+00  0.000000000000000E+00  0.467238769641620E+00 
 0.486296573322122E+00  0.000000000000000E+00  0.446259171215970E+00 
 0.472571005795261E+00  0.000000000000000E+00  0.436012898426559E+00 
 0.472648626055326E+00  0.000000000000000E+00  0.558241210808253E-01 
 0.486359152044996E+00  0.000000000000000E+00  0.663431138670577E-01 
 0.486254718854404E+00  0.000000000000000E+00  0.415654080904609E+00 
 0.472516880728555E+00  0.000000000000000E+00  0.404757874420696E+00 
 0.486343919870028E+00  0.000000000000000E+00  0.386117534120776E+00 
 0.472722822807731E+00  0.000000000000000E+00  0.375921086481331E+00 
 0.486404792958051E+00  0.000000000000000E+00  0.357721647354251E+00 
 0.472716910787639E+00  0.000000000000000E+00  0.348720873471595E+00 
 0.486347364675248E+00  0.000000000000000E+00  0.329611877534649E+00 
 0.472624807960366E+00  0.000000000000000E+00  0.320851605711396E+00 
 0.486295903305202E+00  0.000000000000000E+00  0.301325721530769E+00 
 0.472579887707548E+00  0.000000000000000E+00  0.292304869038204E+00 
 0.486244286278955E+00  0.000000000000000E+00  0.273095572173554E+00 
 0.472574021890249E+00  0.000000000000000E+00  0.263433524417270E+00 
 0.486330704685852E+00  0.000000000000000E+00  0.244569199200376E+00 
 0.472609009909919E+00  0.000000000000000E+00  0.234210136200321E+00 
 0.486295269724297E+00  0.000000000000000E+00  0.215261880002792E+00 
 0.472549489580026E+00  0.000000000000000E+00  0.204773269438394E+00 
 0.472650650199069E+00  0.000000000000000E+00  0.859892775645435E-01 
 0.486411395316289E+00  0.000000000000000E+00  0.974636966601337E-01 
 0.486199683508699E+00  0.000000000000000E+00  0.186722438759001E+00 
 0.472531740041073E+00  0.000000000000000E+00  0.175567823742852E+00 
 0.486303359276986E+00  0.000000000000000E+00  0.158524134075326E+00 
 0.472638366634819E+00  0.000000000000000E+00  0.146319780421529E+00 
 0.486426710610007E+00  0.000000000000000E+00  0.128730511647113E+00 
 0.472711062611459E+00  0.000000000000000E+00  0.116557409993342E+00 
