 0.500000000000000E+00 -0.462592926927149E-17  0.000000000000000E+00 
 0.334757625112623E+00  0.371399155126875E+00  0.000000000000000E+00 
 0.349492041553915E+00  0.357568612843013E+00  0.000000000000000E+00 
 0.366461057977467E+00  0.340156277299178E+00  0.000000000000000E+00 
 0.384646940163567E+00  0.319447540955953E+00  0.000000000000000E+00 
 0.403196039010784E+00  0.295690639226226E+00  0.000000000000000E+00 
 0.421323224522577E+00  0.269233616916422E+00  0.000000000000000E+00 
 0.438460870861708E+00  0.240316592692208E+00  0.000000000000000E+00 
 0.454432990908116E+00  0.208544136274086E+00  0.000000000000000E+00 
 0.467565341177155E+00  0.177151493727516E+00  0.000000000000000E+00 
 0.477550857661433E+00  0.148139050715297E+00  0.000000000000000E+00 
 0.485189541609623E+00  0.120793661723801E+00  0.000000000000000E+00 
 0.491092894711699E+00  0.939562066267295E-01  0.000000000000000E+00 
 0.495517028372574E+00  0.668047497773485E-01  0.000000000000000E+00 
 0.498362405892869E+00  0.404340499167589E-01  0.000000000000000E+00 
 0.499702405750449E+00  0.172483531739741E-01  0.000000000000000E+00 
 0.321000014059246E+00  0.383352306597944E+00  0.000000000000000E+00 
 0.321000014059246E+00  0.357607619181631E+00  0.000000000000000E+00 
 0.321000014059246E+00  0.370835493137580E+00  0.000000000000000E+00 
 0.321000014059246E+00  0.344673764910779E+00  0.000000000000000E+00 
 0.470448277727462E+00  0.227910339184149E-01  0.000000000000000E+00 
 0.467563050072827E+00  0.567961922174793E-01  0.000000000000000E+00 
 0.462708901258303E+00  0.879857144094648E-01  0.000000000000000E+00 
 0.456836053344184E+00  0.114637836723821E+00  0.000000000000000E+00 
 0.449297434796354E+00  0.141325257223266E+00  0.000000000000000E+00 
 0.438167228591390E+00  0.172772952259166E+00  0.000000000000000E+00 
 0.422557574377381E+00  0.208053141240683E+00  0.000000000000000E+00 
 0.406193873816926E+00  0.238427242817197E+00  0.000000000000000E+00 
 0.388790097840604E+00  0.265863260088531E+00  0.000000000000000E+00 
 0.370831470442808E+00  0.290387730066251E+00  0.000000000000000E+00 
 0.352548334514876E+00  0.312331050449024E+00  0.000000000000000E+00 
 0.334212623839910E+00  0.331877892167960E+00  0.000000000000000E+00 
 0.471000014059256E+00 -0.115648231731787E-17  0.000000000000000E+00 
 0.485720555935859E+00  0.000000000000000E+00  0.000000000000000E+00 
 0.460058393444823E+00  0.155210732467921E+00  0.000000000000000E+00 
 0.467327622408399E+00  0.130970596369697E+00  0.000000000000000E+00 
 0.473870964291178E+00  0.104797443969049E+00  0.000000000000000E+00 
 0.478644953137203E+00  0.809441158840066E-01  0.000000000000000E+00 
 0.321000014059246E+00  0.383352306597944E+00  0.100000000000000E+01 
 0.499564937117194E+00  0.208536232605717E-01  0.100000000000000E+01 
 0.497656845579574E+00  0.483493955266014E-01  0.100000000000000E+01 
 0.494083964537889E+00  0.766879129101976E-01  0.100000000000000E+01 
 0.488575001653777E+00  0.106275433468946E+00  0.100000000000000E+01 
 0.481180803624906E+00  0.135886107541903E+00  0.100000000000000E+01 
 0.472723991300215E+00  0.162886549626401E+00  0.100000000000000E+01 
 0.461777026649888E+00  0.191734132742160E+00  0.100000000000000E+01 
 0.447494311580091E+00  0.223044482342559E+00  0.100000000000000E+01 
 0.429524379661476E+00  0.255946883701334E+00  0.100000000000000E+01 
 0.411524549126410E+00  0.283985114867497E+00  0.100000000000000E+01 
 0.392181939668302E+00  0.310150489598208E+00  0.100000000000000E+01 
 0.373743903752631E+00  0.332137764199954E+00  0.100000000000000E+01 
 0.357275473320257E+00  0.349791703966499E+00  0.100000000000000E+01 
 0.341837851288846E+00  0.364892975304026E+00  0.100000000000000E+01 
 0.330488379775624E+00  0.375203186064941E+00  0.100000000000000E+01 
 0.500000000000000E+00 -0.462592926927149E-17  0.100000000000000E+01 
 0.484715508383576E+00  0.000000000000000E+00  0.100000000000000E+01 
 0.471000014059256E+00  0.000000000000000E+00  0.100000000000000E+01 
 0.321000014059246E+00  0.344673764910779E+00  0.100000000000000E+01 
 0.337918982583542E+00  0.328103298449602E+00  0.100000000000000E+01 
 0.356873537892133E+00  0.307379718257657E+00  0.100000000000000E+01 
 0.376438095794435E+00  0.283081919730783E+00  0.100000000000000E+01 
 0.395792233902080E+00  0.255322386066345E+00  0.100000000000000E+01 
 0.413330662655233E+00  0.225829087038845E+00  0.100000000000000E+01 
 0.429419276651125E+00  0.193494439414248E+00  0.100000000000000E+01 
 0.441550710990537E+00  0.163932860853333E+00  0.100000000000000E+01 
 0.452370095816554E+00  0.131157575666554E+00  0.100000000000000E+01 
 0.460205806698304E+00  0.100257811291551E+00  0.100000000000000E+01 
 0.465189910784018E+00  0.737520179287888E-01  0.100000000000000E+01 
 0.468724507547434E+00  0.462422887433567E-01  0.100000000000000E+01 
 0.470584307769815E+00  0.197844010424657E-01  0.100000000000000E+01 
 0.321000014059246E+00  0.368701319059763E+00  0.100000000000000E+01 
 0.321000014059246E+00  0.356578021013359E+00  0.100000000000000E+01 
 0.484282629715004E+00  0.334943007755118E-01  0.100000000000000E+01 
 0.481451207020460E+00  0.613969102541582E-01  0.100000000000000E+01 
 0.477169440617795E+00  0.890559143339660E-01  0.100000000000000E+01 
 0.471840958297561E+00  0.113857217042921E+00  0.100000000000000E+01 
 0.337174360115796E+00  0.348413876645090E+00  0.100000000000000E+01 
 0.500000000000000E+00 -0.138777878078145E-16  0.976877253513968E+00 
 0.500000000000000E+00 -0.138777878078145E-16  0.950935540082117E+00 
 0.500000000000000E+00 -0.138777878078145E-16  0.920957547975094E+00 
 0.500000000000000E+00 -0.138777878078145E-16  0.890709217236465E+00 
 0.500000000000000E+00 -0.138777878078145E-16  0.859184802372217E+00 
 0.500000000000000E+00 -0.138777878078145E-16  0.827432995905205E+00 
 0.500000000000000E+00 -0.138777878078145E-16  0.795406144523839E+00 
 0.500000000000000E+00 -0.138777878078145E-16  0.758451739816673E+00 
 0.500000000000000E+00 -0.138777878078145E-16  0.722348057787101E+00 
 0.500000000000000E+00 -0.138777878078145E-16  0.690368401359604E+00 
 0.500000000000000E+00 -0.138777878078145E-16  0.658512605587816E+00 
 0.500000000000000E+00 -0.138777878078145E-16  0.627445365562062E+00 
 0.500000000000000E+00 -0.138777878078145E-16  0.597091483610452E+00 
 0.500000000000000E+00 -0.138777878078145E-16  0.566861956233823E+00 
 0.500000000000000E+00 -0.138777878078145E-16  0.537742194671725E+00 
 0.500000000000000E+00 -0.138777878078145E-16  0.508585165844594E+00 
 0.500000000000000E+00 -0.138777878078145E-16  0.478004439775407E+00 
 0.500000000000000E+00 -0.138777878078145E-16  0.447281521745575E+00 
 0.500000000000000E+00 -0.138777878078145E-16  0.418113242622003E+00 
 0.500000000000000E+00 -0.138777878078145E-16  0.389427458129240E+00 
 0.500000000000000E+00 -0.138777878078145E-16  0.359700155113698E+00 
 0.500000000000000E+00 -0.138777878078145E-16  0.330442700623622E+00 
 0.500000000000000E+00 -0.138777878078145E-16  0.301840449153674E+00 
 0.500000000000000E+00 -0.138777878078145E-16  0.272612040632599E+00 
 0.500000000000000E+00 -0.138777878078145E-16  0.242686892625372E+00 
 0.500000000000000E+00 -0.138777878078145E-16  0.213369562039483E+00 
 0.500000000000000E+00 -0.138777878078145E-16  0.185173478448160E+00 
 0.500000000000000E+00 -0.138777878078145E-16  0.159648228512629E+00 
 0.500000000000000E+00 -0.138777878078145E-16  0.131737765068703E+00 
 0.500000000000000E+00 -0.138777878078145E-16  0.100027342369405E+00 
 0.500000000000000E+00 -0.138777878078145E-16  0.677731892668879E-01 
 0.500000000000000E+00 -0.138777878078145E-16  0.393245906969824E-01 
 0.500000000000000E+00 -0.138777878078145E-16  0.167494134173958E-01 
 0.321000014059246E+00  0.383352306597944E+00  0.231419750937049E-01 
 0.321000014059246E+00  0.383352306597944E+00  0.506765076790004E-01 
 0.321000014059246E+00  0.383352306597944E+00  0.750969576912777E-01 
 0.321000014059246E+00  0.383352306597944E+00  0.106345147089989E+00 
 0.321000014059246E+00  0.383352306597944E+00  0.139194447837680E+00 
 0.321000014059246E+00  0.383352306597944E+00  0.172767129307525E+00 
 0.321000014059246E+00  0.383352306597944E+00  0.204656832590759E+00 
 0.321000014059246E+00  0.383352306597944E+00  0.237516807545101E+00 
 0.321000014059246E+00  0.383352306597944E+00  0.277795099879311E+00 
 0.321000014059246E+00  0.383352306597944E+00  0.314449610913740E+00 
 0.321000014059246E+00  0.383352306597944E+00  0.342581916252964E+00 
 0.321000014059246E+00  0.383352306597944E+00  0.372555608635331E+00 
 0.321000014059246E+00  0.383352306597944E+00  0.405455499642958E+00 
 0.321000014059246E+00  0.383352306597944E+00  0.431809267073993E+00 
 0.321000014059246E+00  0.383352306597944E+00  0.459313746532680E+00 
 0.321000014059246E+00  0.383352306597944E+00  0.489282309364230E+00 
 0.321000014059246E+00  0.383352306597944E+00  0.519923625309738E+00 
 0.321000014059246E+00  0.383352306597944E+00  0.550322356254681E+00 
 0.321000014059246E+00  0.383352306597944E+00  0.580283568656953E+00 
 0.321000014059246E+00  0.383352306597944E+00  0.610373463116332E+00 
 0.321000014059246E+00  0.383352306597944E+00  0.640966407863699E+00 
 0.321000014059246E+00  0.383352306597944E+00  0.671996921840578E+00 
 0.321000014059246E+00  0.383352306597944E+00  0.702669967021439E+00 
 0.321000014059246E+00  0.383352306597944E+00  0.732843953222599E+00 
 0.321000014059246E+00  0.383352306597944E+00  0.763569664248158E+00 
 0.321000014059246E+00  0.383352306597944E+00  0.795794013978369E+00 
 0.321000014059246E+00  0.383352306597944E+00  0.820911940192948E+00 
 0.321000014059246E+00  0.383352306597944E+00  0.846786267554438E+00 
 0.321000014059246E+00  0.383352306597944E+00  0.873485611554481E+00 
 0.321000014059246E+00  0.383352306597944E+00  0.905162156695732E+00 
 0.321000014059246E+00  0.383352306597944E+00  0.936062321943457E+00 
 0.321000014059246E+00  0.383352306597944E+00  0.958800811698363E+00 
 0.321000014059246E+00  0.383352306597944E+00  0.981817612303624E+00 
 0.443797840604480E+00  0.230311694611456E+00  0.915472294381365E+00 
 0.425900595034344E+00  0.261932592758885E+00  0.918899485935148E+00 
 0.439820773478449E+00  0.237818601494540E+00  0.825161783662176E+00 
 0.436102349933920E+00  0.244570522308214E+00  0.884815971489617E+00 
 0.445239631910841E+00  0.227511912162635E+00  0.856470739301457E+00 
 0.451571777080169E+00  0.214669350734236E+00  0.886896111032819E+00 
 0.457569670920309E+00  0.201568837506893E+00  0.914969312023684E+00 
 0.458585124733510E+00  0.199247793897828E+00  0.156857602596895E+00 
 0.460128071915035E+00  0.195658266975235E+00  0.126380395479719E+00 
 0.445517600568873E+00  0.226967106831264E+00  0.111127755031051E+00 
 0.457583027754571E+00  0.201538514212444E+00  0.931617498801211E-01 
 0.352075031965219E+00  0.355025593255881E+00  0.830682403350096E+00 
 0.351286784356810E+00  0.355805558045756E+00  0.804853309420669E+00 
 0.363866840810588E+00  0.342929908521438E+00  0.821341863264439E+00 
 0.341278479231860E+00  0.365416200534663E+00  0.171194619245831E-01 
 0.367499158429978E+00  0.339034465140726E+00  0.799181949830013E+00 
 0.368312145563425E+00  0.338151095563013E+00  0.847942980263769E+00 
 0.379007112498385E+00  0.326119009988127E+00  0.824082499539159E+00 
 0.384337240149639E+00  0.319820083537853E+00  0.798024729647069E+00 
 0.388622157043873E+00  0.314599458128217E+00  0.852615228974891E+00 
 0.396242318161242E+00  0.304945938320558E+00  0.824853527575133E+00 
 0.401319701027347E+00  0.298232287935630E+00  0.797001966149737E+00 
 0.399828488405489E+00  0.300228546043480E+00  0.880911293509991E+00 
 0.407965960191745E+00  0.289073996279201E+00  0.852421367601675E+00 
 0.412979997892433E+00  0.281864366922757E+00  0.823369517105205E+00 
 0.417382094943233E+00  0.275303808220661E+00  0.795198053607051E+00 
 0.409675293785953E+00  0.286646391328049E+00  0.905792586480048E+00 
 0.418839538831170E+00  0.273081381115030E+00  0.881423231044645E+00 
 0.427463896029948E+00  0.259373509809498E+00  0.849370938165568E+00 
 0.426688869949896E+00  0.260646519755934E+00  0.818106694834167E+00 
 0.432648216178336E+00  0.250630247651204E+00  0.795181911476755E+00 
 0.447035904852207E+00  0.223961826597679E+00  0.966721190773080E+00 
 0.437834117514559E+00  0.241456591420171E+00  0.946357448799658E+00 
 0.451652374176686E+00  0.214499727040767E+00  0.941852651239182E+00 
 0.462909258195027E+00  0.188984175732599E+00  0.940632692959743E+00 
 0.453646243285633E+00  0.210250055773672E+00  0.830324433783441E+00 
 0.459273342658566E+00  0.197656259003421E+00  0.860394288994784E+00 
 0.464373617895414E+00  0.185356799181265E+00  0.889345661232143E+00 
 0.468841014072464E+00  0.173747240333490E+00  0.917011672887032E+00 
 0.356749181564546E+00  0.350328447964231E+00  0.200953204415813E-01 
 0.344494208998409E+00  0.362386175186858E+00  0.379288694793347E-01 
 0.334562637417445E+00  0.371574812984254E+00  0.552799790736992E-01 
 0.446978101522028E+00  0.224077166975495E+00  0.798876803440372E+00 
 0.460261100272700E+00  0.195345129388382E+00  0.804778204157369E+00 
 0.466178269799039E+00  0.180770077079074E+00  0.834677853145601E+00 
 0.471008538698591E+00  0.167782467716438E+00  0.864053740844889E+00 
 0.474872440325063E+00  0.156512508828269E+00  0.893255587194281E+00 
 0.466057755371737E+00  0.181080558475664E+00  0.781571371220300E+00 
 0.471835492093120E+00  0.165442643841432E+00  0.809294525882649E+00 
 0.477065425341616E+00  0.149694956306559E+00  0.837921644029022E+00 
 0.480633070862191E+00  0.137810925523269E+00  0.868804493961118E+00 
 0.475357418297186E+00  0.155033302454132E+00  0.784495278405457E+00 
 0.482376234803286E+00  0.131579512451616E+00  0.807438575736899E+00 
 0.485953445392594E+00  0.117682831845037E+00  0.843323547999980E+00 
 0.488444337199136E+00  0.106874362959959E+00  0.788395749460706E+00 
 0.490918211157016E+00  0.948646928756711E-01  0.818554467689607E+00 
 0.495203140796040E+00  0.690930484617476E-01  0.787229683535769E+00 
 0.362213044762601E+00  0.344676239685601E+00  0.212489975696690E+00 
 0.384631569744376E+00  0.319466047579359E+00  0.220957299221331E+00 
 0.379184357671131E+00  0.325912906920747E+00  0.191163990365541E+00 
 0.399002887862691E+00  0.301324900194512E+00  0.201313018324544E+00 
 0.394061167631765E+00  0.307759315317490E+00  0.170417089962056E+00 
 0.415401882694997E+00  0.278282726473369E+00  0.212663130932743E+00 
 0.416300316301225E+00  0.276936900118963E+00  0.180970161786694E+00 
 0.407390866093997E+00  0.289883911632196E+00  0.147746524436491E+00 
 0.431331977791049E+00  0.252888760001037E+00  0.209839222615865E+00 
 0.437366576722744E+00  0.242302450598067E+00  0.180097522171778E+00 
 0.374289278820770E+00  0.331523054643003E+00  0.216097934676249E-01 
 0.362507083904505E+00  0.344366975941439E+00  0.419912324194408E-01 
 0.350431408372184E+00  0.356648045033599E+00  0.614507661073082E-01 
 0.337640245106638E+00  0.368780510445345E+00  0.817398770159335E-01 
 0.426493138797307E+00  0.260966669440412E+00  0.151678450842783E+00 
 0.418329560113473E+00  0.273861970954838E+00  0.123263848097781E+00 
 0.449205457119679E+00  0.219577907117042E+00  0.213543638995704E+00 
 0.453163057653768E+00  0.211289477205771E+00  0.181512056152683E+00 
 0.445219045087336E+00  0.227552195971652E+00  0.147482485015287E+00 
 0.433435485808989E+00  0.249266282600607E+00  0.126516498465501E+00 
 0.429828352293762E+00  0.255436073342099E+00  0.100113975112241E+00 
 0.497592149033420E+00  0.490107459676210E-01  0.205331607498832E+00 
 0.494326529846878E+00  0.751084674956401E-01  0.187873779046101E+00 
 0.490084834907894E+00  0.990800413468945E-01  0.166100952618630E+00 
 0.489362581262657E+00  0.102587835828376E+00  0.195199051859094E+00 
 0.485198173263502E+00  0.120758985842714E+00  0.143911066809587E+00 
 0.482462292800496E+00  0.131263612725264E+00  0.199872471924594E+00 
 0.483766258833229E+00  0.126373283626332E+00  0.171453081307722E+00 
 0.473754052633911E+00  0.159865873822230E+00  0.203819274821509E+00 
 0.475649048918067E+00  0.154136245780602E+00  0.175932280694478E+00 
 0.477721907101274E+00  0.147586515222500E+00  0.149112723432228E+00 
 0.479442250103897E+00  0.141898304483569E+00  0.122228141430573E+00 
 0.463046457245353E+00  0.188647762861178E+00  0.207662172198902E+00 
 0.465713815139081E+00  0.181963299565055E+00  0.179737931628689E+00 
 0.468568192870900E+00  0.174481657000667E+00  0.153028165700392E+00 
 0.471577539726517E+00  0.166176484574337E+00  0.129532576233840E+00 
 0.470847701615452E+00  0.168233296001255E+00  0.101897828549367E+00 
 0.443099138180255E+00  0.231653089217293E+00  0.770479624272257E-01 
 0.466371306531157E+00  0.180271474294801E+00  0.766420133340973E-01 
 0.457715052919120E+00  0.201238491177130E+00  0.626083048231615E-01 
 0.448133209551770E+00  0.221758035923908E+00  0.485836000944152E-01 
 0.333847023808942E+00  0.372217899480817E+00  0.977992376024892E+00 
 0.336091215092945E+00  0.370192781044347E+00  0.954207105392240E+00 
 0.348243197146249E+00  0.358784999186642E+00  0.975855206844366E+00 
 0.338231980400115E+00  0.368237868007374E+00  0.928870517848953E+00 
 0.352368671886141E+00  0.354734152673797E+00  0.950249897052038E+00 
 0.364549959832988E+00  0.342203633507546E+00  0.973814349135349E+00 
 0.333049181837995E+00  0.372931954218249E+00  0.884658016480430E+00 
 0.342512059287707E+00  0.364260194424939E+00  0.903732240336093E+00 
 0.392649469577233E+00  0.309558385511873E+00  0.225495056203635E-01 
 0.380903068303631E+00  0.323902535582665E+00  0.442806306393538E-01 
 0.368481867854270E+00  0.337966141887954E+00  0.651770576211769E-01 
 0.355782532265818E+00  0.351310104799908E+00  0.856864149731320E-01 
 0.343162616424718E+00  0.363647382347985E+00  0.106211964860468E+00 
 0.334077229477564E+00  0.372011296528203E+00  0.126170325120283E+00 
 0.356329342440029E+00  0.350755469973394E+00  0.923905984329573E+00 
 0.370112188371831E+00  0.336179963737601E+00  0.946283171237524E+00 
 0.382423322786365E+00  0.322106197067110E+00  0.971721681910063E+00 
 0.330097864205422E+00  0.375546801406987E+00  0.835839041359910E+00 
 0.334621781985523E+00  0.371521551219889E+00  0.859300025587277E+00 
 0.346933608695847E+00  0.360051484037043E+00  0.878903681268079E+00 
 0.360289684269623E+00  0.346686231928664E+00  0.897128871049071E+00 
 0.374830848608876E+00  0.330910614715137E+00  0.917123284609582E+00 
 0.388723434209670E+00  0.314474310073558E+00  0.941762549907754E+00 
 0.401550507535970E+00  0.297921449207010E+00  0.968863570822929E+00 
 0.336639710345555E+00  0.369694070034212E+00  0.815739824803321E+00 
 0.436612373431142E+00  0.243658850376556E+00  0.975686342702610E+00 
 0.341025945940992E+00  0.365651889363438E+00  0.839572532302586E+00 
 0.350896602303599E+00  0.356190362716048E+00  0.854902454634511E+00 
 0.361502835827027E+00  0.345421046968793E+00  0.872426263420549E+00 
 0.378882887291866E+00  0.326263325731500E+00  0.882808795718306E+00 
 0.393276122602126E+00  0.308761868421341E+00  0.910898408484195E+00 
 0.407526678504513E+00  0.289692951773217E+00  0.935715791345266E+00 
 0.421677195177895E+00  0.268678884668862E+00  0.963984521388965E+00 
 0.498939038354433E+00  0.325551225762284E-01  0.977729824488005E+00 
 0.499606859308656E+00  0.198238778179487E-01  0.958809446295034E+00 
 0.496449824849837E+00  0.594774865521901E-01  0.974122572509648E+00 
 0.498203966868499E+00  0.423415563777576E-01  0.952426303924291E+00 
 0.499500518594360E+00  0.223434984719395E-01  0.934956619017197E+00 
 0.492509764937257E+00  0.862214094146482E-01  0.969116175714736E+00 
 0.495421871787053E+00  0.675068067309729E-01  0.945427943984449E+00 
 0.497764617872305E+00  0.472269541092585E-01  0.924703329661729E+00 
 0.499390197608924E+00  0.246866468383153E-01  0.906744127220721E+00 
 0.482977231475729E+00  0.129356073982013E+00  0.976110181303133E+00 
 0.487376155505211E+00  0.111644449234882E+00  0.959232964506827E+00 
 0.491212398045486E+00  0.933294166187906E-01  0.937385294143116E+00 
 0.494588231597306E+00  0.733653948769409E-01  0.915474988769246E+00 
 0.497366657306847E+00  0.512484946063092E-01  0.894954276347639E+00 
 0.499281640602462E+00  0.267925989279479E-01  0.876310219156001E+00 
 0.467427006623656E+00  0.177516178076389E+00  0.981667796727060E+00 
 0.475428659188465E+00  0.154814695756761E+00  0.973147194302431E+00 
 0.480673171286540E+00  0.137670993333166E+00  0.950262083838724E+00 
 0.485461187598457E+00  0.119697265363482E+00  0.929021640114762E+00 
 0.489818174495967E+00  0.100390019092732E+00  0.906773655681414E+00 
 0.493698721410824E+00  0.791300984285869E-01  0.884598017883708E+00 
 0.496910835960212E+00  0.554943339929673E-01  0.863432579694416E+00 
 0.499153986477474E+00  0.290740052907395E-01  0.844420717501560E+00 
 0.336733294474435E+00  0.369608831594151E+00  0.785611653840011E+00 
 0.353121584254253E+00  0.353984670195993E+00  0.777984188205977E+00 
 0.370432471472470E+00  0.335827015111646E+00  0.773236918548223E+00 
 0.388014141644273E+00  0.315349054040214E+00  0.770800872914824E+00 
 0.405252169704073E+00  0.292866315833933E+00  0.769165365167977E+00 
 0.421702623583968E+00  0.268638971972419E+00  0.768083953246255E+00 
 0.437348354600710E+00  0.242335339412254E+00  0.768280177703964E+00 
 0.452674364964220E+00  0.212334451524572E+00  0.770218490226154E+00 
 0.461789105481399E+00  0.191705039210473E+00  0.756151069588186E+00 
 0.410935315097630E+00  0.284837088184828E+00  0.233500819731003E-01 
 0.399549281673619E+00  0.300600019151854E+00  0.459834919461777E-01 
 0.387333823488955E+00  0.316184296228366E+00  0.679456147073356E-01 
 0.374650536877931E+00  0.331114746299644E+00  0.893231762146436E-01 
 0.361939302677608E+00  0.344963680953874E+00  0.110174430519240E+00 
 0.349920091527065E+00  0.357149729869267E+00  0.130593470284643E+00 
 0.336944186980679E+00  0.369416587147801E+00  0.150128188290548E+00 
 0.471324046932773E+00  0.166894106495445E+00  0.758376094256760E+00 
 0.481487873195063E+00  0.134794020513131E+00  0.765659793371852E+00 
 0.489082033056034E+00  0.103917106107593E+00  0.759162621933556E+00 
 0.493968790553666E+00  0.774263130915374E-01  0.751742789080227E+00 
 0.497774748126680E+00  0.471200607747898E-01  0.754521510986912E+00 
 0.458349481929901E+00  0.199789270018666E+00  0.970186465338348E+00 
 0.499140382925200E+00  0.293066226864294E-01  0.781374217337384E+00 
 0.467614279093066E+00  0.177022275401353E+00  0.960989814862607E+00 
 0.472764478587163E+00  0.162769001306170E+00  0.943263899634737E+00 
 0.478074309699826E+00  0.146440958768490E+00  0.921817678862550E+00 
 0.483299754288743E+00  0.128145805645136E+00  0.899124298128025E+00 
 0.488174889875587E+00  0.108098459262651E+00  0.875691164020483E+00 
 0.492568648558470E+00  0.858843784240372E-01  0.852331229106757E+00 
 0.496296562366283E+00  0.607430834203381E-01  0.829485742551485E+00 
 0.499027501276457E+00  0.311697444611915E-01  0.811745666423326E+00 
 0.337645410031560E+00  0.368775781586345E+00  0.755948475872828E+00 
 0.354837385099350E+00  0.352264715996160E+00  0.749819493091860E+00 
 0.372704387598933E+00  0.333303824557271E+00  0.745499987093416E+00 
 0.390706689868651E+00  0.312006862892280E+00  0.742731916965095E+00 
 0.408181950438267E+00  0.288768930697906E+00  0.740933105474639E+00 
 0.424641226807578E+00  0.263969370373449E+00  0.739744608805838E+00 
 0.439759747658371E+00  0.237931427809455E+00  0.738742307806432E+00 
 0.452835835024690E+00  0.211989873620161E+00  0.735920608930795E+00 
 0.464156303437378E+00  0.185900311939890E+00  0.732086006627998E+00 
 0.474306102327038E+00  0.158220483172482E+00  0.732454349758020E+00 
 0.483086536415023E+00  0.128947269589303E+00  0.732674483131082E+00 
 0.489961623819858E+00  0.996875477871153E-01  0.729136251949914E+00 
 0.495146098326930E+00  0.695006569150108E-01  0.726163163883842E+00 
 0.498668974601711E+00  0.364589326458957E-01  0.725557479235902E+00 
 0.338368330900435E+00  0.368112581479707E+00  0.726260167793086E+00 
 0.356080771722009E+00  0.351007811892924E+00  0.720849002175349E+00 
 0.374310253320192E+00  0.331499372939639E+00  0.716785808511672E+00 
 0.392551122917587E+00  0.309683089457822E+00  0.713968331933495E+00 
 0.410101137389342E+00  0.286036810763873E+00  0.712043143211884E+00 
 0.426427484968719E+00  0.261073936009041E+00  0.710557577084412E+00 
 0.441205101605254E+00  0.235240426622420E+00  0.708980978381942E+00 
 0.454283525470725E+00  0.208869525029118E+00  0.706852365664026E+00 
 0.465815648708899E+00  0.181702452977133E+00  0.704907145516759E+00 
 0.475823725474258E+00  0.153596166214518E+00  0.704036703402052E+00 
 0.484189899896824E+00  0.124740293561880E+00  0.702727918537931E+00 
 0.490855474405619E+00  0.951887768911591E-01  0.700261012217549E+00 
 0.495817717673463E+00  0.645351907185361E-01  0.697694342773325E+00 
 0.498937354793643E+00  0.325809145286416E-01  0.694951071909469E+00 
 0.338828686594080E+00  0.367688891783435E+00  0.696384967539479E+00 
 0.356880361874728E+00  0.350194813365594E+00  0.691338593396698E+00 
 0.375334998431860E+00  0.330338673110121E+00  0.687469403508753E+00 
 0.393701483889479E+00  0.308219307609406E+00  0.684676195568638E+00 
 0.411267309434541E+00  0.284357521775798E+00  0.682675296110105E+00 
 0.427522743358346E+00  0.259276500885356E+00  0.681063688859653E+00 
 0.442234508014485E+00  0.233299464039648E+00  0.679494456669236E+00 
 0.455332301874536E+00  0.206573219149135E+00  0.677839664331140E+00 
 0.466837562195539E+00  0.179060577803509E+00  0.676304376516716E+00 
 0.476711982756002E+00  0.150816728173109E+00  0.674975712727459E+00 
 0.484910868215488E+00  0.121907546470683E+00  0.673290046102847E+00 
 0.428380516904778E+00  0.257856806651279E+00  0.240856956141557E-01 
 0.417682179195507E+00  0.274848316681206E+00  0.476368091735343E-01 
 0.406081750995128E+00  0.291714949066260E+00  0.704529932965968E-01 
 0.393759629868414E+00  0.308145020868242E+00  0.927774788870633E-01 
 0.381073748946575E+00  0.323701711246330E+00  0.114565984048466E+00 
 0.368221787666856E+00  0.338249486455523E+00  0.135551585449136E+00 
 0.355097570015510E+00  0.352002437163552E+00  0.155635977896908E+00 
 0.341752998791987E+00  0.364972448024073E+00  0.175625168896285E+00 
 0.491405815925050E+00  0.923056015366155E-01  0.670965409092964E+00 
 0.496148090427338E+00  0.619441067843062E-01  0.668047487857948E+00 
 0.499037787340011E+00  0.310046255708086E-01  0.664175222992722E+00 
 0.339100037834101E+00  0.367438653847021E+00  0.666185516591774E+00 
 0.357347663310064E+00  0.349717954252905E+00  0.661479876078711E+00 
 0.375930766563986E+00  0.329660520460995E+00  0.657780599002095E+00 
 0.394359331946505E+00  0.307377158075721E+00  0.655040398493347E+00 
 0.411934424434921E+00  0.283390243243254E+00  0.653025745335115E+00 
 0.428171630879985E+00  0.258203513743663E+00  0.651404662963975E+00 
 0.442872119637827E+00  0.232086806276225E+00  0.649929086739992E+00 
 0.455965162975749E+00  0.205172537520250E+00  0.648477213103603E+00 
 0.467425133799837E+00  0.177521109427031E+00  0.647055256632860E+00 
 0.477222360460165E+00  0.149193896245215E+00  0.645564727455403E+00 
 0.485322500646625E+00  0.120258348425822E+00  0.643733829122369E+00 
 0.491698120735816E+00  0.907356493604755E-01  0.641294266767178E+00 
 0.496301227696053E+00  0.607049535655083E-01  0.638029446331148E+00 
 0.499077500042010E+00  0.303586717729411E-01  0.633570615857464E+00 
 0.339256893410828E+00  0.367293833698899E+00  0.635837304682768E+00 
 0.357603237093977E+00  0.349456613644540E+00  0.631444074180787E+00 
 0.376245289627114E+00  0.329301506272609E+00  0.627892851131794E+00 
 0.394706242365957E+00  0.306931559532978E+00  0.625205275729696E+00 
 0.412286700280345E+00  0.282877494283205E+00  0.623209089291431E+00 
 0.428522672990810E+00  0.257620493619611E+00  0.621613028079394E+00 
 0.443221661506436E+00  0.231418579140643E+00  0.620200744051911E+00 
 0.456304386626673E+00  0.204416992310463E+00  0.618843513879988E+00 
 0.467737526662854E+00  0.176696367114086E+00  0.617452188318489E+00 
 0.477489263341593E+00  0.148337464564763E+00  0.615910680822421E+00 
 0.485533062012535E+00  0.119405383851533E+00  0.613990557030005E+00 
 0.491837089905805E+00  0.899793142504976E-01  0.611438756104402E+00 
 0.496367715079244E+00  0.601588848551101E-01  0.607959837945101E+00 
 0.499092615473169E+00  0.301091544243912E-01  0.603262838326824E+00 
 0.339338706614787E+00  0.367218248720027E+00  0.605592626759989E+00 
 0.357726466168720E+00  0.349330467326340E+00  0.601378011745329E+00 
 0.376397274506574E+00  0.329127774191153E+00  0.597912708629935E+00 
 0.394870464083918E+00  0.306720257880289E+00  0.595271526980382E+00 
 0.412456809787137E+00  0.282629404096986E+00  0.593295016878034E+00 
 0.428693413622660E+00  0.257336272446290E+00  0.591722774563366E+00 
 0.443391700964176E+00  0.231092621076691E+00  0.590349248491356E+00 
 0.456469047519053E+00  0.204049034932901E+00  0.589028909013613E+00 
 0.467886297611901E+00  0.176302049072119E+00  0.587656680727997E+00 
 0.477615927737390E+00  0.147929123473211E+00  0.586088645825282E+00 
 0.485628285469403E+00  0.119017512795589E+00  0.584129418146685E+00 
 0.491896946014743E+00  0.896515170053981E-01  0.581509256592871E+00 
 0.496393520644544E+00  0.599455808389082E-01  0.577952671720235E+00 
 0.499098219696286E+00  0.300161139389774E-01  0.573187615500868E+00 
 0.339368792677443E+00  0.367190444533426E+00  0.575496892447341E+00 
 0.357776297159755E+00  0.349279431387900E+00  0.571321712334219E+00 
 0.376459719861396E+00  0.329056346727850E+00  0.567905118886751E+00 
 0.394942474873888E+00  0.306627528999743E+00  0.565289533556702E+00 
 0.412530113340962E+00  0.282522398380895E+00  0.563332208716579E+00 
 0.428768340444492E+00  0.257211411551814E+00  0.561774405792453E+00 
 0.443466200455753E+00  0.230949624492742E+00  0.560418868246933E+00 
 0.456540006115438E+00  0.203890222463256E+00  0.559118125966133E+00 
 0.467950843185301E+00  0.176130657076404E+00  0.557750048903515E+00 
 0.477668739207233E+00  0.147758504270220E+00  0.556178380046256E+00 
 0.485667397677607E+00  0.118857809306168E+00  0.554200003447728E+00 
 0.491918871506046E+00  0.895311334465193E-01  0.551571323859709E+00 
 0.496401644320419E+00  0.598782724866362E-01  0.548027756080920E+00 
 0.499098155814542E+00  0.300171761250664E-01  0.543423761670746E+00 
 0.339367852969881E+00  0.367191313038058E+00  0.545412762450967E+00 
 0.357789334867911E+00  0.349266076014803E+00  0.541269849433114E+00 
 0.376486346074021E+00  0.329025882294741E+00  0.537887934753701E+00 
 0.394972401854382E+00  0.306588978558233E+00  0.535296500196709E+00 
 0.412561691469583E+00  0.282476283485458E+00  0.533347174579515E+00 
 0.428798981903191E+00  0.257160325709055E+00  0.531798085858966E+00 
 0.443496313522683E+00  0.230891792603787E+00  0.530450894386293E+00 
 0.456568692740918E+00  0.203825976776390E+00  0.529156606453123E+00 
 0.467975950803042E+00  0.176063935744913E+00  0.527793942137667E+00 
 0.477689814202987E+00  0.147690356512252E+00  0.526219249722575E+00 
 0.485681818771899E+00  0.118798867479535E+00  0.524244428389679E+00 
 0.491927895779520E+00  0.894815363856389E-01  0.521622018126326E+00 
 0.459668240248451E+00  0.196736140317157E+00  0.298721264240704E-01 
 0.468843155262754E+00  0.173741462418344E+00  0.516478029391533E-01 
 0.475454930576351E+00  0.154733994295490E+00  0.740224209722682E-01 
 0.481298972485969E+00  0.135466966762937E+00  0.959969896409563E-01 
 0.486776375887271E+00  0.114231168592702E+00  0.117461037238971E+00 
 0.491162495739915E+00  0.935916811396110E-01  0.138909321576626E+00 
 0.494633740776150E+00  0.730579392386097E-01  0.159695780251890E+00 
 0.497551991831111E+00  0.494167524721476E-01  0.177301776876960E+00 
 0.499397732821529E+00  0.245337411072364E-01  0.193928671824781E+00 
 0.496405021283412E+00  0.598502702133850E-01  0.518137371500811E+00 
 0.499099447574492E+00  0.299956902043805E-01  0.513699591183207E+00 
 0.339367492654778E+00  0.367191646050410E+00  0.515235043867525E+00 
 0.357803862338323E+00  0.349251193406377E+00  0.511225103578653E+00 
 0.376507648129923E+00  0.329001505923109E+00  0.507892509374488E+00 
 0.394994086898359E+00  0.306561040113273E+00  0.505309065386328E+00 
 0.412579887546690E+00  0.282449705951273E+00  0.503362376867530E+00 
 0.428815620111946E+00  0.257132580487201E+00  0.501813624983697E+00 
 0.443511266851872E+00  0.230863068019655E+00  0.500469770860508E+00 
 0.456582160239905E+00  0.203795806999708E+00  0.499178566569684E+00 
 0.467987910006417E+00  0.176032145041255E+00  0.497816617902845E+00 
 0.477699136103552E+00  0.147660202376672E+00  0.496244848977142E+00 
 0.485689547115983E+00  0.118767267469922E+00  0.494271481254955E+00 
 0.491933112214374E+00  0.894528541024828E-01  0.491664034168899E+00 
 0.496410189647215E+00  0.598073876240725E-01  0.488183358014980E+00 
 0.499102831735890E+00  0.299393278684626E-01  0.483687715137964E+00 
 0.339398807323301E+00  0.367162701792435E+00  0.485140816318773E+00 
 0.357846086588282E+00  0.349207929912039E+00  0.481282338868306E+00 
 0.376544151093820E+00  0.328959727439446E+00  0.477953192960887E+00 
 0.395024344731298E+00  0.306522049891372E+00  0.475349396910310E+00 
 0.412605624504972E+00  0.282412107790835E+00  0.473389608854995E+00 
 0.428837298156503E+00  0.257096424926195E+00  0.471839105010455E+00 
 0.443530323004855E+00  0.230826455535775E+00  0.470495171021315E+00 
 0.456598265073229E+00  0.203759722055458E+00  0.469205584315856E+00 
 0.468001209296911E+00  0.175996784336046E+00  0.467842674482076E+00 
 0.477709771434505E+00  0.147625791364492E+00  0.466269991711490E+00 
 0.485696985716470E+00  0.118736843759364E+00  0.464302606564045E+00 
 0.491938753891036E+00  0.894218229524284E-01  0.461702104677202E+00 
 0.496413308590280E+00  0.597814942473957E-01  0.458218764894082E+00 
 0.499104063471709E+00  0.299187871750900E-01  0.453589873508920E+00 
 0.339479454544738E+00  0.367088136476796E+00  0.455564775397899E+00 
 0.357917689043441E+00  0.349134541215564E+00  0.451558524843355E+00 
 0.444327660546527E+00  0.229287875983992E+00  0.244865053067438E-01 
 0.434588847536328E+00  0.247249941551148E+00  0.492428647973312E-01 
 0.424262725997262E+00  0.264577284227828E+00  0.731704556713036E-01 
 0.412330508439242E+00  0.282813634413613E+00  0.961767548631546E-01 
 0.400263139007796E+00  0.299648827048640E+00  0.119131915369549E+00 
 0.387624953953840E+00  0.315827318438864E+00  0.141368509263141E+00 
 0.374234811790396E+00  0.331584537703746E+00  0.162142709843185E+00 
 0.361174316763965E+00  0.345764533910121E+00  0.180642062588218E+00 
 0.350143493685925E+00  0.356930712925372E+00  0.194191643166330E+00 
 0.338038214526913E+00  0.368415750911191E+00  0.207601234695350E+00 
 0.376604862669560E+00  0.328890220915189E+00  0.448094107944350E+00 
 0.395083125668443E+00  0.306446282098597E+00  0.445425972693625E+00 
 0.412662368797241E+00  0.282329186196982E+00  0.443446683203361E+00 
 0.428889885341155E+00  0.257008689059439E+00  0.441891979386668E+00 
 0.443575643938639E+00  0.230739351009795E+00  0.440553592897284E+00 
 0.456637239278159E+00  0.203672363624575E+00  0.439262200333154E+00 
 0.468032336680032E+00  0.175913989841140E+00  0.437895621613423E+00 
 0.477733637166253E+00  0.147548540893845E+00  0.436315296799227E+00 
 0.485713572577103E+00  0.118668974101857E+00  0.434351608729254E+00 
 0.491948117459529E+00  0.893702955574484E-01  0.431776992386042E+00 
 0.496416305192579E+00  0.597566058185062E-01  0.428347022397608E+00 
 0.499102606035821E+00  0.299430901586954E-01  0.423856713392522E+00 
 0.339526629676350E+00  0.367044503760265E+00  0.426723764003572E+00 
 0.357983280352629E+00  0.349067287192556E+00  0.422002936523391E+00 
 0.376712310472019E+00  0.328767144250810E+00  0.418281778842941E+00 
 0.395216566898744E+00  0.306274166799569E+00  0.415543608642833E+00 
 0.412802552356479E+00  0.282124179693936E+00  0.413551687491420E+00 
 0.429019288742703E+00  0.256792620389888E+00  0.412010519014787E+00 
 0.443690780336092E+00  0.230517876627280E+00  0.410680960774865E+00 
 0.456732869625782E+00  0.203457823156050E+00  0.409394463974450E+00 
 0.468110537560605E+00  0.175705789957875E+00  0.408006895519112E+00 
 0.477792399099615E+00  0.147358146577085E+00  0.406407954261234E+00 
 0.485755772852658E+00  0.118496114452404E+00  0.404436900656208E+00 
 0.491974533080809E+00  0.892247656198683E-01  0.401905118675652E+00 
 0.496429310409632E+00  0.596484682637990E-01  0.398595754687001E+00 
 0.499106321790878E+00  0.298810901471208E-01  0.394386483468472E+00 
 0.339475682374955E+00  0.367091624905907E+00  0.397515351077324E+00 
 0.358111071252265E+00  0.348936184203581E+00  0.392279146209489E+00 
 0.376969402851944E+00  0.328472326556514E+00  0.388446146351588E+00 
 0.395535419507579E+00  0.305862276057318E+00  0.385710471929590E+00 
 0.413124909080027E+00  0.281651929689146E+00  0.383752247129101E+00 
 0.429318398081295E+00  0.256292241530857E+00  0.382243271701212E+00 
 0.443948328961866E+00  0.230021479892568E+00  0.380956018981524E+00 
 0.456950840084863E+00  0.202967804702465E+00  0.379664197933927E+00 
 0.468282849778766E+00  0.175246034486027E+00  0.378240200037712E+00 
 0.477925451064993E+00  0.146926046786548E+00  0.376574782130146E+00 
 0.485850762973744E+00  0.118106037601094E+00  0.374582041984278E+00 
 0.492038478144764E+00  0.888714578758859E-01  0.372089698908286E+00 
 0.496464828074629E+00  0.593521228333862E-01  0.368916649651157E+00 
 0.499118964915348E+00  0.296691567428429E-01  0.364866439885734E+00 
 0.339747795796338E+00  0.366839795076175E+00  0.367052338859035E+00 
 0.358567507602678E+00  0.348467132584414E+00  0.362220813577037E+00 
 0.377582540854891E+00  0.327767333396061E+00  0.358589155497487E+00 
 0.396222293242236E+00  0.304971956641695E+00  0.355993533031798E+00 
 0.413801084488468E+00  0.280657553748634E+00  0.354107747321699E+00 
 0.429924477736286E+00  0.255274251430069E+00  0.352689236302783E+00 
 0.444474174099187E+00  0.229003730447444E+00  0.351478699585413E+00 
 0.457382740210148E+00  0.201992645801416E+00  0.350197144573597E+00 
 0.468626895881366E+00  0.174323929672879E+00  0.348660763081909E+00 
 0.478183720622293E+00  0.146083295868557E+00  0.346868835053469E+00 
 0.486041366971022E+00  0.117319178282754E+00  0.344790269373862E+00 
 0.492165800364408E+00  0.881636260124432E-01  0.342358071711664E+00 
 0.496535771870989E+00  0.587556571955488E-01  0.339358390532635E+00 
 0.499140666337976E+00  0.293017952979199E-01  0.335501949161567E+00 
 0.340225195152244E+00  0.366397075020554E+00  0.336858339292934E+00 
 0.359481698714523E+00  0.347523967935049E+00  0.332104016262685E+00 
 0.378807998300621E+00  0.326350272595990E+00  0.328879958378336E+00 
 0.397545168850356E+00  0.303245508991876E+00  0.326516664314704E+00 
 0.415046111443694E+00  0.278813065288319E+00  0.324718986826201E+00 
 0.431038979659354E+00  0.253387841093891E+00  0.323442063871345E+00 
 0.445420444394970E+00  0.227157715508383E+00  0.322446919504658E+00 
 0.458157281645349E+00  0.200229631361956E+00  0.321142617548388E+00 
 0.469220211954240E+00  0.172720562451659E+00  0.319373852864555E+00 
 0.478632950324502E+00  0.144604629468295E+00  0.317293568504931E+00 
 0.486373625455802E+00  0.115934017703948E+00  0.315078442215768E+00 
 0.492398982714292E+00  0.868518383336261E-01  0.312713210678221E+00 
 0.496665727517633E+00  0.576468135232121E-01  0.310064686220715E+00 
 0.499182296352255E+00  0.285838242453555E-01  0.306497536083375E+00 
 0.341091380323581E+00  0.365590850909803E+00  0.305983256385798E+00 
 0.361316008257982E+00  0.345616466876968E+00  0.301865991571980E+00 
 0.381079814932010E+00  0.323694570006025E+00  0.299665126842935E+00 
 0.399796137273359E+00  0.300271624735507E+00  0.297471465889200E+00 
 0.472875094865107E+00  0.162447359647105E+00  0.251994896137838E-01 
 0.478637164631182E+00  0.144590679622937E+00  0.483238686796769E-01 
 0.483894315318921E+00  0.125882054328774E+00  0.705861937681636E-01 
 0.488582266130009E+00  0.106242031340073E+00  0.922442768796785E-01 
 0.492529310385397E+00  0.861096882544926E-01  0.113521381402343E+00 
 0.495547751214558E+00  0.665764693130750E-01  0.134098881148375E+00 
 0.497494180889726E+00  0.499953995969682E-01  0.152831845466504E+00 
 0.499398639545931E+00  0.245152772709804E-01  0.161452514392940E+00 
 0.417098209627903E+00  0.275733718513347E+00  0.295584387701039E+00 
 0.432882383974903E+00  0.250225581514370E+00  0.294646813960224E+00 
 0.446976950720384E+00  0.224079462523249E+00  0.294167698056721E+00 
 0.459373941694498E+00  0.197422343446886E+00  0.292739784469104E+00 
 0.470116670573458E+00  0.170265428225835E+00  0.290387701963006E+00 
 0.479306082433614E+00  0.142357575640151E+00  0.287831536876637E+00 
 0.486903738244251E+00  0.113687069114186E+00  0.285375457739039E+00 
 0.492789393386679E+00  0.846085915589525E-01  0.283162855058591E+00 
 0.496895098067485E+00  0.556350745169288E-01  0.281275867824946E+00 
 0.499258947507936E+00  0.272121908943106E-01  0.277917260745270E+00 
 0.343548964157838E+00  0.363282409739416E+00  0.273081397410175E+00 
 0.365115888817855E+00  0.341599747852290E+00  0.271988939642971E+00 
 0.384851226411618E+00  0.319201399635831E+00  0.271898241083045E+00 
 0.403054989268204E+00  0.295882874844098E+00  0.268694569075381E+00 
 0.420104604144070E+00  0.271131188867962E+00  0.266472403110408E+00 
 0.435804933471809E+00  0.245100101920893E+00  0.266533368194620E+00 
 0.449300368000127E+00  0.219383635020825E+00  0.267363677067820E+00 
 0.461019083015344E+00  0.193549490042447E+00  0.265093840527589E+00 
 0.471217006738975E+00  0.167196090145555E+00  0.261490247838068E+00 
 0.480202754558269E+00  0.139302959461206E+00  0.258368129699308E+00 
 0.487669748085336E+00  0.110354958213872E+00  0.255593485740190E+00 
 0.493426121094640E+00  0.808125177277519E-01  0.253471668541180E+00 
 0.497278884955798E+00  0.520932872558295E-01  0.253884317869368E+00 
 0.499382349174162E+00  0.248449055803346E-01  0.250164535513980E+00 
 0.349948911729481E+00  0.357121490783391E+00  0.241122506976391E+00 
 0.372179696436770E+00  0.333889612836688E+00  0.244159594353741E+00 
 0.390089354793729E+00  0.312778348477979E+00  0.247716028509834E+00 
 0.405515072239207E+00  0.292502181507815E+00  0.235925966997939E+00 
 0.424900371353347E+00  0.263552033617250E+00  0.238271465311878E+00 
 0.440430251034815E+00  0.236687967529847E+00  0.239378294761221E+00 
 0.452533908757314E+00  0.212633631923144E+00  0.243878591134314E+00 
 0.462263084621701E+00  0.190559283678414E+00  0.236617814064220E+00 
 0.472369688949658E+00  0.163911186200343E+00  0.232457328898987E+00 
 0.481285326662039E+00  0.135515439488697E+00  0.228964315527862E+00 
 0.488662318669650E+00  0.105873218107326E+00  0.225521083457760E+00 
 0.494533662386925E+00  0.737323318916122E-01  0.222189374850630E+00 
 0.497962953760728E+00  0.450876555377519E-01  0.230827381467333E+00 
 0.499447804038588E+00  0.234923613336938E-01  0.222282890168047E+00 
 0.499457343196786E+00  0.232886737880862E-01  0.208565170948610E-01 
 0.499159965124691E+00  0.289711790702020E-01  0.431707340990768E-01 
 0.497557205600774E+00  0.493642295062838E-01  0.218130360040489E-01 
 0.499487776355629E+00  0.226265611905382E-01  0.852440807867397E-01 
 0.498512416381440E+00  0.385405074374720E-01  0.648241787391196E-01 
 0.496591843058282E+00  0.582798542206340E-01  0.438208213902937E-01 
 0.494064115159494E+00  0.768156892286083E-01  0.222238910140114E-01 
 0.499217462486806E+00  0.279629245293605E-01  0.108405383289131E+00 
 0.497604962867891E+00  0.488804759514949E-01  0.873931826168783E-01 
 0.495361491161003E+00  0.679484589578560E-01  0.662635283936800E-01 
 0.492389202633762E+00  0.869072674158397E-01  0.448251236766821E-01 
 0.488910437047308E+00  0.104721461726860E+00  0.228306431932961E-01 
 0.498618259899096E+00  0.371460750981508E-01  0.132671735200561E+00 
 0.496691628563979E+00  0.574232192972687E-01  0.110687910503396E+00 
 0.493971106207610E+00  0.774115381066045E-01  0.894858609394231E-01 
 0.490524943276003E+00  0.968776549265836E-01  0.680878043925623E-01 
 0.486452017971841E+00  0.115604646148519E+00  0.462556508597085E-01 
 0.481987863232640E+00  0.132995111550889E+00  0.237126070328003E-01 
 0.321000014059246E+00  0.344673764910780E+00  0.188455377595374E-01 
 0.321000014059246E+00  0.344673764910780E+00  0.469044680143368E-01 
 0.321000014059246E+00  0.344673764910780E+00  0.787917180101779E-01 
 0.321000014059246E+00  0.344673764910780E+00  0.107740098795959E+00 
 0.321000014059246E+00  0.344673764910780E+00  0.137583279640112E+00 
 0.321000014059246E+00  0.344673764910780E+00  0.167914451382098E+00 
 0.321000014059246E+00  0.344673764910780E+00  0.198136408198953E+00 
 0.321000014059246E+00  0.344673764910780E+00  0.229690943643791E+00 
 0.321000014059246E+00  0.344673764910780E+00  0.263219745503705E+00 
 0.321000014059246E+00  0.344673764910780E+00  0.300461012930520E+00 
 0.321000014059246E+00  0.344673764910780E+00  0.329140735422727E+00 
 0.321000014059246E+00  0.344673764910780E+00  0.354509266772563E+00 
 0.321000014059246E+00  0.344673764910780E+00  0.391549152847305E+00 
 0.321000014059246E+00  0.344673764910780E+00  0.419500064104919E+00 
 0.321000014059246E+00  0.344673764910780E+00  0.442732532880731E+00 
 0.321000014059246E+00  0.344673764910780E+00  0.472997885991678E+00 
 0.321000014059246E+00  0.344673764910780E+00  0.503707873120686E+00 
 0.321000014059246E+00  0.344673764910780E+00  0.537563724443786E+00 
 0.321000014059246E+00  0.344673764910780E+00  0.567302560412128E+00 
 0.321000014059246E+00  0.344673764910780E+00  0.594772270262966E+00 
 0.321000014059246E+00  0.344673764910780E+00  0.625281506988304E+00 
 0.321000014059246E+00  0.344673764910780E+00  0.657475807381042E+00 
 0.321000014059246E+00  0.344673764910780E+00  0.692705424201960E+00 
 0.321000014059246E+00  0.344673764910780E+00  0.721767321062203E+00 
 0.321000014059246E+00  0.344673764910780E+00  0.748396192990663E+00 
 0.321000014059246E+00  0.344673764910780E+00  0.780110572443260E+00 
 0.321000014059246E+00  0.344673764910780E+00  0.813220649273306E+00 
 0.321000014059246E+00  0.344673764910780E+00  0.845024660577654E+00 
 0.321000014059246E+00  0.344673764910780E+00  0.877318281281398E+00 
 0.321000014059246E+00  0.344673764910780E+00  0.906432531441634E+00 
 0.321000014059246E+00  0.344673764910780E+00  0.930915824062176E+00 
 0.321000014059246E+00  0.344673764910780E+00  0.957540149008677E+00 
 0.321000014059246E+00  0.344673764910780E+00  0.982724034690299E+00 
 0.321000014059246E+00  0.361939410758539E+00  0.978625905329130E+00 
 0.321000014059246E+00  0.364696852729746E+00  0.952182511213855E+00 
 0.321000014059246E+00  0.364098050247405E+00  0.890283796447207E+00 
 0.321000014059246E+00  0.364221731426956E+00  0.919779437311515E+00 
 0.321000014059246E+00  0.363876924830768E+00  0.859559099956956E+00 
 0.321000014059246E+00  0.364227130680639E+00  0.817400407664829E+00 
 0.321000014059246E+00  0.364079740805367E+00  0.772662270935426E+00 
 0.321000014059246E+00  0.364048670423089E+00  0.711674931019233E+00 
 0.321000014059246E+00  0.364135604438437E+00  0.741159824246824E+00 
 0.321000014059246E+00  0.363977280857338E+00  0.648746953981458E+00 
 0.321000014059246E+00  0.363893230648986E+00  0.680879212818407E+00 
 0.321000014059246E+00  0.364092067902055E+00  0.587569911934582E+00 
 0.321000014059246E+00  0.364019578782820E+00  0.617577335947239E+00 
 0.321000014059246E+00  0.364021545391868E+00  0.558176870214207E+00 
 0.321000014059246E+00  0.364003626179764E+00  0.496122764793933E+00 
 0.321000014059246E+00  0.363919996236114E+00  0.527637060052655E+00 
 0.321000014059246E+00  0.363954661944731E+00  0.464781744404810E+00 
 0.321000014059246E+00  0.363988493008514E+00  0.424830253100916E+00 
 0.321000014059246E+00  0.363946844850396E+00  0.381000761087924E+00 
 0.321000014059246E+00  0.363944970868627E+00  0.335185417017398E+00 
 0.321000014059246E+00  0.364029092021875E+00  0.289201089560569E+00 
 0.321000014059246E+00  0.364148989550719E+00  0.251803497722777E+00 
 0.321000014059246E+00  0.363860504074145E+00  0.289521390519939E-01 
 0.321000014059246E+00  0.364064079945618E+00  0.185879238561968E+00 
 0.321000014059246E+00  0.364051906027295E+00  0.217701957013510E+00 
 0.321000014059246E+00  0.364105083044593E+00  0.122999362130729E+00 
 0.321000014059246E+00  0.364107602881967E+00  0.154404917678528E+00 
 0.321000014059246E+00  0.363813324782448E+00  0.625586893880961E-01 
 0.321000014059246E+00  0.364075856070261E+00  0.923885817597999E-01 
 0.471000014059256E+00 -0.346944695195361E-17  0.230991680265867E-01 
 0.471000014059256E+00 -0.346944695195361E-17  0.551310002289325E-01 
 0.471000014059256E+00 -0.346944695195361E-17  0.872178175831280E-01 
 0.471000014059256E+00 -0.346944695195361E-17  0.119632639666060E+00 
 0.471000014059256E+00 -0.346944695195361E-17  0.146476601968961E+00 
 0.471000014059256E+00 -0.346944695195361E-17  0.175126179923760E+00 
 0.471000014059256E+00 -0.346944695195361E-17  0.204181565646214E+00 
 0.471000014059256E+00 -0.346944695195361E-17  0.233901201855448E+00 
 0.471000014059256E+00 -0.346944695195361E-17  0.267339199373439E+00 
 0.471000014059256E+00 -0.346944695195361E-17  0.297450222392877E+00 
 0.471000014059256E+00 -0.346944695195361E-17  0.323720036354870E+00 
 0.471000014059256E+00 -0.346944695195361E-17  0.352065235112840E+00 
 0.471000014059256E+00 -0.346944695195361E-17  0.384528993324621E+00 
 0.471000014059256E+00 -0.346944695195361E-17  0.411301891911143E+00 
 0.471000014059256E+00 -0.346944695195361E-17  0.436893871008509E+00 
 0.471000014059256E+00 -0.346944695195361E-17  0.470225260530712E+00 
 0.471000014059256E+00 -0.346944695195361E-17  0.503610972770580E+00 
 0.471000014059256E+00 -0.346944695195361E-17  0.531426576576900E+00 
 0.471000014059256E+00 -0.346944695195361E-17  0.557128756698132E+00 
 0.471000014059256E+00 -0.346944695195361E-17  0.589344252337201E+00 
 0.471000014059256E+00 -0.346944695195361E-17  0.619079434484159E+00 
 0.471000014059256E+00 -0.346944695195361E-17  0.649604959123161E+00 
 0.471000014059256E+00 -0.346944695195361E-17  0.684050109753657E+00 
 0.471000014059256E+00 -0.346944695195361E-17  0.712637298730461E+00 
 0.471000014059256E+00 -0.346944695195361E-17  0.744051350508954E+00 
 0.471000014059256E+00 -0.346944695195361E-17  0.780725228161974E+00 
 0.471000014059256E+00 -0.346944695195361E-17  0.812329014982231E+00 
 0.471000014059256E+00 -0.346944695195361E-17  0.841774912147593E+00 
 0.471000014059256E+00 -0.346944695195361E-17  0.874844061904769E+00 
 0.471000014059256E+00 -0.346944695195361E-17  0.907580413712557E+00 
 0.471000014059256E+00 -0.346944695195361E-17  0.936629105311320E+00 
 0.471000014059256E+00 -0.346944695195361E-17  0.961448140814768E+00 
 0.471000014059256E+00 -0.346944695195361E-17  0.983174842000746E+00 
 0.435884819670723E+00  0.178452899176308E+00  0.900816667461228E+00 
 0.422638203117691E+00  0.207889303498907E+00  0.902425290406562E+00 
 0.429550394243284E+00  0.193203188506941E+00  0.868285946923766E+00 
 0.395648535641252E+00  0.255545004820566E+00  0.822607685355757E+00 
 0.437856840894922E+00  0.173558059810908E+00  0.105023945764968E+00 
 0.431823617620826E+00  0.188067478604548E+00  0.768189360042828E-01 
 0.443793832787613E+00  0.157759460012663E+00  0.763644847323802E-01 
 0.424619944777661E+00  0.203810980422614E+00  0.952429605677343E+00 
 0.441239355134568E+00  0.164769064827830E+00  0.928121354408171E+00 
 0.430135291262673E+00  0.191897484230997E+00  0.929176607865997E+00 
 0.417229258694086E+00  0.218542350434407E+00  0.931949079702718E+00 
 0.385582741970365E+00  0.270493922923275E+00  0.838329676028005E+00 
 0.383218289565040E+00  0.273833445339777E+00  0.865141556444380E+00 
 0.366888591378716E+00  0.295353643552854E+00  0.837463275414702E+00 
 0.465558008864225E+00  0.713915515042825E-01  0.825173854348205E+00 
 0.463651846242644E+00  0.828732690292710E-01  0.848431950833247E+00 
 0.460859691942876E+00  0.972078061995378E-01  0.824893463483178E+00 
 0.457439474952256E+00  0.112205793073317E+00  0.851149479301879E+00 
 0.453943620861957E+00  0.125603353150075E+00  0.824560815732890E+00 
 0.452871988763127E+00  0.129413967706491E+00  0.877112749141515E+00 
 0.449121213933067E+00  0.141884278336588E+00  0.850481810234161E+00 
 0.444821805101136E+00  0.154837253109104E+00  0.824079548204455E+00 
 0.469431580121630E+00  0.384057915986179E-01  0.219309139287360E-01 
 0.470380459011368E+00  0.241503007033080E-01  0.425239154515952E-01 
 0.447060844806797E+00  0.148248488304060E+00  0.902110646398197E+00 
 0.442869171842163E+00  0.160336863745190E+00  0.875342624953859E+00 
 0.439878887424675E+00  0.168367388890595E+00  0.849119408934125E+00 
 0.432301313681704E+00  0.186966808372187E+00  0.827628952444971E+00 
 0.407973161317064E+00  0.235369736560954E+00  0.908844732745081E+00 
 0.413037994983164E+00  0.226363928098317E+00  0.876665721572606E+00 
 0.418130020549991E+00  0.216813973624108E+00  0.844344946012163E+00 
 0.421104267365350E+00  0.210979167811666E+00  0.816231532749180E+00 
 0.396748904717849E+00  0.253833252055354E+00  0.885719910467798E+00 
 0.400731411838979E+00  0.247498179406131E+00  0.850846294309881E+00 
 0.408736242509621E+00  0.234042084469713E+00  0.819989358145173E+00 
 0.443197612695785E+00  0.159426752286318E+00  0.741607302597842E+00 
 0.431777732084752E+00  0.188172801752956E+00  0.743448037397597E+00 
 0.420197953185009E+00  0.212778507803164E+00  0.745885801667659E+00 
 0.428693877923991E+00  0.195096315378584E+00  0.697684797285864E+00 
 0.417274030913822E+00  0.218456852418829E+00  0.700939293837900E+00 
 0.402759565796753E+00  0.244183835261513E+00  0.701781029182330E+00 
 0.397200160912817E+00  0.253126540320533E+00  0.642740032278863E+00 
 0.444934376573004E+00  0.154513474452549E+00  0.589636251704153E+00 
 0.433416494986667E+00  0.184366903530111E+00  0.591967725898727E+00 
 0.421476635375057E+00  0.210234295672073E+00  0.596856107817447E+00 
 0.430400707392853E+00  0.191301448817153E+00  0.546159895724453E+00 
 0.418127710618300E+00  0.216818428314825E+00  0.548668359573449E+00 
 0.401689613779502E+00  0.245939967116948E+00  0.550982831861274E+00 
 0.442791859333762E+00  0.160550249303936E+00  0.472959682760974E+00 
 0.465793599276628E+00  0.698379274945573E-01  0.233422277126031E-01 
 0.468105780091779E+00  0.521343637965985E-01  0.458466980533058E-01 
 0.469982189663624E+00  0.309476112614789E-01  0.666976999413628E-01 
 0.431371405709276E+00  0.189102415585346E+00  0.473098166169124E+00 
 0.419478288890862E+00  0.214193787008415E+00  0.473378273176763E+00 
 0.429842061980707E+00  0.192553408165069E+00  0.395534399826359E+00 
 0.418493964884769E+00  0.216110653598654E+00  0.396079140393946E+00 
 0.403930577524403E+00  0.242241825010904E+00  0.395500752072854E+00 
 0.445412550501584E+00  0.153129595766069E+00  0.349811511636651E+00 
 0.433815449640640E+00  0.183426194685760E+00  0.349683881188137E+00 
 0.422499770151248E+00  0.208170500950433E+00  0.351472778994341E+00 
 0.430897066112629E+00  0.190180786777576E+00  0.304249686975664E+00 
 0.419277499521076E+00  0.214586559782215E+00  0.307013082852341E+00 
 0.404157844241120E+00  0.241862461291913E+00  0.309317753177267E+00 
 0.393244793251131E+00  0.259228751925176E+00  0.221866668136903E+00 
 0.356136570018575E+00  0.308233282984184E+00  0.157295276116541E+00 
 0.373128024268045E+00  0.287430845160415E+00  0.169557135581314E+00 
 0.374710187181872E+00  0.285365185097853E+00  0.139069551975687E+00 
 0.390429063569435E+00  0.263450487879797E+00  0.152544318815974E+00 
 0.391334397329717E+00  0.262103801403941E+00  0.119569825635517E+00 
 0.409675576949836E+00  0.232393921810858E+00  0.133477508116385E+00 
 0.406026763860885E+00  0.238711709542009E+00  0.962184209629487E-01 
 0.403782842100975E+00  0.242487999019891E+00  0.166821884604392E+00 
 0.434740773193924E+00  0.181222165770521E+00  0.164592993379624E+00 
 0.429091972535158E+00  0.194219186358343E+00  0.134112422281858E+00 
 0.422742010718128E+00  0.207678129849547E+00  0.102888767219347E+00 
 0.417713129079302E+00  0.217616072564942E+00  0.709679032668046E-01 
 0.419325347752590E+00  0.214493044120272E+00  0.165049432072884E+00 
 0.466731014765922E+00  0.632706337836369E-01  0.159314280165925E+00 
 0.464193258383507E+00  0.797849115755151E-01  0.136855959496555E+00 
 0.456276510981496E+00  0.116845020306214E+00  0.153314920443618E+00 
 0.457144404753597E+00  0.113401968440971E+00  0.121698990272194E+00 
 0.457559184834257E+00  0.111716630890918E+00  0.943935810208101E-01 
 0.447142852482890E+00  0.148000955122833E+00  0.170824000365424E+00 
 0.445566625874787E+00  0.152680696718229E+00  0.135610815205676E+00 
 0.449734063077219E+00  0.139929574257417E+00  0.101660180370549E+00 
 0.453381301972218E+00  0.127618212907808E+00  0.734551806643142E-01 
 0.460299034690202E+00  0.998289131818900E-01  0.241607600993313E-01 
 0.463635285396540E+00  0.829658687598646E-01  0.477241656481644E-01 
 0.466527167029823E+00  0.647565878265501E-01  0.713308476311617E-01 
 0.468965776907093E+00  0.437277181400438E-01  0.920666289922765E-01 
 0.470257663225154E+00  0.264337553484776E-01  0.112404965008725E+00 
 0.427161663127132E+00  0.198428644097250E+00  0.514171716301558E-01 
 0.438283650229580E+00  0.172477404854209E+00  0.507391812998970E-01 
 0.448649075028955E+00  0.143370222568944E+00  0.497152777552397E-01 
 0.469948893834416E+00  0.314491721292488E-01  0.965451813746628E+00 
 0.466992883192826E+00  0.613079137718966E-01  0.980570124860881E+00 
 0.470152840718134E+00  0.282368484161091E-01  0.927343290590590E+00 
 0.468066261956761E+00  0.524879763530054E-01  0.940822670918661E+00 
 0.465880802006366E+00  0.692538198637116E-01  0.958872682393324E+00 
 0.462962492984408E+00  0.866414642851320E-01  0.978498238194955E+00 
 0.469944789799749E+00  0.315104392840760E-01  0.898515310562388E+00 
 0.467553778036137E+00  0.568724703872168E-01  0.916520797581270E+00 
 0.464364864269274E+00  0.787799852499945E-01  0.934866339831676E+00 
 0.460823417088316E+00  0.973796257276472E-01  0.955285091703175E+00 
 0.456849540601306E+00  0.114584076102148E+00  0.977036835451084E+00 
 0.470424621236933E+00  0.232742127233863E-01  0.851899954029254E+00 
 0.469332344304703E+00  0.396000483997063E-01  0.871972199819461E+00 
 0.466819337691455E+00  0.626156466158542E-01  0.890948472205200E+00 
 0.462958506770750E+00  0.866627616246320E-01  0.908779551190487E+00 
 0.458618147636123E+00  0.107286569069102E+00  0.930329733969707E+00 
 0.454071744387128E+00  0.125139379066053E+00  0.952602605821061E+00 
 0.448364449434080E+00  0.144257872324115E+00  0.974926586639442E+00 
 0.470368623823943E+00  0.243797244811116E-01  0.826075994805336E+00 
 0.468260330518148E+00  0.507274689575983E-01  0.842702181732704E+00 
 0.466345881735265E+00  0.660494650422620E-01  0.866577356756167E+00 
 0.461468960882140E+00  0.942730681911206E-01  0.878415120847404E+00 
 0.456144420686103E+00  0.117359621338632E+00  0.903853294525323E+00 
 0.450972760857308E+00  0.135884444321429E+00  0.927455979872442E+00 
 0.446380202444686E+00  0.150285488684860E+00  0.949637179531966E+00 
 0.436305351148326E+00  0.177422247204639E+00  0.964157727077049E+00 
 0.340695646874396E+00  0.325219140649257E+00  0.975002104162556E+00 
 0.359118406004182E+00  0.304753972431565E+00  0.969193796033323E+00 
 0.344734806987722E+00  0.320934457631060E+00  0.947198350672632E+00 
 0.334475989644882E+00  0.331612462966762E+00  0.926343419377014E+00 
 0.387542939576211E+00  0.267677946847397E+00  0.976036612620760E+00 
 0.374818236459726E+00  0.285223250912380E+00  0.959200279002532E+00 
 0.453065255665997E+00  0.128735726789850E+00  0.246371519856443E-01 
 0.457135120081775E+00  0.113439390123663E+00  0.486662386496209E-01 
 0.460972906754765E+00  0.966695013014545E-01  0.725027200712469E-01 
 0.464064867112813E+00  0.805283326250947E-01  0.101148808936434E+00 
 0.467958976922238E+00  0.534360286857242E-01  0.118003448532882E+00 
 0.469791719761090E+00  0.337157720914638E-01  0.144785343872214E+00 
 0.361716764702745E+00  0.301665369866651E+00  0.937822444489258E+00 
 0.349226780069605E+00  0.316040613412295E+00  0.916873161296140E+00 
 0.335957479417107E+00  0.330111474001600E+00  0.896585836076838E+00 
 0.401068682301466E+00  0.246951261022852E+00  0.970835520480323E+00 
 0.389756271994272E+00  0.264444817844736E+00  0.948339533533498E+00 
 0.377499920009407E+00  0.281664381199856E+00  0.927644446135395E+00 
 0.364805968197819E+00  0.297922169049327E+00  0.906812075154510E+00 
 0.351389317456375E+00  0.313634438194128E+00  0.887155723380955E+00 
 0.337234576648671E+00  0.328806711544026E+00  0.867026034819342E+00 
 0.382885122691487E+00  0.274299099643677E+00  0.812343612111048E+00 
 0.368693974029298E+00  0.293096855592632E+00  0.804074102876037E+00 
 0.350713549429254E+00  0.314389916330881E+00  0.808095606119528E+00 
 0.423784833135710E+00  0.205541792460680E+00  0.976694787008501E+00 
 0.413743122421797E+00  0.225072525849945E+00  0.961658926539374E+00 
 0.403887984888976E+00  0.242312832731025E+00  0.939809361948860E+00 
 0.392920482115772E+00  0.259720056941543E+00  0.917675429992972E+00 
 0.380620320137046E+00  0.277433208435075E+00  0.896349531441770E+00 
 0.367237728369798E+00  0.294919419682047E+00  0.875756763413172E+00 
 0.353193910314575E+00  0.311600826315503E+00  0.860183713422834E+00 
 0.341984714253586E+00  0.323863348436802E+00  0.837233675825999E+00 
 0.470520618118518E+00  0.212452622759379E-01  0.799992122413838E+00 
 0.468492374182169E+00  0.485377026337560E-01  0.807330513259034E+00 
 0.464307637067778E+00  0.791165684565966E-01  0.801138016861540E+00 
 0.458510343262700E+00  0.107746361260737E+00  0.798566141154198E+00 
 0.450588081599512E+00  0.137154635227097E+00  0.797512434045011E+00 
 0.440523104764701E+00  0.166674555383463E+00  0.797267980673475E+00 
 0.428943680423929E+00  0.194546478426581E+00  0.795318628584513E+00 
 0.415500578750171E+00  0.221811366485319E+00  0.792598087828364E+00 
 0.398797302580380E+00  0.250602722847186E+00  0.793151217589129E+00 
 0.381395487534218E+00  0.276366595905408E+00  0.783373556310800E+00 
 0.363284717438097E+00  0.299775294712100E+00  0.779266219706283E+00 
 0.343364350248730E+00  0.322400273297142E+00  0.779867405445555E+00 
 0.470393283533517E+00  0.238992060613151E-01  0.714257274091542E+00 
 0.467888046031775E+00  0.540535810504425E-01  0.744304983285560E+00 
 0.461097688719128E+00  0.960725491578476E-01  0.743650611196454E+00 
 0.453072275491472E+00  0.128711019049596E+00  0.742509129073678E+00 
 0.469960744384015E+00  0.312715842551669E-01  0.774591805121040E+00 
 0.467168554900174E+00  0.599546041292354E-01  0.780073205696439E+00 
 0.462877293789234E+00  0.870954886211985E-01  0.772945247410880E+00 
 0.456037295761001E+00  0.117775201629208E+00  0.770785375966436E+00 
 0.447128955942440E+00  0.148042932967533E+00  0.769824779325564E+00 
 0.436475767537302E+00  0.177002592061616E+00  0.769532633126394E+00 
 0.424373968525358E+00  0.204322656800096E+00  0.769160834888260E+00 
 0.410484547035633E+00  0.230962009622282E+00  0.765070546536784E+00 
 0.394974951219400E+00  0.256584880990760E+00  0.759176241779773E+00 
 0.377398336061875E+00  0.281800477610550E+00  0.754022998217524E+00 
 0.358837817089965E+00  0.305084306823398E+00  0.751035665346643E+00 
 0.339856224066615E+00  0.326096243779328E+00  0.749824320931487E+00 
 0.468359433930654E+00  0.498041553684684E-01  0.708255520927888E+00 
 0.464518679526641E+00  0.778678984860642E-01  0.714330927061172E+00 
 0.458150990977303E+00  0.109264279205616E+00  0.715793522579719E+00 
 0.449557539191345E+00  0.140495666125429E+00  0.713466550737157E+00 
 0.438134286530200E+00  0.172856472862547E+00  0.712069875604625E+00 
 0.431445974768554E+00  0.188932220914861E+00  0.257969035949646E-01 
 0.415281936046357E+00  0.222220446488169E+00  0.339036396580364E-01 
 0.401951883497359E+00  0.245511092614441E+00  0.623964907903358E-01 
 0.388617412122812E+00  0.266115614421207E+00  0.871786205382036E-01 
 0.374012348552103E+00  0.286279193051724E+00  0.108673697819826E+00 
 0.359463366112474E+00  0.304347008637991E+00  0.126480622579723E+00 
 0.347850152465866E+00  0.317555167920910E+00  0.139070791138703E+00 
 0.336287051583577E+00  0.329775730127355E+00  0.151544422921056E+00 
 0.424693843862447E+00  0.203656947411941E+00  0.721807090674021E+00 
 0.409009987409066E+00  0.233563360661401E+00  0.731058465321849E+00 
 0.391096510951181E+00  0.262458629817391E+00  0.728078970130613E+00 
 0.373062914775605E+00  0.287515347178086E+00  0.724276516393841E+00 
 0.354437810346283E+00  0.310185189589600E+00  0.721447320515639E+00 
 0.336308144853844E+00  0.329754219000714E+00  0.720011612639194E+00 
 0.386430234333710E+00  0.269281798933018E+00  0.698049361326177E+00 
 0.368259468394743E+00  0.293642601101111E+00  0.694338937370457E+00 
 0.347973162618845E+00  0.317420370078611E+00  0.691667403398313E+00 
 0.450162415543771E+00  0.138545345918235E+00  0.646308335906443E+00 
 0.438364922662391E+00  0.172270739892194E+00  0.647849378320695E+00 
 0.426349264818646E+00  0.200168223333302E+00  0.647733971126378E+00 
 0.413707058603348E+00  0.225138808084209E+00  0.649459932654474E+00 
 0.469082387343010E+00  0.424585342232848E-01  0.654310410961026E+00 
 0.464855103250760E+00  0.758336747463518E-01  0.657748909867710E+00 
 0.457702272621929E+00  0.111128947086387E+00  0.659356637913291E+00 
 0.470006225692720E+00  0.305804031021445E-01  0.682724384066735E+00 
 0.466907889212927E+00  0.619518864485945E-01  0.683859064803293E+00 
 0.461798834980928E+00  0.926436681811935E-01  0.686904549392918E+00 
 0.455256999816498E+00  0.120756272557113E+00  0.690488332974687E+00 
 0.447232016642303E+00  0.147731298423405E+00  0.678592768283006E+00 
 0.436338538393205E+00  0.177340613387600E+00  0.680964154261533E+00 
 0.425009881510854E+00  0.202996585838138E+00  0.673002861054306E+00 
 0.411894796072744E+00  0.228437497386056E+00  0.678905398610892E+00 
 0.399001729218650E+00  0.250277113065374E+00  0.672603870382994E+00 
 0.382662002493526E+00  0.274610278561185E+00  0.668152920017513E+00 
 0.364056392133401E+00  0.298837675989182E+00  0.664322250972382E+00 
 0.343412938301285E+00  0.322348517991136E+00  0.661033552705982E+00 
 0.379730081234831E+00  0.278650459624948E+00  0.638415590338992E+00 
 0.360999572553485E+00  0.302523258378600E+00  0.634248641407845E+00 
 0.341373100907116E+00  0.324507964803430E+00  0.629645923959098E+00 
 0.443614809525769E+00  0.158262168610260E+00  0.249846565246659E-01 
 0.470443615221681E+00  0.228870736652890E-01  0.570695508766792E+00 
 0.469302268065033E+00  0.399549049907978E-01  0.596552565728880E+00 
 0.463911283246355E+00  0.814084425629837E-01  0.595691100072806E+00 
 0.454808575670493E+00  0.122434360946524E+00  0.592516081519590E+00 
 0.470278313180233E+00  0.260637947382905E-01  0.623209347346382E+00 
 0.467303079021002E+00  0.588969063814179E-01  0.626655602674185E+00 
 0.462568916805151E+00  0.887187153283859E-01  0.632640651134030E+00 
 0.456573686885028E+00  0.115678354448962E+00  0.624089392162030E+00 
 0.448021674943535E+00  0.145318932092811E+00  0.618701057309894E+00 
 0.438665222363214E+00  0.171504623648576E+00  0.614509426033968E+00 
 0.426610368356274E+00  0.199611139104848E+00  0.621903905089762E+00 
 0.410838422545060E+00  0.230331942649080E+00  0.617625554607901E+00 
 0.394403246325496E+00  0.257462798345159E+00  0.612009121369507E+00 
 0.376684656147601E+00  0.282753749872162E+00  0.609524960535000E+00 
 0.358630944960265E+00  0.305327461196518E+00  0.604398872941556E+00 
 0.340308531211044E+00  0.325624195705396E+00  0.598060034903592E+00 
 0.468430927671828E+00  0.491271741943234E-01  0.567441421669505E+00 
 0.465069478125939E+00  0.745076758426772E-01  0.560563902357911E+00 
 0.459741434353432E+00  0.102366140800839E+00  0.563944035007147E+00 
 0.451475220571595E+00  0.134205582796080E+00  0.562236516366754E+00 
 0.439862791441387E+00  0.168409435451813E+00  0.560617446913497E+00 
 0.425938290868885E+00  0.201041253516545E+00  0.570932247023210E+00 
 0.409325890128182E+00  0.233009289331097E+00  0.581824466478282E+00 
 0.396535810094083E+00  0.254166017706616E+00  0.300754393203598E-01 
 0.384137093299824E+00  0.272543036592333E+00  0.564443523612367E-01 
 0.370624691628907E+00  0.290651597619525E+00  0.796673445218151E-01 
 0.355993527394307E+00  0.308398478752996E+00  0.100251667739654E+00 
 0.339318245173139E+00  0.326655999082255E+00  0.120875040811560E+00 
 0.389963155121723E+00  0.264139642786386E+00  0.581687852494418E+00 
 0.372971334196624E+00  0.287634137597392E+00  0.583858777095352E+00 
 0.358149075053383E+00  0.305892551858017E+00  0.573114018745402E+00 
 0.339528250795496E+00  0.326437712520406E+00  0.563430593441138E+00 
 0.380131541969843E+00  0.278102542317463E+00  0.552550707438167E+00 
 0.360974853290076E+00  0.302552753310909E+00  0.541833536204596E+00 
 0.344419870495795E+00  0.321272417196783E+00  0.532208108938277E+00 
 0.470315544225840E+00  0.253831066529936E-01  0.538862902677468E+00 
 0.467784937621027E+00  0.549387420560567E-01  0.537841977646736E+00 
 0.463452405923229E+00  0.839814306128480E-01  0.535908049938462E+00 
 0.457216956739269E+00  0.113109096512565E+00  0.534576514824726E+00 
 0.448659469373799E+00  0.143337691431901E+00  0.532119293598362E+00 
 0.438520572001063E+00  0.171874143417990E+00  0.527175860201992E+00 
 0.426738560212541E+00  0.199336937047649E+00  0.522819551016125E+00 
 0.412845567892616E+00  0.226714689235690E+00  0.521728319457269E+00 
 0.396340413966216E+00  0.254470606359357E+00  0.520253205961004E+00 
 0.377968826922012E+00  0.281034836130691E+00  0.517285465724777E+00 
 0.359549463733851E+00  0.304245289811534E+00  0.511221211926844E+00 
 0.340657808833378E+00  0.325258774708148E+00  0.506483712380003E+00 
 0.470268227870942E+00  0.262451347668343E-01  0.448589331530922E+00 
 0.467418107013811E+00  0.579769478278673E-01  0.477021264790750E+00 
 0.460394602757087E+00  0.993872375909158E-01  0.478574334994914E+00 
 0.452451208882265E+00  0.130877487845630E+00  0.476796783662910E+00 
 0.469705104098566E+00  0.349016966287004E-01  0.506333912047702E+00 
 0.466545249588837E+00  0.646261814584497E-01  0.512815693624356E+00 
 0.462003210329092E+00  0.916190312621906E-01  0.507411834411597E+00 
 0.454992529895681E+00  0.121748967071327E+00  0.505352541255297E+00 
 0.446001762614151E+00  0.151404890901439E+00  0.502311149159924E+00 
 0.435301951855918E+00  0.179870019609263E+00  0.499392098869782E+00 
 0.422940290024335E+00  0.207274031943084E+00  0.497448157493680E+00 
 0.408797878857700E+00  0.233934408510712E+00  0.492374351132623E+00 
 0.392377844266064E+00  0.260539134436509E+00  0.488374691425634E+00 
 0.374353363667342E+00  0.285833119765280E+00  0.487002936535114E+00 
 0.356278118429471E+00  0.308069660259104E+00  0.482493480582047E+00 
 0.338553500409774E+00  0.327448531229098E+00  0.478301146283111E+00 
 0.470419531059418E+00  0.233768697999176E-01  0.416590202019923E+00 
 0.468122635598770E+00  0.519827979611607E-01  0.436362511029626E+00 
 0.463580658867635E+00  0.832705588287924E-01  0.447390941122419E+00 
 0.457480383577106E+00  0.112038885597599E+00  0.453977390703337E+00 
 0.450093312702195E+00  0.138769676459124E+00  0.446537016810983E+00 
 0.438272846032918E+00  0.172504856957750E+00  0.441273604480290E+00 
 0.425288856960723E+00  0.202411465556801E+00  0.451358665586269E+00 
 0.408480136865973E+00  0.234488786575750E+00  0.453233124076660E+00 
 0.386623584708886E+00  0.269004120768918E+00  0.457854186143766E+00 
 0.369350457785981E+00  0.292269144072875E+00  0.461360627306221E+00 
 0.353511605444615E+00  0.311240354163425E+00  0.450881484641674E+00 
 0.335494547062541E+00  0.330581944659876E+00  0.452645883540716E+00 
 0.468662579804552E+00  0.468657607934665E-01  0.409155363715622E+00 
 0.465235126356628E+00  0.734662538022911E-01  0.414310086755443E+00 
 0.458482444647275E+00  0.107865013762880E+00  0.421660438495566E+00 
 0.449061551746926E+00  0.142072995275135E+00  0.414807915580089E+00 
 0.438984643505735E+00  0.170685371399982E+00  0.406705352676747E+00 
 0.425382057685782E+00  0.202215524237931E+00  0.422848998215931E+00 
 0.410815456775264E+00  0.230372901440997E+00  0.419405159914786E+00 
 0.395403910448990E+00  0.255923349551105E+00  0.425775310242039E+00 
 0.378175437843276E+00  0.280756747836723E+00  0.273606376099220E-01 
 0.365638793993618E+00  0.296899453638259E+00  0.516882865517382E-01 
 0.352581554926584E+00  0.312293548395346E+00  0.733625427673420E-01 
 0.337906286378255E+00  0.328116373974024E+00  0.922019864421838E-01 
 0.374728055381015E+00  0.285341721019147E+00  0.430779658368744E+00 
 0.358422907533012E+00  0.305571648880235E+00  0.424499971297693E+00 
 0.340224889223864E+00  0.325711587138704E+00  0.419931003059100E+00 
 0.386385307953853E+00  0.269346258636005E+00  0.397105957763398E+00 
 0.364535237699361E+00  0.298253371681319E+00  0.397270389107511E+00 
 0.345727918938185E+00  0.319864376432380E+00  0.386819786396847E+00 
 0.470429770520890E+00  0.231698996861798E-01  0.326332562656361E+00 
 0.468741709890579E+00  0.460675878754723E-01  0.358135637091093E+00 
 0.464961537596511E+00  0.751783333128539E-01  0.348300169544014E+00 
 0.457407039707473E+00  0.112337942253961E+00  0.351092680983452E+00 
 0.470064058350660E+00  0.296781786960139E-01  0.384857244445258E+00 
 0.467489237242933E+00  0.574005775740171E-01  0.388869445526541E+00 
 0.463195944560220E+00  0.853846015788310E-01  0.381368818182065E+00 
 0.455867518117670E+00  0.118430651307179E+00  0.390463985130851E+00 
 0.447802626206110E+00  0.145992538188487E+00  0.381768973901930E+00 
 0.437672524497162E+00  0.174022339209910E+00  0.376165864541204E+00 
 0.426347968187825E+00  0.200170985075071E+00  0.373242671078062E+00 
 0.413472614889380E+00  0.225569080284402E+00  0.370172813191146E+00 
 0.398155058663555E+00  0.251621864122399E+00  0.367282016591206E+00 
 0.379926820596206E+00  0.278382155023386E+00  0.366888226442507E+00 
 0.360710595817219E+00  0.302867758780942E+00  0.364832191072440E+00 
 0.340939408910439E+00  0.324963586722581E+00  0.359403631815351E+00 
 0.468114026126736E+00  0.520602707179592E-01  0.324728129661749E+00 
 0.463996683748379E+00  0.809202738151396E-01  0.321174616407617E+00 
 0.458792987042078E+00  0.106536417645874E+00  0.316091156851322E+00 
 0.451453906024211E+00  0.134277265310582E+00  0.320238517087897E+00 
 0.440124782167440E+00  0.167723550421133E+00  0.319027515374871E+00 
 0.426825334662584E+00  0.199151065610967E+00  0.328056626488419E+00 
 0.411277780002491E+00  0.229546511452548E+00  0.337842450446652E+00 
 0.392752428330674E+00  0.259974120412337E+00  0.337774615559191E+00 
 0.373854711580654E+00  0.286485022074020E+00  0.337305160697554E+00 
 0.355849584846422E+00  0.308564557602510E+00  0.338691882510089E+00 
 0.339452946176177E+00  0.326516018866025E+00  0.326231870939910E+00 
 0.386215208183825E+00  0.269590107777219E+00  0.308593125204040E+00 
 0.364245274205684E+00  0.298607423656262E+00  0.308209338462182E+00 
 0.346309808305210E+00  0.319234286873157E+00  0.295401844506320E+00 
 0.470121143910445E+00  0.287597512531069E-01  0.296360323480752E+00 
 0.359410023176986E+00  0.304410000630273E+00  0.251979740664692E-01 
 0.346423751339567E+00  0.319110635597791E+00  0.476068051087656E-01 
 0.335929927801135E+00  0.330139511193872E+00  0.675608129604324E-01 
 0.467329810302623E+00  0.586844242224851E-01  0.294991663001244E+00 
 0.462709129871669E+00  0.879845121439729E-01  0.292999767285664E+00 
 0.456375964970009E+00  0.116455965246529E+00  0.292604279904753E+00 
 0.448208277165363E+00  0.144742369485451E+00  0.290797723575600E+00 
 0.438578105129453E+00  0.171727280724019E+00  0.285573166353620E+00 
 0.427031831920197E+00  0.198707895592225E+00  0.281248182204964E+00 
 0.413948592210229E+00  0.224694406363358E+00  0.282183018374546E+00 
 0.398644868467062E+00  0.250845135668782E+00  0.281617852644017E+00 
 0.381383536598411E+00  0.276383087860845E+00  0.278665703302951E+00 
 0.362483442715335E+00  0.300743689877348E+00  0.273873758062091E+00 
 0.342329970753996E+00  0.323498383871345E+00  0.267908081274531E+00 
 0.448945963760104E+00  0.142437828077086E+00  0.228243527590838E+00 
 0.437328211574992E+00  0.174885815904054E+00  0.226739129478755E+00 
 0.424716616957225E+00  0.203609450969794E+00  0.225871044935502E+00 
 0.411031755221309E+00  0.229986759278663E+00  0.228106179433569E+00 
 0.468842023539644E+00  0.450352107473704E-01  0.238941217882784E+00 
 0.464194251692385E+00  0.797791322311625E-01  0.238692567639422E+00 
 0.456664871599749E+00  0.115317857639622E+00  0.240162837802662E+00 
 0.469735885597314E+00  0.344849391171519E-01  0.266778292230628E+00 
 0.466143464484453E+00  0.674632030238857E-01  0.266494128022260E+00 
 0.460576644212868E+00  0.985401849471673E-01  0.266405370680620E+00 
 0.453901357827972E+00  0.125755996301287E+00  0.268914883554762E+00 
 0.446014186383179E+00  0.151368288583694E+00  0.257383406669989E+00 
 0.434944693198203E+00  0.180732197193885E+00  0.260020720829255E+00 
 0.422982341002257E+00  0.207188205369084E+00  0.253069426309434E+00 
 0.408829733557279E+00  0.233878733969756E+00  0.258859313385522E+00 
 0.395221544898537E+00  0.256204886159152E+00  0.252380022946271E+00 
 0.378256049406257E+00  0.280648132599128E+00  0.248580862871824E+00 
 0.339883602479812E+00  0.326067707706773E+00  0.235826531337576E-01 
 0.359676759372749E+00  0.304094791160456E+00  0.243975087048173E+00 
 0.340411237735584E+00  0.325516823631486E+00  0.237714036025768E+00 
 0.375220843194076E+00  0.284693400128159E+00  0.220138427240968E+00 
 0.357007529494754E+00  0.307224082922964E+00  0.215492202997327E+00 
 0.339193005084999E+00  0.326786043987824E+00  0.207643745937020E+00 
 0.468133066411541E+00  0.518887789019667E-01  0.183850435102476E+00 
 0.462717999030049E+00  0.879378565660841E-01  0.171768716701825E+00 
 0.455825898959665E+00  0.118590737755610E+00  0.184897991468151E+00 
 0.470157382174872E+00  0.281611297762905E-01  0.208142860823671E+00 
 0.467251273497853E+00  0.593064976072989E-01  0.214860041544745E+00 
 0.462154735142583E+00  0.908516044387681E-01  0.206337085021464E+00 
 0.454914498335539E+00  0.122040208324683E+00  0.212152758192490E+00 
 0.447750766310880E+00  0.146151512177690E+00  0.201389763946806E+00 
 0.438785671242651E+00  0.171196226465258E+00  0.192061998137644E+00 
 0.425305942957559E+00  0.202375562083944E+00  0.197179191588184E+00 
 0.407768486467604E+00  0.235724149564127E+00  0.195285239106032E+00 
 0.388482189607965E+00  0.266312976779596E+00  0.189133515095500E+00 
 0.370345159908185E+00  0.291007690235818E+00  0.196130897934742E+00 
 0.355622122896288E+00  0.308826681085915E+00  0.186878264119418E+00 
 0.338438874822967E+00  0.327567002691615E+00  0.178349244774053E+00 
 0.485637608411244E+00  0.000000000000000E+00  0.977244536603508E+00 
