 0.500000000000000E+00 -0.462592926927149E-17  0.000000000000000E+00 
 0.348378327105232E+00  0.358653790170074E+00  0.000000000000000E+00 
 0.357311813766749E+00  0.349754582161144E+00  0.000000000000000E+00 
 0.371111730249514E+00  0.335076235610960E+00  0.000000000000000E+00 
 0.389118437972677E+00  0.313985415632166E+00  0.000000000000000E+00 
 0.403015788444791E+00  0.295936267233713E+00  0.000000000000000E+00 
 0.415696087012659E+00  0.277843055055123E+00  0.000000000000000E+00 
 0.432473193207912E+00  0.250932136555986E+00  0.000000000000000E+00 
 0.448049313269485E+00  0.221927494643505E+00  0.000000000000000E+00 
 0.461927402768679E+00  0.191371561553390E+00  0.000000000000000E+00 
 0.473679258592886E+00  0.160087351089627E+00  0.000000000000000E+00 
 0.482915597369069E+00  0.129585978476358E+00  0.000000000000000E+00 
 0.488264043758693E+00  0.107695048968879E+00  0.000000000000000E+00 
 0.492561573288677E+00  0.859249470141451E-01  0.000000000000000E+00 
 0.496783973415227E+00  0.566187580027950E-01  0.000000000000000E+00 
 0.498687286436766E+00  0.362076006707746E-01  0.000000000000000E+00 
 0.499705738263129E+00  0.171515348264149E-01  0.000000000000000E+00 
 0.342200000863522E+00  0.364553369767727E+00  0.000000000000000E+00 
 0.342200000863522E+00  0.356810735973575E+00  0.000000000000000E+00 
 0.342200000863522E+00  0.360129808444119E+00  0.000000000000000E+00 
 0.342200000863522E+00  0.353779592767943E+00  0.000000000000000E+00 
 0.492009213606951E+00  0.137030863645426E-01  0.000000000000000E+00 
 0.489016263559575E+00  0.558921714042617E-01  0.000000000000000E+00 
 0.484614024496234E+00  0.860818686578049E-01  0.000000000000000E+00 
 0.475960577593107E+00  0.125388872820861E+00  0.000000000000000E+00 
 0.466409181350197E+00  0.157236498314755E+00  0.000000000000000E+00 
 0.454456541233014E+00  0.189024053973498E+00  0.000000000000000E+00 
 0.440562459526660E+00  0.219466535275590E+00  0.000000000000000E+00 
 0.425107553652278E+00  0.248081455731430E+00  0.000000000000000E+00 
 0.408283179312102E+00  0.274892135829394E+00  0.000000000000000E+00 
 0.384475237291058E+00  0.307310319969934E+00  0.000000000000000E+00 
 0.370085689341349E+00  0.324495644646854E+00  0.000000000000000E+00 
 0.356232777023372E+00  0.339645476083899E+00  0.000000000000000E+00 
 0.492200000863543E+00  0.104083408558608E-16  0.000000000000000E+00 
 0.497359510304942E+00  0.000000000000000E+00  0.000000000000000E+00 
 0.494749550951878E+00  0.000000000000000E+00  0.000000000000000E+00 
 0.364883865211830E+00  0.333497944078673E+00  0.000000000000000E+00 
 0.357523377875437E+00  0.344932934308166E+00  0.000000000000000E+00 
 0.375975460556091E+00  0.324831922243226E+00  0.000000000000000E+00 
 0.399404215635873E+00  0.293598671578619E+00  0.000000000000000E+00 
 0.420169269207030E+00  0.263982145790293E+00  0.000000000000000E+00 
 0.436108752689632E+00  0.236437608842452E+00  0.000000000000000E+00 
 0.450843159760511E+00  0.207009391014022E+00  0.000000000000000E+00 
 0.463798044176615E+00  0.175960457835044E+00  0.000000000000000E+00 
 0.474815273119461E+00  0.144064980374609E+00  0.000000000000000E+00 
 0.484058750794540E+00  0.106936921660153E+00  0.000000000000000E+00 
 0.491216414846919E+00  0.709955456694078E-01  0.000000000000000E+00 
 0.494223910436719E+00  0.357375953676721E-01  0.000000000000000E+00 
 0.342200000863522E+00  0.364553369767727E+00  0.100000000000000E+01 
 0.499765430405447E+00  0.153138686052325E-01  0.100000000000000E+01 
 0.498218019662647E+00  0.421758803515739E-01  0.100000000000000E+01 
 0.494300296280992E+00  0.752809211986934E-01  0.100000000000000E+01 
 0.488061337475544E+00  0.108609994298792E+00  0.100000000000000E+01 
 0.479703726169854E+00  0.141011826095394E+00  0.100000000000000E+01 
 0.469913690828370E+00  0.170824831836765E+00  0.100000000000000E+01 
 0.458305200830358E+00  0.199890827432990E+00  0.100000000000000E+01 
 0.444840172453738E+00  0.228291964316156E+00  0.100000000000000E+01 
 0.433874381346723E+00  0.248501551727547E+00  0.100000000000000E+01 
 0.422758093930335E+00  0.266974893981419E+00  0.100000000000000E+01 
 0.407239992401374E+00  0.290095826562411E+00  0.100000000000000E+01 
 0.390720969898843E+00  0.311988980063892E+00  0.100000000000000E+01 
 0.375270138494383E+00  0.330412353210964E+00  0.100000000000000E+01 
 0.363870503312910E+00  0.342926022370437E+00  0.100000000000000E+01 
 0.355858391731419E+00  0.351233262995303E+00  0.100000000000000E+01 
 0.347966109675141E+00  0.359053737645980E+00  0.100000000000000E+01 
 0.500000000000000E+00 -0.462592926927149E-17  0.100000000000000E+01 
 0.494809791159139E+00  0.000000000000000E+00  0.100000000000000E+01 
 0.497414391503604E+00  0.000000000000000E+00  0.100000000000000E+01 
 0.492200000863543E+00  0.104083408558608E-16  0.100000000000000E+01 
 0.363435997433605E+00  0.331926372286809E+00  0.100000000000000E+01 
 0.382340408189771E+00  0.309962341447019E+00  0.100000000000000E+01 
 0.400036079522036E+00  0.286761182747389E+00  0.100000000000000E+01 
 0.417329517545950E+00  0.260953855374685E+00  0.100000000000000E+01 
 0.437369718919171E+00  0.225762197505732E+00  0.100000000000000E+01 
 0.450896069805371E+00  0.197366600731026E+00  0.100000000000000E+01 
 0.462274850253975E+00  0.169005336225554E+00  0.100000000000000E+01 
 0.472680260685168E+00  0.137237793659944E+00  0.100000000000000E+01 
 0.480532330431064E+00  0.106534127210692E+00  0.100000000000000E+01 
 0.486443895372531E+00  0.750544968996080E-01  0.100000000000000E+01 
 0.490536992892019E+00  0.404264697259143E-01  0.100000000000000E+01 
 0.491978228210630E+00  0.147737543222040E-01  0.100000000000000E+01 
 0.342200000863522E+00  0.353779592767943E+00  0.100000000000000E+01 
 0.342200000863522E+00  0.360127000723831E+00  0.100000000000000E+01 
 0.342200000863522E+00  0.356789317819766E+00  0.100000000000000E+01 
 0.495662931780311E+00  0.221930321528702E-01  0.100000000000000E+01 
 0.492600339379833E+00  0.586232296222469E-01  0.100000000000000E+01 
 0.487466608525472E+00  0.920663295767709E-01  0.100000000000000E+01 
 0.480248750136412E+00  0.124373090076531E+00  0.100000000000000E+01 
 0.471016999661918E+00  0.155654291790763E+00  0.100000000000000E+01 
 0.460225326784528E+00  0.185199886275214E+00  0.100000000000000E+01 
 0.447891467534280E+00  0.213575201798535E+00  0.100000000000000E+01 
 0.430181119977862E+00  0.246384827962745E+00  0.100000000000000E+01 
 0.411681612184663E+00  0.276985301139773E+00  0.100000000000000E+01 
 0.394803596101677E+00  0.300330790080695E+00  0.100000000000000E+01 
 0.378118870556963E+00  0.321223767040241E+00  0.100000000000000E+01 
 0.356737569826742E+00  0.344227765921128E+00  0.100000000000000E+01 
 0.500000000000000E+00 -0.138777878078145E-16  0.979350364606555E+00 
 0.500000000000000E+00 -0.138777878078145E-16  0.950901366646386E+00 
 0.500000000000000E+00 -0.138777878078145E-16  0.929504490064070E+00 
 0.500000000000000E+00 -0.138777878078145E-16  0.897291062160524E+00 
 0.500000000000000E+00 -0.138777878078145E-16  0.865308434253116E+00 
 0.500000000000000E+00 -0.138777878078145E-16  0.833315545635215E+00 
 0.500000000000000E+00 -0.138777878078145E-16  0.800115490053469E+00 
 0.500000000000000E+00 -0.138777878078145E-16  0.764103440270074E+00 
 0.500000000000000E+00 -0.138777878078145E-16  0.729152005174857E+00 
 0.500000000000000E+00 -0.138777878078145E-16  0.696353859754178E+00 
 0.500000000000000E+00 -0.138777878078145E-16  0.664688120836553E+00 
 0.500000000000000E+00 -0.138777878078145E-16  0.633704200674531E+00 
 0.500000000000000E+00 -0.138777878078145E-16  0.602799479049591E+00 
 0.500000000000000E+00 -0.138777878078145E-16  0.571817186697493E+00 
 0.500000000000000E+00 -0.138777878078145E-16  0.540798364430248E+00 
 0.500000000000000E+00 -0.138777878078145E-16  0.509324537765960E+00 
 0.500000000000000E+00 -0.138777878078145E-16  0.477722379761897E+00 
 0.500000000000000E+00 -0.138777878078145E-16  0.446963401557490E+00 
 0.500000000000000E+00 -0.138777878078145E-16  0.417594062523207E+00 
 0.500000000000000E+00 -0.138777878078145E-16  0.389572022321669E+00 
 0.500000000000000E+00 -0.138777878078145E-16  0.362258729853117E+00 
 0.500000000000000E+00 -0.138777878078145E-16  0.334891223296232E+00 
 0.500000000000000E+00 -0.138777878078145E-16  0.307176797441839E+00 
 0.500000000000000E+00 -0.138777878078145E-16  0.278928017868830E+00 
 0.500000000000000E+00 -0.138777878078145E-16  0.251419484090900E+00 
 0.500000000000000E+00 -0.138777878078145E-16  0.221917886311221E+00 
 0.500000000000000E+00 -0.138777878078145E-16  0.192266939638850E+00 
 0.500000000000000E+00 -0.138777878078145E-16  0.165045885120420E+00 
 0.500000000000000E+00 -0.138777878078145E-16  0.135985939501324E+00 
 0.500000000000000E+00 -0.138777878078145E-16  0.104508574637934E+00 
 0.500000000000000E+00 -0.138777878078145E-16  0.717947499188690E-01 
 0.500000000000000E+00 -0.138777878078145E-16  0.381079888355474E-01 
 0.500000000000000E+00 -0.138777878078145E-16  0.141949471129669E-01 
 0.342200000863522E+00  0.364553369767727E+00  0.171829047483272E-01 
 0.342200000863522E+00  0.364553369767727E+00  0.433712870652346E-01 
 0.342200000863522E+00  0.364553369767727E+00  0.706458198076735E-01 
 0.342200000863522E+00  0.364553369767727E+00  0.106124713133896E+00 
 0.342200000863522E+00  0.364553369767727E+00  0.139958540662863E+00 
 0.342200000863522E+00  0.364553369767727E+00  0.174112610406278E+00 
 0.342200000863522E+00  0.364553369767727E+00  0.207570883682361E+00 
 0.342200000863522E+00  0.364553369767727E+00  0.240566904246546E+00 
 0.342200000863522E+00  0.364553369767727E+00  0.284116556682402E+00 
 0.342200000863522E+00  0.364553369767727E+00  0.309499347857540E+00 
 0.342200000863522E+00  0.364553369767727E+00  0.333553228250169E+00 
 0.342200000863522E+00  0.364553369767727E+00  0.377394895856269E+00 
 0.342200000863522E+00  0.364553369767727E+00  0.416735039852865E+00 
 0.342200000863522E+00  0.364553369767727E+00  0.436429333793054E+00 
 0.342200000863522E+00  0.364553369767727E+00  0.467099729831372E+00 
 0.342200000863522E+00  0.364553369767727E+00  0.499442584558738E+00 
 0.342200000863522E+00  0.364553369767727E+00  0.524976556860064E+00 
 0.342200000863522E+00  0.364553369767727E+00  0.553085454249919E+00 
 0.342200000863522E+00  0.364553369767727E+00  0.581901567180824E+00 
 0.342200000863522E+00  0.364553369767727E+00  0.611037216963502E+00 
 0.342200000863522E+00  0.364553369767727E+00  0.640254471265604E+00 
 0.342200000863522E+00  0.364553369767727E+00  0.669381155734907E+00 
 0.342200000863522E+00  0.364553369767727E+00  0.698302457228857E+00 
 0.342200000863522E+00  0.364553369767727E+00  0.726850030076734E+00 
 0.342200000863522E+00  0.364553369767727E+00  0.753478135783900E+00 
 0.342200000863522E+00  0.364553369767727E+00  0.783168428743411E+00 
 0.342200000863522E+00  0.364553369767727E+00  0.803973414227823E+00 
 0.342200000863522E+00  0.364553369767727E+00  0.836361411221650E+00 
 0.342200000863522E+00  0.364553369767727E+00  0.877313248460148E+00 
 0.342200000863522E+00  0.364553369767727E+00  0.905397565928018E+00 
 0.342200000863522E+00  0.364553369767727E+00  0.937178095781805E+00 
 0.342200000863522E+00  0.364553369767727E+00  0.957905117335203E+00 
 0.342200000863522E+00  0.364553369767727E+00  0.982366441137791E+00 
 0.450083384817351E+00  0.217772695054630E+00  0.874577065303869E+00 
 0.442163284642764E+00  0.233434422727074E+00  0.850471525368652E+00 
 0.455855643510414E+00  0.205415754701792E+00  0.153694357574548E+00 
 0.432062276139141E+00  0.251639006391031E+00  0.902729371038139E+00 
 0.444807597308097E+00  0.228355427737110E+00  0.904114577383629E+00 
 0.437518688830804E+00  0.242027678011782E+00  0.875704893025784E+00 
 0.458331614454465E+00  0.199830255946299E+00  0.906617149714368E+00 
 0.461522492954588E+00  0.192346012428077E+00  0.872112321647375E+00 
 0.439120330457889E+00  0.239109463172318E+00  0.821630498487354E+00 
 0.453232498848327E+00  0.211140479273163E+00  0.837738511831269E+00 
 0.445869389219685E+00  0.226275247777712E+00  0.794745048082404E+00 
 0.460816593109185E+00  0.194031099350706E+00  0.226090037147201E+00 
 0.451535132479691E+00  0.214746418215876E+00  0.208412564157083E+00 
 0.462462913927398E+00  0.190073809983859E+00  0.200258174164719E+00 
 0.354639619259467E+00  0.352463814385959E+00  0.146264895945389E-01 
 0.442158030098151E+00  0.233444375429615E+00  0.183604130537038E+00 
 0.453645058680718E+00  0.210252611718780E+00  0.178979361860055E+00 
 0.463961946536143E+00  0.186384849616038E+00  0.171245887825736E+00 
 0.437645148011803E+00  0.241798933872189E+00  0.125194760676460E+00 
 0.444923268735484E+00  0.228129973781904E+00  0.154497022944015E+00 
 0.451123951382150E+00  0.215608859950967E+00  0.128480702894863E+00 
 0.464110200232290E+00  0.186015381192910E+00  0.137034365579196E+00 
 0.476348333844456E+00  0.151961392608816E+00  0.772345826276318E+00 
 0.443858234369284E+00  0.230195281842573E+00  0.960395196915935E+00 
 0.437387768225288E+00  0.242264195057591E+00  0.931360197755256E+00 
 0.449772263886354E+00  0.218414538523753E+00  0.933985584742061E+00 
 0.459632921559987E+00  0.196818640931775E+00  0.937657273756842E+00 
 0.467981655642124E+00  0.176048771601668E+00  0.927383732683426E+00 
 0.481398915227953E+00  0.135111377823445E+00  0.805095844704892E+00 
 0.482808782260232E+00  0.129983382677910E+00  0.844641084414213E+00 
 0.478545210841216E+00  0.144894724475863E+00  0.874022589379468E+00 
 0.483812668642018E+00  0.126195489861917E+00  0.777997498844140E+00 
 0.488747772590244E+00  0.105478029883360E+00  0.826518571584867E+00 
 0.490787191154048E+00  0.955402166583283E-01  0.795161889394029E+00 
 0.364505081245272E+00  0.342251436441658E+00  0.775088582683133E+00 
 0.366886959109562E+00  0.339696863740805E+00  0.178331705156266E-01 
 0.359483533873450E+00  0.347522069621278E+00  0.340366481228391E-01 
 0.353258539091181E+00  0.353847996404056E+00  0.503665574691992E-01 
 0.373439673707541E+00  0.332479789011610E+00  0.764612974920869E+00 
 0.377554806951293E+00  0.327799279663595E+00  0.792412280652440E+00 
 0.384868175099701E+00  0.319180964024213E+00  0.766812650525244E+00 
 0.386748866281035E+00  0.316899533654333E+00  0.822732185683976E+00 
 0.392310079639150E+00  0.309988389159212E+00  0.794781480693040E+00 
 0.397389113831569E+00  0.303449983041951E+00  0.767006624913701E+00 
 0.392858215799190E+00  0.309293424241572E+00  0.845506262914060E+00 
 0.402912440752588E+00  0.296076958047721E+00  0.860841749504812E+00 
 0.402326414014230E+00  0.296872795295309E+00  0.827519924965432E+00 
 0.406158882165652E+00  0.291607548664208E+00  0.794600119471013E+00 
 0.410252106494919E+00  0.285820239165252E+00  0.765974014010781E+00 
 0.412337531774040E+00  0.282803394411192E+00  0.880874252963736E+00 
 0.415191996443363E+00  0.278595775433467E+00  0.851759639717253E+00 
 0.415976182180267E+00  0.277423531551902E+00  0.821081241933598E+00 
 0.419245996902580E+00  0.272456958217555E+00  0.791969160875608E+00 
 0.423064886056531E+00  0.266488465390107E+00  0.764541168333421E+00 
 0.420529077060563E+00  0.270472355974860E+00  0.899668925813153E+00 
 0.424906406358689E+00  0.263542303692111E+00  0.875672066847525E+00 
 0.428971438243585E+00  0.256872546550289E+00  0.844357458644396E+00 
 0.427293426865968E+00  0.259654245790701E+00  0.814162243229770E+00 
 0.432323701353968E+00  0.251189604179005E+00  0.791341525897353E+00 
 0.435541841729494E+00  0.245567310737568E+00  0.763281875023022E+00 
 0.471213907057414E+00  0.167204825874396E+00  0.897095201356380E+00 
 0.470496551429216E+00  0.169212869171394E+00  0.867897823776357E+00 
 0.381165659232640E+00  0.323593479881389E+00  0.198284462795932E-01 
 0.373663888698127E+00  0.332227780721290E+00  0.389346659360187E-01 
 0.365837745832498E+00  0.340826559593287E+00  0.573909669785469E-01 
 0.356071817118886E+00  0.351016895681183E+00  0.768456837696018E-01 
 0.465891834378791E+00  0.181507020963833E+00  0.842957544873147E+00 
 0.461006884504944E+00  0.193578543333307E+00  0.808179517821262E+00 
 0.454419676325122E+00  0.208573147285482E+00  0.780735832879780E+00 
 0.446925356946192E+00  0.224182348365163E+00  0.760458803503266E+00 
 0.462767438313966E+00  0.189331186116629E+00  0.780170468293633E+00 
 0.457573642148460E+00  0.201559822412585E+00  0.757729250179625E+00 
 0.474779855246494E+00  0.156793140960051E+00  0.849786280073030E+00 
 0.473492094980959E+00  0.160640082141856E+00  0.822761734239523E+00 
 0.470914337387166E+00  0.168046680548014E+00  0.792125882260028E+00 
 0.467681465389872E+00  0.176844697208546E+00  0.761278829264581E+00 
 0.375367860505777E+00  0.330301331058952E+00  0.229615945455548E+00 
 0.388590927095964E+00  0.314638032314434E+00  0.210714557165662E+00 
 0.393247237870081E+00  0.308798655935469E+00  0.183440926938337E+00 
 0.405398802945076E+00  0.292663305815231E+00  0.233659132098086E+00 
 0.407497604169316E+00  0.289733847860873E+00  0.201777553673372E+00 
 0.403481266647738E+00  0.295301316394521E+00  0.166790593987932E+00 
 0.424260367442846E+00  0.264581066248629E+00  0.240744325919491E+00 
 0.423399813503880E+00  0.265956007499135E+00  0.205526297788514E+00 
 0.418091999528015E+00  0.274224506437091E+00  0.177172109469909E+00 
 0.413702164351079E+00  0.280803346153911E+00  0.146043188771670E+00 
 0.440992074301369E+00  0.235639534890425E+00  0.250545906576709E+00 
 0.453006580642280E+00  0.211624757282293E+00  0.243973208804986E+00 
 0.438210728953762E+00  0.240772417502116E+00  0.216517186371669E+00 
 0.430646147872662E+00  0.254054906117629E+00  0.187306315316317E+00 
 0.430345169688216E+00  0.254564402315054E+00  0.156393670733374E+00 
 0.422693449748596E+00  0.267077231413746E+00  0.121483893053144E+00 
 0.497675304943710E+00  0.481590162813215E-01  0.236122603549778E+00 
 0.495117256330559E+00  0.697058281903297E-01  0.247010483724795E+00 
 0.494966173178333E+00  0.707706677176105E-01  0.218732588183932E+00 
 0.491112562039384E+00  0.938533505374866E-01  0.229314926170829E+00 
 0.491213726119703E+00  0.933224264129350E-01  0.199851641557903E+00 
 0.486541125278987E+00  0.115229047606311E+00  0.179127608075028E+00 
 0.485967870623835E+00  0.117623249068099E+00  0.238289727395360E+00 
 0.486002140125117E+00  0.117481572145617E+00  0.208275755148131E+00 
 0.479945896909197E+00  0.140185363144752E+00  0.186383463009963E+00 
 0.395702553197705E+00  0.305646019756217E+00  0.220074379604667E-01 
 0.387846203149402E+00  0.315555577834702E+00  0.424356176038847E-01 
 0.379687459643335E+00  0.325326655823944E+00  0.621643072618263E-01 
 0.370857861492595E+00  0.335357192511416E+00  0.813151033066030E-01 
 0.361614525470130E+00  0.345304119536696E+00  0.990045562387524E-01 
 0.481046692647394E+00  0.136360109610559E+00  0.156947200278124E+00 
 0.479666163120987E+00  0.141139547812762E+00  0.245775841423930E+00 
 0.479360901189359E+00  0.142172875088483E+00  0.216522203646323E+00 
 0.465130334698332E+00  0.183449643617582E+00  0.250947961753890E+00 
 0.473377643239993E+00  0.160977038364327E+00  0.254551530938647E+00 
 0.470933220280850E+00  0.167993755943214E+00  0.226474843152614E+00 
 0.471914135418514E+00  0.165218185416122E+00  0.194001777666373E+00 
 0.473001232446414E+00  0.162079715276690E+00  0.163208572640826E+00 
 0.474711400122214E+00  0.157000275776850E+00  0.133171991923878E+00 
 0.430457366828458E+00  0.254374635809294E+00  0.913634229161139E-01 
 0.445351314469160E+00  0.227293217454000E+00  0.984407440128173E-01 
 0.457589620795576E+00  0.201523544381694E+00  0.104620968690007E+00 
 0.468461167687368E+00  0.174768802619310E+00  0.107663194736136E+00 
 0.463406106547821E+00  0.187762563931657E+00  0.837483382569167E-01 
 0.440527863439004E+00  0.236506239946998E+00  0.705126089194516E-01 
 0.453345051244925E+00  0.210898706756908E+00  0.690694363752902E-01 
 0.351445724859151E+00  0.355648565972402E+00  0.978073228404440E+00 
 0.353748778270871E+00  0.353357894876945E+00  0.953466381693253E+00 
 0.361620449840613E+00  0.345297915222598E+00  0.975710880404649E+00 
 0.353343174910453E+00  0.353763481360359E+00  0.891938187424324E+00 
 0.355487200994172E+00  0.351608944609390E+00  0.924159357838990E+00 
 0.366081268274806E+00  0.340564979142467E+00  0.950180529525308E+00 
 0.373105364565490E+00  0.332854903723007E+00  0.974490279784623E+00 
 0.363895687242704E+00  0.342899298345972E+00  0.904884930417013E+00 
 0.370593057652901E+00  0.335649796096279E+00  0.925053333546318E+00 
 0.379230001773822E+00  0.325859794627424E+00  0.948236172479479E+00 
 0.386282082904368E+00  0.317468348701194E+00  0.973421509988879E+00 
 0.354715893334669E+00  0.352387052849261E+00  0.862265961773003E+00 
 0.365510681371439E+00  0.341177287936033E+00  0.881604802815247E+00 
 0.375417439518690E+00  0.330244978925087E+00  0.900504051600210E+00 
 0.384026547462204E+00  0.320193083692106E+00  0.921849800696752E+00 
 0.393015949283277E+00  0.309092969200150E+00  0.945277876444825E+00 
 0.400869442437218E+00  0.298837230143893E+00  0.971607550096704E+00 
 0.352748901166796E+00  0.354356053603742E+00  0.806195470287672E+00 
 0.358720394136213E+00  0.348309745529407E+00  0.831136137509174E+00 
 0.368105620684302E+00  0.338375903427866E+00  0.854343500459635E+00 
 0.377993627063366E+00  0.327293168122221E+00  0.874927449540225E+00 
 0.387766976111553E+00  0.315652930031232E+00  0.895259578006537E+00 
 0.397197082750862E+00  0.303701296431551E+00  0.916801344712280E+00 
 0.407375868723500E+00  0.289904987162645E+00  0.940134016052356E+00 
 0.416501713595100E+00  0.276633914356764E+00  0.969232996289789E+00 
 0.427694487022344E+00  0.258993099851510E+00  0.980829974289798E+00 
 0.354807027818169E+00  0.352295292348389E+00  0.784841125121778E+00 
 0.364741601583661E+00  0.341999362680964E+00  0.801929173518584E+00 
 0.372911441164965E+00  0.333072149913902E+00  0.825748903515471E+00 
 0.380954511791325E+00  0.323842029307243E+00  0.848843766703252E+00 
 0.390492688687222E+00  0.312274654882243E+00  0.869068128012000E+00 
 0.400198844386519E+00  0.299734690937994E+00  0.888679838167064E+00 
 0.409845002851295E+00  0.286403689986394E+00  0.909569398625079E+00 
 0.422401942751818E+00  0.267538032360802E+00  0.929487534856727E+00 
 0.430782528469794E+00  0.253823586699841E+00  0.957590779926221E+00 
 0.436833438946276E+00  0.243262300035106E+00  0.979075657484694E+00 
 0.409855783238318E+00  0.286388262584389E+00  0.239215310356412E-01 
 0.401974941383222E+00  0.297348526984674E+00  0.455152621608801E-01 
 0.393829167702319E+00  0.308056142069751E+00  0.662579781204017E-01 
 0.385437864849907E+00  0.318492782241521E+00  0.864576923858528E-01 
 0.376209389567704E+00  0.329342519576649E+00  0.105783435803306E+00 
 0.365304906294835E+00  0.341397606079659E+00  0.123810843290302E+00 
 0.356588942758853E+00  0.350491548973900E+00  0.144095176939092E+00 
 0.499109674110302E+00  0.298250433278484E-01  0.979070600937281E+00 
 0.499645976062480E+00  0.188121929761427E-01  0.960767961404484E+00 
 0.496661211275645E+00  0.576857106587852E-01  0.975864958039658E+00 
 0.498277634098380E+00  0.414656406838355E-01  0.955161705604721E+00 
 0.499493242432561E+00  0.225055718480437E-01  0.938737334912538E+00 
 0.492412644477672E+00  0.867743485052261E-01  0.970950344701129E+00 
 0.495378191298421E+00  0.678265993980633E-01  0.948274520433990E+00 
 0.497686487632563E+00  0.480433140817957E-01  0.928424946088872E+00 
 0.499355077929870E+00  0.253871255886346E-01  0.911753760970599E+00 
 0.482038480276586E+00  0.132811533884071E+00  0.977391490126970E+00 
 0.486918002240861E+00  0.113625961354653E+00  0.961451482470438E+00 
 0.490832060613196E+00  0.953094343399678E-01  0.940241064692565E+00 
 0.494219234631354E+00  0.758112664476667E-01  0.918966245004825E+00 
 0.497079659220309E+00  0.539612118972579E-01  0.899071224041786E+00 
 0.499159457843052E+00  0.289799179748791E-01  0.881011669520219E+00 
 0.464834119400119E+00  0.184198918133402E+00  0.979096725857973E+00 
 0.474021517236734E+00  0.159071057067539E+00  0.973386770492576E+00 
 0.480171746616172E+00  0.139409805076885E+00  0.952660434304153E+00 
 0.484686641337850E+00  0.122796008520774E+00  0.932011139784050E+00 
 0.488921796942988E+00  0.104668412016424E+00  0.910160340686645E+00 
 0.492846140053586E+00  0.842774123610893E-01  0.888439615420376E+00 
 0.496248756771732E+00  0.611324087739888E-01  0.867419350778148E+00 
 0.498844879385496E+00  0.339674301481592E-01  0.847776700612677E+00 
 0.480901100361733E+00  0.136872684166250E+00  0.755143604241199E+00 
 0.487631838846066E+00  0.110522349520831E+00  0.758010784379267E+00 
 0.494643122675016E+00  0.729943914989968E-01  0.766326252626519E+00 
 0.498052838728539E+00  0.440836685683420E-01  0.752970891359035E+00 
 0.455567107368956E+00  0.206054872991352E+00  0.965992860786370E+00 
 0.498969197275234E+00  0.320895648226798E-01  0.780291478008236E+00 
 0.466044282045091E+00  0.181115231753365E+00  0.955136937136665E+00 
 0.473283727411833E+00  0.161252948398351E+00  0.946897932630965E+00 
 0.477021462263727E+00  0.149834991039394E+00  0.925841447074208E+00 
 0.481663605453036E+00  0.134164716606053E+00  0.902891143839254E+00 
 0.486516697843026E+00  0.115332140879801E+00  0.879411349316201E+00 
 0.490971243159951E+00  0.945898429535260E-01  0.856742042004118E+00 
 0.494858213477913E+00  0.715216649236310E-01  0.833282571191581E+00 
 0.498103909157821E+00  0.435028238358954E-01  0.809906236033043E+00 
 0.353325745493521E+00  0.353780889211738E+00  0.756783550969448E+00 
 0.364156622565679E+00  0.342622174182521E+00  0.747341158251954E+00 
 0.375996127009499E+00  0.329585971294072E+00  0.742465320883402E+00 
 0.388253429597054E+00  0.315054399122002E+00  0.740855775187203E+00 
 0.400843146284444E+00  0.298872501372722E+00  0.739503565387744E+00 
 0.413581110969303E+00  0.280981609094612E+00  0.738024657012132E+00 
 0.426201397893085E+00  0.261442858831486E+00  0.736434425670763E+00 
 0.438421519422214E+00  0.240388375982528E+00  0.734701256782582E+00 
 0.450124293225886E+00  0.217688127025560E+00  0.733040902450797E+00 
 0.461501586107292E+00  0.192396169453693E+00  0.733064679907385E+00 
 0.473053330280215E+00  0.161927597125374E+00  0.737654726585915E+00 
 0.481977001385524E+00  0.133034469726529E+00  0.730511817097586E+00 
 0.489298008476480E+00  0.102895378423674E+00  0.730270955757029E+00 
 0.495000205082983E+00  0.705322406265768E-01  0.729883437969816E+00 
 0.498623372442959E+00  0.370773846651880E-01  0.726927445110009E+00 
 0.353885214363830E+00  0.353221255100349E+00  0.723210600832178E+00 
 0.424735789603491E+00  0.263817188655136E+00  0.271682921839893E-01 
 0.415889596950937E+00  0.277553315865595E+00  0.488803786251425E-01 
 0.407598205071201E+00  0.289592305185644E+00  0.697623465332450E-01 
 0.400128495884468E+00  0.299828595669648E+00  0.910817640524041E-01 
 0.391520394272151E+00  0.310985177892740E+00  0.111783491589222E+00 
 0.381908981673767E+00  0.322715865300897E+00  0.131382089381286E+00 
 0.372325505252039E+00  0.333727011401256E+00  0.150706895926546E+00 
 0.362761010328715E+00  0.344099476002638E+00  0.168956985820262E+00 
 0.365801211419606E+00  0.340865770830614E+00  0.719338777655168E+00 
 0.378086508267207E+00  0.327185868072432E+00  0.716051477167041E+00 
 0.390698159226200E+00  0.312017544983065E+00  0.713734975873761E+00 
 0.403483138124636E+00  0.295298759308427E+00  0.711775539275492E+00 
 0.416289259223228E+00  0.276953520749197E+00  0.709967265563202E+00 
 0.428910351118238E+00  0.256974533181072E+00  0.708232805004334E+00 
 0.441182489596947E+00  0.235282831658070E+00  0.706642698611296E+00 
 0.453001649748214E+00  0.211635312094641E+00  0.705503755002541E+00 
 0.464244885604170E+00  0.185678986938132E+00  0.705178755897636E+00 
 0.474466785121903E+00  0.157737978356784E+00  0.704627038427055E+00 
 0.483146562797108E+00  0.128722177022224E+00  0.702070947346839E+00 
 0.490219276501042E+00  0.984127072424876E-01  0.700709290397393E+00 
 0.495523465536377E+00  0.667569854233944E-01  0.699273976096267E+00 
 0.498851122135778E+00  0.338756246270778E-01  0.697377415680318E+00 
 0.354584117803736E+00  0.352519649667003E+00  0.694407803845085E+00 
 0.367060509253634E+00  0.339509326155354E+00  0.691249732467323E+00 
 0.379740200035350E+00  0.325265092620023E+00  0.688362059723248E+00 
 0.392635165684037E+00  0.309576527967268E+00  0.685904998635947E+00 
 0.405617018267832E+00  0.292360795065811E+00  0.683717082994615E+00 
 0.418535842994076E+00  0.273546610524127E+00  0.681736786594234E+00 
 0.431211692129233E+00  0.253093809823637E+00  0.679928684675882E+00 
 0.443482916921179E+00  0.230917522936401E+00  0.678339386004748E+00 
 0.455173556359396E+00  0.206922772045853E+00  0.677035826372015E+00 
 0.466042405153265E+00  0.181120061282455E+00  0.675903246808461E+00 
 0.475778627287322E+00  0.153735805252358E+00  0.674476227837576E+00 
 0.484122629700133E+00  0.125001117643915E+00  0.672572813521021E+00 
 0.490883849291113E+00  0.950423405916542E-01  0.670809321421552E+00 
 0.495884394651137E+00  0.640208336518315E-01  0.668951582973143E+00 
 0.498963272720447E+00  0.321815549049511E-01  0.666809000778124E+00 
 0.355125179985850E+00  0.351974582235732E+00  0.665725948820772E+00 
 0.368038909548322E+00  0.338448461450901E+00  0.662872658498938E+00 
 0.381059745320914E+00  0.323718196115016E+00  0.660134956412358E+00 
 0.394206697368334E+00  0.307572885264535E+00  0.657657983863718E+00 
 0.407366362508228E+00  0.289918344878028E+00  0.655373422582962E+00 
 0.420388476101826E+00  0.270690836861511E+00  0.653287226924323E+00 
 0.433093369431147E+00  0.249860227636926E+00  0.651379422225283E+00 
 0.445303622453272E+00  0.227386639515153E+00  0.649644976084643E+00 
 0.456819283260595E+00  0.203263726329309E+00  0.648046721769740E+00 
 0.467411325592127E+00  0.177557463116059E+00  0.646462639473543E+00 
 0.476840724950332E+00  0.150409185320718E+00  0.644718894476596E+00 
 0.484892671375471E+00  0.121979905092438E+00  0.642778841449636E+00 
 0.491377484367667E+00  0.924563024163495E-01  0.640749906424380E+00 
 0.496132228404836E+00  0.620710233365875E-01  0.638574586676707E+00 
 0.499030549900550E+00  0.311208975762933E-01  0.636120540675499E+00 
 0.355555563402106E+00  0.351539814720625E+00  0.636885574577760E+00 
 0.368824688278881E+00  0.337591986451080E+00  0.634244602330299E+00 
 0.382131822710775E+00  0.322451965526248E+00  0.631611351474893E+00 
 0.395494338449901E+00  0.305915393947534E+00  0.629135860534061E+00 
 0.408802871938899E+00  0.287889235461329E+00  0.626793461544038E+00 
 0.421903238119646E+00  0.268323792579334E+00  0.624614842337764E+00 
 0.434612628115573E+00  0.247208137977848E+00  0.622583983494991E+00 
 0.446747486063850E+00  0.224536597675369E+00  0.620673764489701E+00 
 0.458110217424614E+00  0.200337287321090E+00  0.618829468021462E+00 
 0.468492178024522E+00  0.174685658054230E+00  0.616966795249369E+00 
 0.477685098321264E+00  0.147705608701242E+00  0.614998312531726E+00 
 0.485495459847838E+00  0.119558180260224E+00  0.612883820331890E+00 
 0.491751400594176E+00  0.904464483198022E-01  0.610613754086223E+00 
 0.496311782350811E+00  0.606186002788038E-01  0.608160584217694E+00 
 0.499077309881037E+00  0.303617977383989E-01  0.605425467984423E+00 
 0.355908446752902E+00  0.351182541607547E+00  0.607952740736410E+00 
 0.369471281877638E+00  0.336884211366005E+00  0.605477509911277E+00 
 0.383017078929914E+00  0.321399933490964E+00  0.602914584584246E+00 
 0.396559104627309E+00  0.304533867635747E+00  0.600429559019411E+00 
 0.409988514609209E+00  0.286198214334985E+00  0.598029318941755E+00 
 0.423147044964693E+00  0.266357989062930E+00  0.595758441219513E+00 
 0.435850470084676E+00  0.245019117064295E+00  0.593604802706733E+00 
 0.447915415407038E+00  0.222197616190500E+00  0.591536637668300E+00 
 0.459151477686995E+00  0.197939183937514E+00  0.589502244904162E+00 
 0.469364746448709E+00  0.172327405804007E+00  0.587437247939116E+00 
 0.478364937176252E+00  0.145488786098312E+00  0.585275689706544E+00 
 0.485975949046873E+00  0.117589867539644E+00  0.582965282821552E+00 
 0.456471094374305E+00  0.204044455942142E+00  0.318049499029311E-01 
 0.465100260568083E+00  0.183525877247601E+00  0.572062989635328E-01 
 0.471989027438718E+00  0.165004115031877E+00  0.806048365535674E-01 
 0.477420364612764E+00  0.148559063853456E+00  0.104910917771072E+00 
 0.482714129803487E+00  0.130334450119921E+00  0.128606329159345E+00 
 0.487564114518758E+00  0.110820730161554E+00  0.151014000090684E+00 
 0.491698392302395E+00  0.907341777239433E-01  0.171989818160949E+00 
 0.495129699737633E+00  0.696173860305165E-01  0.191133309818467E+00 
 0.497688898153709E+00  0.480183366491095E-01  0.208620407679968E+00 
 0.499214514548819E+00  0.280155039895187E-01  0.225021182434371E+00 
 0.499826175063656E+00  0.131831225904959E-01  0.237863793947964E+00 
 0.492044655915906E+00  0.888372477320075E-01  0.580462373593591E+00 
 0.496450188461711E+00  0.594744514588558E-01  0.577742005592474E+00 
 0.499113030870106E+00  0.297688161614971E-01  0.574718857365241E+00 
 0.356207326421618E+00  0.350879381844477E+00  0.579068257360992E+00 
 0.370017688395136E+00  0.336283972670004E+00  0.576688662461473E+00 
 0.383762409190101E+00  0.320509614976851E+00  0.574135466313658E+00 
 0.397453919258316E+00  0.303365096980856E+00  0.571603866985188E+00 
 0.410983496095327E+00  0.284767564756350E+00  0.569131505652054E+00 
 0.424188911703254E+00  0.264695612332372E+00  0.566769833018593E+00 
 0.436885000581220E+00  0.243169686159989E+00  0.564507386939390E+00 
 0.448889935937149E+00  0.220222218257700E+00  0.562310814141005E+00 
 0.460020023137540E+00  0.195912169893902E+00  0.560130484207975E+00 
 0.470092321514443E+00  0.170332642946564E+00  0.557907956680849E+00 
 0.478930407249698E+00  0.143616381418131E+00  0.555578984592582E+00 
 0.486373734292547E+00  0.115933561104292E+00  0.553080107468693E+00 
 0.492286205889368E+00  0.874888078044885E-01  0.550349037582876E+00 
 0.496563931041749E+00  0.585171973727824E-01  0.547351760287764E+00 
 0.499142574314952E+00  0.292692758066005E-01  0.543997983692893E+00 
 0.356474229064052E+00  0.350608220116400E+00  0.550411033303122E+00 
 0.370493299248110E+00  0.335759907094713E+00  0.547978662368402E+00 
 0.384404584200095E+00  0.319739136869343E+00  0.545326932626597E+00 
 0.398226572580449E+00  0.302350123021024E+00  0.542696892447627E+00 
 0.411846172529595E+00  0.283518482947273E+00  0.540139590509950E+00 
 0.425095585921394E+00  0.263237046842095E+00  0.537696092109699E+00 
 0.437787437828589E+00  0.241541216523143E+00  0.535347555289619E+00 
 0.449741570789682E+00  0.218477732283246E+00  0.533055017744927E+00 
 0.460780008557575E+00  0.194117963397726E+00  0.530767046220481E+00 
 0.470729243922166E+00  0.168564465165307E+00  0.528423594925661E+00 
 0.479425132094875E+00  0.141956129546460E+00  0.525955348389247E+00 
 0.486721479836092E+00  0.114464846420922E+00  0.523286503115970E+00 
 0.492497590610170E+00  0.862909221365591E-01  0.520334217706875E+00 
 0.441369709365293E+00  0.234931436071883E+00  0.360959749763984E-01 
 0.429455094698960E+00  0.256063120415860E+00  0.568030415182551E-01 
 0.419942839862460E+00  0.271381670803782E+00  0.723379487171273E-01 
 0.414833482861930E+00  0.279129327546643E+00  0.943907351205321E-01 
 0.407009330176560E+00  0.290419360837441E+00  0.117219907810403E+00 
 0.397803324980359E+00  0.302906775484754E+00  0.138466409474231E+00 
 0.387954434611854E+00  0.315422505007168E+00  0.158018617595154E+00 
 0.378312132188598E+00  0.326924961786213E+00  0.178002371754335E+00 
 0.368023876549768E+00  0.338464808051415E+00  0.197327245100732E+00 
 0.357773405220331E+00  0.349282393654546E+00  0.215949219260330E+00 
 0.496664325351738E+00  0.576588928345215E-01  0.517035135399062E+00 
 0.499169404887766E+00  0.288080756732188E-01  0.513239344769517E+00 
 0.356717759374207E+00  0.350360443182510E+00  0.522169852466398E+00 
 0.370899671084543E+00  0.335310951192140E+00  0.519352913997603E+00 
 0.384969018827176E+00  0.319059327623001E+00  0.516471175800822E+00 
 0.398923231563365E+00  0.301430349034469E+00  0.513715647591353E+00 
 0.412636381797316E+00  0.282367165968743E+00  0.511078873820417E+00 
 0.425932888736700E+00  0.261880076165428E+00  0.508577128565079E+00 
 0.438625039842174E+00  0.240016821126045E+00  0.506173147433267E+00 
 0.450534293292005E+00  0.216838305121291E+00  0.503820166832386E+00 
 0.461488652937556E+00  0.192427189372708E+00  0.501461885483702E+00 
 0.471323624056893E+00  0.166895300730357E+00  0.499034093223258E+00 
 0.479886905786983E+00  0.140387170547009E+00  0.496460122799898E+00 
 0.487046047570568E+00  0.113075848641028E+00  0.493651156080961E+00 
 0.492694811103702E+00  0.851576368359738E-01  0.490501882607820E+00 
 0.496758040969875E+00  0.568458330203001E-01  0.486904013975059E+00 
 0.499194305997635E+00  0.283733124527091E-01  0.482624819825059E+00 
 0.356795048668058E+00  0.350281734102647E+00  0.493980420031328E+00 
 0.371227696331612E+00  0.334947753353153E+00  0.490565283741906E+00 
 0.385500830442979E+00  0.318416566352590E+00  0.487486919887992E+00 
 0.399606343670636E+00  0.300524158926009E+00  0.484641455277819E+00 
 0.413420149084444E+00  0.281218385478254E+00  0.481970217381261E+00 
 0.426769231803201E+00  0.260514918548067E+00  0.479449377329738E+00 
 0.439463709577434E+00  0.238477772474587E+00  0.477029378728721E+00 
 0.451328783438965E+00  0.215179760292421E+00  0.474653861889812E+00 
 0.462198885150640E+00  0.190714945836727E+00  0.472263892829626E+00 
 0.471919285032523E+00  0.165203475793919E+00  0.469790888556645E+00 
 0.480349508858942E+00  0.138796071050204E+00  0.467151623667322E+00 
 0.487370756927929E+00  0.111668013734901E+00  0.464246979427970E+00 
 0.492891248460296E+00  0.840131965303707E-01  0.460955816155963E+00 
 0.496850064881905E+00  0.560358191413882E-01  0.457135574919394E+00 
 0.499217812533739E+00  0.279566744987369E-01  0.452520497819751E+00 
 0.357073232751813E+00  0.349998152069650E+00  0.464193301760543E+00 
 0.371671187553091E+00  0.334455570058080E+00  0.461314478832367E+00 
 0.386113001530278E+00  0.317673968164343E+00  0.458299696030762E+00 
 0.400352743244535E+00  0.299529098714257E+00  0.455475724166049E+00 
 0.414273172362729E+00  0.279960244785793E+00  0.452838498334806E+00 
 0.427675717348938E+00  0.259024093068717E+00  0.450356106036233E+00 
 0.440369617174131E+00  0.236800760703823E+00  0.447961789009813E+00 
 0.452183289297789E+00  0.213378239002558E+00  0.445602356136119E+00 
 0.462960539444881E+00  0.188858515606008E+00  0.443220088091370E+00 
 0.472557073610932E+00  0.163370169187253E+00  0.440743961159154E+00 
 0.480844476909382E+00  0.137071474150325E+00  0.438085298482904E+00 
 0.487717754914722E+00  0.110142596396414E+00  0.435141759301648E+00 
 0.493100536530206E+00  0.827759679715298E-01  0.431791422652724E+00 
 0.496947182674602E+00  0.551679040002013E-01  0.427887937399436E+00 
 0.499242206522414E+00  0.275176166597260E-01  0.423201354134600E+00 
 0.357401525654234E+00  0.349662908327472E+00  0.435357822626426E+00 
 0.372179420756018E+00  0.333889920131943E+00  0.432028001069669E+00 
 0.386797765869923E+00  0.316839846480893E+00  0.428991728791293E+00 
 0.401226923408805E+00  0.298357094656563E+00  0.426251229134717E+00 
 0.415271593761007E+00  0.278477114706386E+00  0.423743344720399E+00 
 0.428728073739477E+00  0.257278523759054E+00  0.421351449997199E+00 
 0.441407538880493E+00  0.234860351314278E+00  0.419017841730895E+00 
 0.453152971595842E+00  0.211311107928235E+00  0.416708021373304E+00 
 0.463820051921207E+00  0.186737675458941E+00  0.414374962684315E+00 
 0.473275437411913E+00  0.161277277824751E+00  0.411940151176756E+00 
 0.481401965682094E+00  0.135100508649730E+00  0.409308066728037E+00 
 0.488108970933789E+00  0.108395721751173E+00  0.406384505298434E+00 
 0.493337196492092E+00  0.813536142855553E-01  0.403067029851239E+00 
 0.497057891716369E+00  0.541613541418435E-01  0.399227954937026E+00 
 0.499270505152623E+00  0.269993089660583E-01  0.394710815096904E+00 
 0.357429779465248E+00  0.349634026878712E+00  0.406990393708783E+00 
 0.372638541072646E+00  0.333377440309404E+00  0.402393002748097E+00 
 0.387649221644531E+00  0.315797531590082E+00  0.399433011858566E+00 
 0.402338974180696E+00  0.296855772817753E+00  0.397051038754553E+00 
 0.416518212329636E+00  0.276609072153688E+00  0.394778326754692E+00 
 0.430002737718063E+00  0.255142402502938E+00  0.392501126806132E+00 
 0.442636872627566E+00  0.232535156461315E+00  0.390233992419950E+00 
 0.454286481470308E+00  0.208863095719009E+00  0.388004987131950E+00 
 0.464819786339496E+00  0.184235084137917E+00  0.385772384144603E+00 
 0.474110393693569E+00  0.158805965227155E+00  0.383425978622592E+00 
 0.482050570136156E+00  0.132767646026458E+00  0.380854189674730E+00 
 0.474834132855479E+00  0.156628689183640E+00  0.533261828129298E-01 
 0.480116799074712E+00  0.139598922797608E+00  0.777092077919481E-01 
 0.484783264557284E+00  0.122413995953007E+00  0.101386031563106E+00 
 0.488998214315508E+00  0.104310816295554E+00  0.123994265872131E+00 
 0.492600782484963E+00  0.856998780349340E-01  0.145288400368116E+00 
 0.495470004790024E+00  0.671526198548796E-01  0.165017782311704E+00 
 0.497866945497086E+00  0.461357191490601E-01  0.181994222219332E+00 
 0.499416614499300E+00  0.241463281278486E-01  0.199211670279850E+00 
 0.488565372349943E+00  0.106319692157954E+00  0.377995661744036E+00 
 0.493615631840711E+00  0.796467701950020E-01  0.374797455030804E+00 
 0.497191110166055E+00  0.529244742236113E-01  0.371124832962088E+00 
 0.499305971380209E+00  0.263352794567594E-01  0.366855750579342E+00 
 0.357936106098606E+00  0.349115659847804E+00  0.373240211930098E+00 
 0.373616466772403E+00  0.332281109539056E+00  0.371215289443612E+00 
 0.388986152087781E+00  0.314149285346858E+00  0.369743254650179E+00 
 0.403884012415893E+00  0.294750240907177E+00  0.368108567590149E+00 
 0.418118259118983E+00  0.274184465991988E+00  0.366089156331339E+00 
 0.431557903955444E+00  0.252503020840512E+00  0.363841124662240E+00 
 0.444098630400885E+00  0.229731161308296E+00  0.361611905764477E+00 
 0.455624069207611E+00  0.205928889567972E+00  0.359515621928229E+00 
 0.465998576221875E+00  0.181232797691768E+00  0.357470746973648E+00 
 0.475095604954587E+00  0.155833777316841E+00  0.355258552245158E+00 
 0.482815948291470E+00  0.129956762330435E+00  0.352737508173066E+00 
 0.489105471591978E+00  0.103806732242128E+00  0.349954780374784E+00 
 0.493948924939970E+00  0.775529467567022E-01  0.346987253021189E+00 
 0.497355189736646E+00  0.513596655170646E-01  0.343524887050962E+00 
 0.499350875248177E+00  0.254696562379473E-01  0.339350329012570E+00 
 0.359085875410891E+00  0.347932944804591E+00  0.338432290338278E+00 
 0.375371891245592E+00  0.330296750306005E+00  0.340366346365193E+00 
 0.391022338470212E+00  0.311611185321205E+00  0.340904085763562E+00 
 0.405973863220814E+00  0.291865075645524E+00  0.339924943402084E+00 
 0.420097864586872E+00  0.271141631199545E+00  0.337760801038346E+00 
 0.433387559841919E+00  0.249349599907975E+00  0.335289933074259E+00 
 0.445812304255687E+00  0.226387697046979E+00  0.333087017461900E+00 
 0.457205774899299E+00  0.202392883765047E+00  0.331269022053386E+00 
 0.467396894587090E+00  0.177595447380682E+00  0.329590045333496E+00 
 0.476260563906538E+00  0.152236248204645E+00  0.327526338260306E+00 
 0.483715754157840E+00  0.126566461511382E+00  0.324914551969526E+00 
 0.489745548767490E+00  0.100743721702299E+00  0.322147109893053E+00 
 0.494351611019683E+00  0.749432097140487E-01  0.319745822216077E+00 
 0.468619936435956E+00  0.174342637282909E+00  0.279665602199867E-01 
 0.497558678054362E+00  0.493493859414209E-01  0.316485966708853E+00 
 0.499403903145239E+00  0.244078168483157E-01  0.311968552789836E+00 
 0.360485796441326E+00  0.346482309164643E+00  0.309396959342527E+00 
 0.378029602102525E+00  0.327251615632691E+00  0.311912957611167E+00 
 0.393906598062681E+00  0.307957126890556E+00  0.314219888857790E+00 
 0.408592321257610E+00  0.288187985539506E+00  0.312835114902914E+00 
 0.422266793240883E+00  0.267751293789706E+00  0.309416053868179E+00 
 0.435415349659724E+00  0.245791524021274E+00  0.306562360961129E+00 
 0.447814606083502E+00  0.222400716226990E+00  0.304544445622043E+00 
 0.459105276516910E+00  0.198046320527122E+00  0.303357858206260E+00 
 0.469064603237970E+00  0.173142709893330E+00  0.302435754838436E+00 
 0.477614119765343E+00  0.147934960711715E+00  0.300358380837500E+00 
 0.484737565738326E+00  0.122594830078934E+00  0.297134218849598E+00 
 0.490515735784619E+00  0.969242639779871E-01  0.294120680412550E+00 
 0.494864349014938E+00  0.714792002894701E-01  0.293710405806291E+00 
 0.497805999875912E+00  0.467887431712279E-01  0.290240562252509E+00 
 0.499445138596614E+00  0.235489603211998E-01  0.284188581695698E+00 
 0.362176713160987E+00  0.344714415776166E+00  0.244144426220244E+00 
 0.376143954147412E+00  0.329417251761880E+00  0.259235820734710E+00 
 0.394335092068584E+00  0.307408254871695E+00  0.257906422350270E+00 
 0.412123486151262E+00  0.283115227712199E+00  0.258986772413839E+00 
 0.362971321505267E+00  0.343877623239315E+00  0.277705564646093E+00 
 0.383407732238062E+00  0.320933810715023E+00  0.285678533810308E+00 
 0.398147216329308E+00  0.302454614990783E+00  0.291332321988171E+00 
 0.410712980415796E+00  0.285157584009218E+00  0.285367430306181E+00 
 0.424211597893941E+00  0.264659253025979E+00  0.279844151796033E+00 
 0.437632709094737E+00  0.241821446382246E+00  0.277490620187235E+00 
 0.450262307912108E+00  0.217402516254211E+00  0.275806304630494E+00 
 0.461504083256686E+00  0.192390179420380E+00  0.276049130896900E+00 
 0.471065970672481E+00  0.167621154018200E+00  0.276820660842820E+00 
 0.479048825802260E+00  0.143220887085214E+00  0.273737783129480E+00 
 0.485732052788947E+00  0.118593308805496E+00  0.268488616161139E+00 
 0.491609375082868E+00  0.912152527301915E-01  0.263734725080999E+00 
 0.495705509748806E+00  0.653914948955624E-01  0.271626028776958E+00 
 0.497899266939429E+00  0.457855870463486E-01  0.263438253986694E+00 
 0.499406177076782E+00  0.243612458128406E-01  0.254427114733607E+00 
 0.499558526986219E+00  0.210066207505845E-01  0.206360190917138E-01 
 0.499346381067795E+00  0.255576155870790E-01  0.445502151623344E-01 
 0.498078559554310E+00  0.437921055933944E-01  0.228010889974450E-01 
 0.499583565858760E+00  0.204024685723747E-01  0.896092587623381E-01 
 0.478328581353402E+00  0.145608269890284E+00  0.261008993248046E-01 
 0.482807976029585E+00  0.129986377294761E+00  0.511540038026757E-01 
 0.486945265609058E+00  0.113509067042788E+00  0.750525978214964E-01 
 0.490644047961485E+00  0.962726243538042E-01  0.979433408575089E-01 
 0.493807917112250E+00  0.784457838080641E-01  0.119718634311272E+00 
 0.496287717213513E+00  0.608153084592986E-01  0.140119196168271E+00 
 0.497887851861408E+00  0.459095520434698E-01  0.158412778151835E+00 
 0.499475238896443E+00  0.229016534193905E-01  0.167057579641590E+00 
 0.498833205805223E+00  0.341384356127154E-01  0.685256014833781E-01 
 0.497291568502822E+00  0.519720684214358E-01  0.463898530983184E-01 
 0.495282158319632E+00  0.685243288930820E-01  0.234911061610665E-01 
 0.499359093564966E+00  0.253080160023539E-01  0.113223195684107E+00 
 0.498039116972348E+00  0.442384218231560E-01  0.922515500597411E-01 
 0.496258229288345E+00  0.610554654686701E-01  0.704050526456922E-01 
 0.493888539412204E+00  0.779365808672695E-01  0.478440971467407E-01 
 0.491085499805791E+00  0.939948502871120E-01  0.245075044299559E-01 
 0.498865031671608E+00  0.336701674377457E-01  0.138212925396086E+00 
 0.497270940384219E+00  0.521690698536473E-01  0.116378121948828E+00 
 0.495059344904706E+00  0.701159398605137E-01  0.948858897285725E-01 
 0.492315325387203E+00  0.873247982470785E-01  0.726161592897167E-01 
 0.489093605454880E+00  0.103862626113276E+00  0.494703502804776E-01 
 0.485656395868686E+00  0.118902755022071E+00  0.253186958039957E-01 
 0.342200000863522E+00  0.353779592767943E+00  0.205993497063180E-01 
 0.342200000863522E+00  0.353779592767943E+00  0.541053205040656E-01 
 0.342200000863522E+00  0.353779592767943E+00  0.862091002992810E-01 
 0.342200000863522E+00  0.353779592767943E+00  0.119290725359648E+00 
 0.342200000863522E+00  0.353779592767943E+00  0.153404552534469E+00 
 0.342200000863522E+00  0.353779592767943E+00  0.186667192283415E+00 
 0.342200000863522E+00  0.353779592767943E+00  0.218572772959122E+00 
 0.342200000863522E+00  0.353779592767943E+00  0.253085018408915E+00 
 0.342200000863522E+00  0.353779592767943E+00  0.284533356742035E+00 
 0.342200000863522E+00  0.353779592767943E+00  0.304597792340813E+00 
 0.342200000863522E+00  0.353779592767943E+00  0.323417296465209E+00 
 0.342200000863522E+00  0.353779592767943E+00  0.372922948881381E+00 
 0.342200000863522E+00  0.353779592767943E+00  0.420333872146287E+00 
 0.342200000863522E+00  0.353779592767943E+00  0.441193374835239E+00 
 0.342200000863522E+00  0.353779592767943E+00  0.466419055760988E+00 
 0.342200000863522E+00  0.353779592767943E+00  0.503624253676114E+00 
 0.342200000863522E+00  0.353779592767943E+00  0.532234906762719E+00 
 0.342200000863522E+00  0.353779592767943E+00  0.560814112145373E+00 
 0.342200000863522E+00  0.353779592767943E+00  0.589881634675891E+00 
 0.342200000863522E+00  0.353779592767943E+00  0.619140458531292E+00 
 0.342200000863522E+00  0.353779592767943E+00  0.648412499810589E+00 
 0.342200000863522E+00  0.353779592767943E+00  0.677552620702030E+00 
 0.342200000863522E+00  0.353779592767943E+00  0.706424791932114E+00 
 0.342200000863522E+00  0.353779592767943E+00  0.735126801795404E+00 
 0.342200000863522E+00  0.353779592767943E+00  0.764319154284432E+00 
 0.342200000863522E+00  0.353779592767943E+00  0.793095008454575E+00 
 0.342200000863522E+00  0.353779592767943E+00  0.813513474803262E+00 
 0.342200000863522E+00  0.353779592767943E+00  0.841384506774638E+00 
 0.342200000863522E+00  0.353779592767943E+00  0.886936051250594E+00 
 0.342200000863522E+00  0.353779592767943E+00  0.918683177910743E+00 
 0.342200000863522E+00  0.353779592767943E+00  0.947509783894264E+00 
 0.342200000863522E+00  0.353779592767943E+00  0.966290019896856E+00 
 0.342200000863522E+00  0.353779592767943E+00  0.983296927488122E+00 
 0.342200000863522E+00  0.357291340675292E+00  0.904299299517959E+00 
 0.342200000863522E+00  0.360930979979120E+00  0.888707391157927E+00 
 0.342200000863522E+00  0.359383508938228E+00  0.838211067054371E+00 
 0.342200000863522E+00  0.357237913437949E+00  0.722681702242042E+00 
 0.342200000863522E+00  0.361098882280167E+00  0.710121531000454E+00 
 0.342200000863522E+00  0.357246306319232E+00  0.665229267361188E+00 
 0.342200000863522E+00  0.361095899911322E+00  0.652155746931678E+00 
 0.342200000863522E+00  0.357247534595365E+00  0.606832834257653E+00 
 0.342200000863522E+00  0.361094451249230E+00  0.593729291611857E+00 
 0.342200000863522E+00  0.357259520645545E+00  0.520665603450900E+00 
 0.342200000863522E+00  0.360936026224205E+00  0.508865540894121E+00 
 0.342200000863522E+00  0.359310584501506E+00  0.465227397650775E+00 
 0.342200000863522E+00  0.358704581489935E+00  0.374813075076703E+00 
 0.342200000863522E+00  0.357253297655110E+00  0.204980557783481E+00 
 0.342200000863522E+00  0.361105962347602E+00  0.188178068115967E+00 
 0.342200000863522E+00  0.357237286797349E+00  0.138433143062959E+00 
 0.342200000863522E+00  0.361100898667895E+00  0.120858553850888E+00 
 0.342200000863522E+00  0.357250838365871E+00  0.716348631522773E-01 
 0.342200000863522E+00  0.361069841313862E+00  0.555862639852612E-01 
 0.342200000863522E+00  0.360615094628899E+00  0.981706449075496E+00 
 0.342200000863522E+00  0.357498599350626E+00  0.966795542380192E+00 
 0.342200000863522E+00  0.360874612845364E+00  0.955441750504279E+00 
 0.342200000863522E+00  0.357260278839247E+00  0.935402058620695E+00 
 0.342200000863522E+00  0.361107255155067E+00  0.919870391749819E+00 
 0.342200000863522E+00  0.357116007176131E+00  0.871524177815754E+00 
 0.342200000863522E+00  0.360902528108442E+00  0.257922285755892E-01 
 0.342200000863522E+00  0.357314613520603E+00  0.402202490427607E-01 
 0.342200000863522E+00  0.361154314394074E+00  0.862833773019597E+00 
 0.342200000863522E+00  0.357409442166469E+00  0.810290228977018E+00 
 0.342200000863522E+00  0.360981004005872E+00  0.802007807868186E+00 
 0.342200000863522E+00  0.357303457475879E+00  0.781139920952999E+00 
 0.342200000863522E+00  0.361086228036858E+00  0.767027853951704E+00 
 0.342200000863522E+00  0.357244042171253E+00  0.751168362323396E+00 
 0.342200000863522E+00  0.361068945895736E+00  0.738377978341941E+00 
 0.342200000863522E+00  0.357247953207311E+00  0.694145384223317E+00 
 0.342200000863522E+00  0.361097770338147E+00  0.681259817420503E+00 
 0.342200000863522E+00  0.357247043194309E+00  0.636075999241709E+00 
 0.342200000863522E+00  0.361095996300875E+00  0.622930876892145E+00 
 0.342200000863522E+00  0.357247567459264E+00  0.577668444375001E+00 
 0.342200000863522E+00  0.361090997229891E+00  0.564748187316541E+00 
 0.342200000863522E+00  0.357266432381341E+00  0.548834946081570E+00 
 0.342200000863522E+00  0.361089657301042E+00  0.536271343892071E+00 
 0.342200000863522E+00  0.357163466550143E+00  0.492118264310832E+00 
 0.342200000863522E+00  0.361216397113354E+00  0.486186678295033E+00 
 0.342200000863522E+00  0.357383600856537E+00  0.438933198089693E+00 
 0.342200000863522E+00  0.360870825057350E+00  0.432552579137572E+00 
 0.342200000863522E+00  0.357294168968284E+00  0.408349059205155E+00 
 0.342200000863522E+00  0.361201593040759E+00  0.401130531092296E+00 
 0.342200000863522E+00  0.357268097673218E+00  0.337302525061065E+00 
 0.342200000863522E+00  0.361118075632680E+00  0.348269130516511E+00 
 0.342200000863522E+00  0.357366675216957E+00  0.305410160038138E+00 
 0.342200000863522E+00  0.361013047823447E+00  0.308244215807056E+00 
 0.342200000863522E+00  0.361109664475831E+00  0.869044959854898E-01 
 0.342200000863522E+00  0.357254139931494E+00  0.104464563144235E+00 
 0.342200000863522E+00  0.357460641492070E+00  0.274488737901105E+00 
 0.342200000863522E+00  0.361144067085219E+00  0.256869183694370E+00 
 0.342200000863522E+00  0.357272524838377E+00  0.238498840075512E+00 
 0.342200000863522E+00  0.361062376461470E+00  0.221225605359684E+00 
 0.342200000863522E+00  0.357248912804769E+00  0.172170856143873E+00 
 0.342200000863522E+00  0.361103401298675E+00  0.154667201854715E+00 
 0.492200000863543E+00 -0.242861286636753E-16  0.149591522438079E-01 
 0.492200000863543E+00  0.312250225675825E-16  0.408708116982612E-01 
 0.492200000863543E+00 -0.242861286636753E-16  0.737825660388310E-01 
 0.492200000863543E+00  0.312250225675825E-16  0.106087755137500E+00 
 0.492200000863543E+00 -0.242861286636753E-16  0.135246896478151E+00 
 0.492200000863543E+00  0.312250225675825E-16  0.165465011094714E+00 
 0.492200000863543E+00 -0.242861286636753E-16  0.193498591704648E+00 
 0.492200000863543E+00  0.312250225675825E-16  0.224072157621739E+00 
 0.492200000863543E+00 -0.242861286636753E-16  0.252134378704929E+00 
 0.492200000863543E+00  0.312250225675825E-16  0.282176083249142E+00 
 0.492200000863543E+00 -0.242861286636753E-16  0.310181431969996E+00 
 0.492200000863543E+00  0.312250225675825E-16  0.337793330524221E+00 
 0.492200000863543E+00 -0.242861286636753E-16  0.364885815833803E+00 
 0.492200000863543E+00  0.312250225675825E-16  0.391501970596136E+00 
 0.492200000863543E+00 -0.242861286636753E-16  0.418794577024728E+00 
 0.492200000863543E+00  0.312250225675825E-16  0.449070980241375E+00 
 0.492200000863543E+00 -0.242861286636753E-16  0.479612197794606E+00 
 0.492200000863543E+00  0.312250225675825E-16  0.512860861098222E+00 
 0.492200000863543E+00 -0.242861286636753E-16  0.544148378216843E+00 
 0.492200000863543E+00  0.312250225675825E-16  0.574434699163058E+00 
 0.492200000863543E+00 -0.242861286636753E-16  0.606507448037719E+00 
 0.492200000863543E+00  0.312250225675825E-16  0.636194438306255E+00 
 0.492200000863543E+00 -0.242861286636753E-16  0.667941579166609E+00 
 0.492200000863543E+00  0.312250225675825E-16  0.698589932321226E+00 
 0.492200000863543E+00 -0.242861286636753E-16  0.732696857134537E+00 
 0.492200000863543E+00  0.312250225675825E-16  0.766386822739807E+00 
 0.492200000863543E+00 -0.242861286636753E-16  0.801644132237941E+00 
 0.492200000863543E+00  0.312250225675825E-16  0.835153441747254E+00 
 0.492200000863543E+00 -0.242861286636753E-16  0.864779649554728E+00 
 0.492200000863543E+00  0.312250225675825E-16  0.897554631032520E+00 
 0.492200000863543E+00 -0.242861286636753E-16  0.932361239090927E+00 
 0.492200000863543E+00  0.312250225675825E-16  0.963756070576873E+00 
 0.492200000863543E+00 -0.242861286636753E-16  0.986466019993421E+00 
 0.462625432462107E+00  0.168043298257611E+00  0.929097844244209E+00 
 0.437470477518070E+00  0.225566890633718E+00  0.900625575481844E+00 
 0.439514096270038E+00  0.221558570202066E+00  0.930727184251163E+00 
 0.455954966507709E+00  0.185380444942294E+00  0.109652660544123E+00 
 0.449984230661890E+00  0.199436789499022E+00  0.835333845736429E-01 
 0.462499594569819E+00  0.168389328262812E+00  0.807216109348271E-01 
 0.488899076067895E+00  0.569081213010092E-01  0.823429692880929E+00 
 0.405002067035310E+00  0.279703712072559E+00  0.882908170450678E+00 
 0.471339300665747E+00  0.141774837323031E+00  0.155462974110467E+00 
 0.485323132674257E+00  0.819896197167751E-01  0.815763874211861E+00 
 0.484671565861869E+00  0.857572976198527E-01  0.846015738290596E+00 
 0.479702992544600E+00  0.110208347205682E+00  0.822372230593392E+00 
 0.481717540387097E+00  0.101039854183680E+00  0.874417456794198E+00 
 0.475322057591506E+00  0.127788037065393E+00  0.857802391065024E+00 
 0.470593987503150E+00  0.144229469166091E+00  0.826113367864982E+00 
 0.476462515800811E+00  0.123467857707226E+00  0.893373563310441E+00 
 0.471480721145462E+00  0.141303823154942E+00  0.916865186151616E+00 
 0.465115455623821E+00  0.161023146751927E+00  0.891824036529464E+00 
 0.463451028619412E+00  0.165752782545743E+00  0.856821605316925E+00 
 0.459832051578548E+00  0.175542944008332E+00  0.827851949512513E+00 
 0.461744150423667E+00  0.170449935170342E+00  0.961508828572274E+00 
 0.453319675727589E+00  0.191734484243924E+00  0.849351320158092E+00 
 0.490789425039841E+00  0.372368247720720E-01  0.186729587435192E-01 
 0.491602838673554E+00  0.242381900756566E-01  0.351560224651467E-01 
 0.449955184567801E+00  0.199502312594633E+00  0.877321286594678E+00 
 0.451543028336089E+00  0.195881939982031E+00  0.912035493714906E+00 
 0.451372059826293E+00  0.196275582939446E+00  0.944844810876358E+00 
 0.449503877971605E+00  0.200517092883723E+00  0.829724499148930E+00 
 0.427841743455725E+00  0.243335742148202E+00  0.919438744886891E+00 
 0.441479550181735E+00  0.217615825760410E+00  0.848407997331160E+00 
 0.432082567913882E+00  0.235723344951230E+00  0.872374626812019E+00 
 0.419686069713436E+00  0.257146735811553E+00  0.896767708866504E+00 
 0.424071068672261E+00  0.249849093584939E+00  0.842118745163070E+00 
 0.416843179817546E+00  0.261730021758383E+00  0.869012367919752E+00 
 0.399795013898191E+00  0.287097174685135E+00  0.854809422122660E+00 
 0.456238907997313E+00  0.184680534110849E+00  0.784873679482545E+00 
 0.445872257949179E+00  0.208467672413141E+00  0.789561902250040E+00 
 0.432835239222243E+00  0.234338423092491E+00  0.790708151417553E+00 
 0.423366582864825E+00  0.251040987417214E+00  0.741274551557844E+00 
 0.420913017679817E+00  0.255133440375265E+00  0.686571246249701E+00 
 0.420786032300220E+00  0.255342820284978E+00  0.625787596719473E+00 
 0.416514304166959E+00  0.262253074861594E+00  0.532765407852019E+00 
 0.464623034377550E+00  0.162438532300209E+00  0.472548837520357E+00 
 0.452249648642251E+00  0.194244938551847E+00  0.475884185740908E+00 
 0.440343567835213E+00  0.219905395832406E+00  0.480229827258683E+00 
 0.452006122101281E+00  0.194810950495633E+00  0.367350007632182E+00 
 0.440563394151949E+00  0.219464659076049E+00  0.372015089849508E+00 
 0.426001138818748E+00  0.246543851221602E+00  0.375309213239158E+00 
 0.413431340398865E+00  0.267086816645905E+00  0.296749388837878E+00 
 0.487140587524495E+00  0.703909712700797E-01  0.219198209567518E-01 
 0.489441418786722E+00  0.520378557022730E-01  0.414622210131650E-01 
 0.491290109445820E+00  0.299143646222847E-01  0.580866485137164E-01 
 0.411212696890821E+00  0.270490219353349E+00  0.239772901748377E+00 
 0.379470258084441E+00  0.313469558457223E+00  0.171027073285830E+00 
 0.395164735830804E+00  0.293437680616875E+00  0.184197375997811E+00 
 0.396610230137454E+00  0.291480987716792E+00  0.151589435650057E+00 
 0.424623511574895E+00  0.248909048183980E+00  0.187113689057143E+00 
 0.414758930580489E+00  0.265020509307819E+00  0.164042379718620E+00 
 0.412247483137555E+00  0.268910493467244E+00  0.128903438368641E+00 
 0.437282505261644E+00  0.225931076751633E+00  0.188635945790475E+00 
 0.434234563817775E+00  0.231735160120424E+00  0.162607658989952E+00 
 0.429617818054664E+00  0.240186117958554E+00  0.134146795495333E+00 
 0.425337350811490E+00  0.247687260178463E+00  0.104457557932769E+00 
 0.450176602709829E+00  0.199002178939546E+00  0.170775370749566E+00 
 0.446277043861840E+00  0.207599713323474E+00  0.137927778779988E+00 
 0.441130234922955E+00  0.218323055784015E+00  0.108908715717448E+00 
 0.436189761588773E+00  0.228033621940234E+00  0.813543787569761E-01 
 0.490102701966847E+00  0.453892319261222E-01  0.146153449921993E+00 
 0.487123103104885E+00  0.705118661752924E-01  0.132047795766345E+00 
 0.477410431247838E+00  0.119750244199349E+00  0.128266477172907E+00 
 0.477989595141231E+00  0.117417152864361E+00  0.971593661905442E-01 
 0.463117490353831E+00  0.166682425523560E+00  0.167987704585604E+00 
 0.462429530871658E+00  0.168581641431878E+00  0.137650206006292E+00 
 0.469010712440116E+00  0.149297663968538E+00  0.105625451029561E+00 
 0.473179746712283E+00  0.135505601918697E+00  0.760707122226632E-01 
 0.444573171902024E+00  0.211223899393570E+00  0.607008163817913E-01 
 0.455922400120167E+00  0.185460523882351E+00  0.557527288874372E-01 
 0.467513908639425E+00  0.153920713611700E+00  0.524368646688296E-01 
 0.491723048258444E+00  0.216629790533256E-01  0.147081304342326E+00 
 0.491729671454930E+00  0.215121142816582E-01  0.208492601400571E+00 
 0.491769634772042E+00  0.205783178664707E-01  0.267906941472312E+00 
 0.491746312276748E+00  0.211283035821459E-01  0.359042295136382E+00 
 0.491701788705050E+00  0.221402762921946E-01  0.382704283082771E+00 
 0.491746462916847E+00  0.211247972489872E-01  0.430349401653893E+00 
 0.491704079063319E+00  0.220893522434143E-01  0.407331483352223E+00 
 0.491662017651133E+00  0.230065479648031E-01  0.497979476504360E+00 
 0.480914764501945E+00  0.104794227580016E+00  0.238163019464743E-01 
 0.484680355288909E+00  0.857076078716056E-01  0.462209049204360E-01 
 0.487817944801407E+00  0.655323857324403E-01  0.668109025980618E-01 
 0.490327073829456E+00  0.428975700930630E-01  0.828793284801608E-01 
 0.491575525545081E+00  0.247859543919057E-01  0.989621408654511E-01 
 0.491853559188468E+00  0.184639422572197E-01  0.592312269276447E+00 
 0.491962120585962E+00  0.153007437272199E-01  0.652354279796206E+00 
 0.491837721503674E+00  0.188811163895324E-01  0.715598334296109E+00 
 0.491898907894410E+00  0.172135197542039E-01  0.783511323770896E+00 
 0.491648508787374E+00  0.232934466576248E-01  0.935297920796189E+00 
 0.488331183088578E+00  0.615913668736359E-01  0.979887041558489E+00 
 0.491158448754006E+00  0.320034227482036E-01  0.969431283137268E+00 
 0.490862550994567E+00  0.362601279803259E-01  0.910950077945058E+00 
 0.489433978906920E+00  0.521077838848504E-01  0.933879196886451E+00 
 0.487100802256705E+00  0.706657575557611E-01  0.955049598114899E+00 
 0.483922728268982E+00  0.898867838714908E-01  0.976570581325717E+00 
 0.491634693248787E+00  0.235832407487052E-01  0.860680084686292E+00 
 0.490385246404460E+00  0.422273721522276E-01  0.883405740074158E+00 
 0.488087365730561E+00  0.634946002763609E-01  0.905589248054164E+00 
 0.485198076460579E+00  0.827264616009253E-01  0.928107569256518E+00 
 0.481379481522146E+00  0.102638373036227E+00  0.950656602176266E+00 
 0.477220603927994E+00  0.120504506291884E+00  0.974942528078557E+00 
 0.491389172288160E+00  0.282404356906448E-01  0.829365029221558E+00 
 0.489458242606768E+00  0.518793754236162E-01  0.853392127630115E+00 
 0.486789170002788E+00  0.727814867809917E-01  0.877087474901480E+00 
 0.483343539277361E+00  0.929508681448926E-01  0.900530853950592E+00 
 0.478932575404691E+00  0.113509599005025E+00  0.922919022775858E+00 
 0.472474145735899E+00  0.137945722881067E+00  0.947377996528470E+00 
 0.469457063798102E+00  0.147888154022261E+00  0.976243484155426E+00 
 0.363119324569880E+00  0.332272774951477E+00  0.978310184743946E+00 
 0.381493632591798E+00  0.311003937502330E+00  0.972596656129106E+00 
 0.362913891343113E+00  0.332497140318890E+00  0.955598874416931E+00 
 0.410151997003031E+00  0.272095902586699E+00  0.978094476537083E+00 
 0.397238217440886E+00  0.290624567878265E+00  0.963780373322160E+00 
 0.381526449050541E+00  0.310963678787288E+00  0.945375028110319E+00 
 0.363200428308044E+00  0.332184120220841E+00  0.929747269081126E+00 
 0.424330534447386E+00  0.249408176260614E+00  0.973153233302672E+00 
 0.412263269169537E+00  0.268886291475953E+00  0.953151333230896E+00 
 0.398631649229243E+00  0.288710320360764E+00  0.935528399418735E+00 
 0.383165534603495E+00  0.308941764645146E+00  0.917023474237389E+00 
 0.471967144646236E+00  0.139670523821337E+00  0.255749477895316E-01 
 0.477290788423673E+00  0.120226220667371E+00  0.494822736738197E-01 
 0.481773182099706E+00  0.100774212274658E+00  0.725364085860639E-01 
 0.485642692248183E+00  0.800750667560904E-01  0.983232227782032E-01 
 0.489660453677592E+00  0.499347669895863E-01  0.107587535506445E+00 
 0.491329168876943E+00  0.292658275251763E-01  0.124250924459645E+00 
 0.364799091602147E+00  0.330427698016205E+00  0.899585963975493E+00 
 0.490980335949142E+00  0.346287533894870E-01  0.800962465394952E+00 
 0.488202679000589E+00  0.626017976315489E-01  0.792892598375267E+00 
 0.483269881358569E+00  0.933330735684272E-01  0.792601885632829E+00 
 0.476012321702765E+00  0.125192293841087E+00  0.794669224909288E+00 
 0.465228262523138E+00  0.160696934008554E+00  0.795836187605819E+00 
 0.453175808505474E+00  0.192074275829586E+00  0.807711980933395E+00 
 0.439302169048526E+00  0.221978478955308E+00  0.817079848730355E+00 
 0.424441778594526E+00  0.249218814365138E+00  0.813166584409624E+00 
 0.407620050976800E+00  0.275874491194301E+00  0.821437760286407E+00 
 0.383825215111145E+00  0.308121802368678E+00  0.829647739250136E+00 
 0.367478580624061E+00  0.327445161259967E+00  0.808289896861992E+00 
 0.450841594810865E+00  0.197491005462139E+00  0.975260235715724E+00 
 0.438813290892708E+00  0.222943348377931E+00  0.961615435070198E+00 
 0.426579991768253E+00  0.245540936450620E+00  0.944613224380043E+00 
 0.414519618307489E+00  0.265394662508988E+00  0.926084962065907E+00 
 0.401570083917510E+00  0.284609045099636E+00  0.907972376391370E+00 
 0.387172191313846E+00  0.303905470703101E+00  0.886591974913647E+00 
 0.368674393501213E+00  0.326098194454603E+00  0.862498928466903E+00 
 0.361512740217781E+00  0.334020028606477E+00  0.832011802829099E+00 
 0.416579515716575E+00  0.262149476321031E+00  0.791606765740229E+00 
 0.393932576826009E+00  0.295089758828158E+00  0.795896878865285E+00 
 0.374689979157140E+00  0.319168075423061E+00  0.783570167926853E+00 
 0.472333010658065E+00  0.138428204831013E+00  0.728206928665832E+00 
 0.460844327731523E+00  0.172868002961013E+00  0.729292692020931E+00 
 0.450813243878021E+00  0.197555713646117E+00  0.744688088838123E+00 
 0.438008680596314E+00  0.224520013745609E+00  0.742657537098399E+00 
 0.490721642556853E+00  0.381196848930931E-01  0.735084732144518E+00 
 0.487825085126013E+00  0.654792117534469E-01  0.726647102611666E+00 
 0.481946722456461E+00  0.999409703951753E-01  0.736803227349199E+00 
 0.490997825616973E+00  0.343798791365963E-01  0.766571342638261E+00 
 0.486993077575205E+00  0.714043643195960E-01  0.760348828956649E+00 
 0.480789325784071E+00  0.105368235546352E+00  0.768976533357797E+00 
 0.473441464822521E+00  0.134588336183915E+00  0.763098602418195E+00 
 0.462067714215667E+00  0.169570835728189E+00  0.759851800866637E+00 
 0.451348791787170E+00  0.196329083434708E+00  0.768353168896932E+00 
 0.441063869399711E+00  0.218457098672042E+00  0.766727546447552E+00 
 0.427393504866897E+00  0.244122167874283E+00  0.766353771882636E+00 
 0.410564227932370E+00  0.271473489667669E+00  0.765883674689245E+00 
 0.391080709790770E+00  0.298859029108353E+00  0.763809852971511E+00 
 0.369237013580912E+00  0.325461009418777E+00  0.760715921035138E+00 
 0.406940992865739E+00  0.276875186998566E+00  0.738578085509492E+00 
 0.387988572736879E+00  0.302862523722628E+00  0.736053682858380E+00 
 0.366473857238323E+00  0.328569251164660E+00  0.734481705765817E+00 
 0.472536594177538E+00  0.137731652183299E+00  0.667376837336976E+00 
 0.461060964790583E+00  0.172289371687359E+00  0.680263165601894E+00 
 0.450062274777827E+00  0.199260607426200E+00  0.672937233610331E+00 
 0.435941678762962E+00  0.228507535034147E+00  0.694024691539398E+00 
 0.491287411473423E+00  0.299586411204573E-01  0.667331212755717E+00 
 0.488835493060456E+00  0.574517325621506E-01  0.669970410050658E+00 
 0.482507862719249E+00  0.971956957079723E-01  0.674574236939691E+00 
 0.490813252809531E+00  0.369214262532022E-01  0.697498401144879E+00 
 0.486021173982050E+00  0.777448344982867E-01  0.701470223787677E+00 
 0.446041766992609E+00  0.208104740330831E+00  0.312058715280318E-01 
 0.432838212896883E+00  0.234332930477736E+00  0.531987759808591E-01 
 0.421307623654549E+00  0.254481290276132E+00  0.750528071745493E-01 
 0.408834854863797E+00  0.274070980402053E+00  0.975947227314622E-01 
 0.394930153443501E+00  0.293753322961858E+00  0.120037323106580E+00 
 0.379446123741213E+00  0.313498771971769E+00  0.140313923153871E+00 
 0.364206845365913E+00  0.331080374892034E+00  0.158238171958599E+00 
 0.352604913904467E+00  0.343410272910503E+00  0.172630591536913E+00 
 0.480238658441164E+00  0.107850228505476E+00  0.708187884296427E+00 
 0.474991791477077E+00  0.129010227809449E+00  0.695305063880584E+00 
 0.466184620203710E+00  0.157901047290921E+00  0.702223724640363E+00 
 0.450136599310058E+00  0.199092648813628E+00  0.710722393408534E+00 
 0.433901125968965E+00  0.232358889937346E+00  0.720508278482297E+00 
 0.421069583552736E+00  0.254874962789156E+00  0.714642225900113E+00 
 0.404831502242657E+00  0.279950523560855E+00  0.710738194984524E+00 
 0.386053936439818E+00  0.305324743526233E+00  0.708074006261464E+00 
 0.365092567529150E+00  0.330103404988518E+00  0.706688652777633E+00 
 0.403914971660224E+00  0.281271286338943E+00  0.682160052644263E+00 
 0.385002140206208E+00  0.306649951714782E+00  0.679471782580488E+00 
 0.364373485742778E+00  0.330896968462538E+00  0.678113774108811E+00 
 0.475616020120769E+00  0.126689550691955E+00  0.603113858458045E+00 
 0.465787513403608E+00  0.159068643067486E+00  0.612937989186167E+00 
 0.452471546738746E+00  0.193727489639176E+00  0.606726447833736E+00 
 0.437344429401520E+00  0.225811184225916E+00  0.630728341556855E+00 
 0.490774141158293E+00  0.374377245620473E-01  0.611835758640093E+00 
 0.487342412318009E+00  0.689798086842681E-01  0.609611222172412E+00 
 0.481843567557890E+00  0.100437130848801E+00  0.608283318979619E+00 
 0.491172902203990E+00  0.317808274050736E-01  0.638992082724605E+00 
 0.487901004318280E+00  0.649110994766503E-01  0.640164040242620E+00 
 0.482071283341081E+00  0.993384045973046E-01  0.639232921766227E+00 
 0.474337201728746E+00  0.131396574940871E+00  0.631191002512234E+00 
 0.463161310430540E+00  0.166560623708944E+00  0.650045792391821E+00 
 0.451377674427858E+00  0.196262670618100E+00  0.639804275887928E+00 
 0.436580251430767E+00  0.227285118102131E+00  0.663314657878636E+00 
 0.420912734644533E+00  0.255133907319488E+00  0.656765551401050E+00 
 0.403393216619688E+00  0.282019066084661E+00  0.652746573036821E+00 
 0.384343932549918E+00  0.307474523110619E+00  0.650308093861224E+00 
 0.363928258100885E+00  0.331386577588314E+00  0.649067597386103E+00 
 0.402789272906031E+00  0.282880968751652E+00  0.622742515685986E+00 
 0.460844326531767E+00  0.172868006159410E+00  0.273270680425713E-01 
 0.383711866754835E+00  0.308262946462202E+00  0.620749972648556E+00 
 0.363532054900794E+00  0.331821165554047E+00  0.619743237996397E+00 
 0.490862827480199E+00  0.362563849299418E-01  0.577713233062238E+00 
 0.486738867105186E+00  0.731171395721630E-01  0.578634127833749E+00 
 0.480658808421824E+00  0.105962024973880E+00  0.580819562650918E+00 
 0.472931816914795E+00  0.136368388564650E+00  0.581007907150441E+00 
 0.463418830829404E+00  0.165842781219914E+00  0.581808282962032E+00 
 0.453016775066332E+00  0.192449064322355E+00  0.577545716104964E+00 
 0.438598343420151E+00  0.223365919511351E+00  0.594386350081443E+00 
 0.419665908088074E+00  0.257179638460475E+00  0.594761578783693E+00 
 0.401732950337635E+00  0.284379108696580E+00  0.592503179474913E+00 
 0.382880278580335E+00  0.309295220015253E+00  0.590974177981225E+00 
 0.363051288771115E+00  0.332347111574139E+00  0.590294036135846E+00 
 0.469541459894899E+00  0.147619979304341E+00  0.528007200271485E+00 
 0.459268121379855E+00  0.177013088595922E+00  0.526847101153036E+00 
 0.448789977660849E+00  0.202109863196296E+00  0.524094179539928E+00 
 0.434473786927417E+00  0.231286336222011E+00  0.534900342804094E+00 
 0.490173200252400E+00  0.446214590120881E-01  0.518787233635301E+00 
 0.486213140036591E+00  0.765351115881706E-01  0.514649574529293E+00 
 0.479229847342151E+00  0.112247914307888E+00  0.528783300238819E+00 
 0.490531729280935E+00  0.404902879552692E-01  0.547307270738249E+00 
 0.485328689579264E+00  0.819567198058222E-01  0.547801646483259E+00 
 0.430293038848332E+00  0.238974353370227E+00  0.254723134644123E-01 
 0.418000131182918E+00  0.259878300712297E+00  0.464155665113461E-01 
 0.404652639671705E+00  0.280208997101743E+00  0.667944891300848E-01 
 0.391964668662189E+00  0.297698739282820E+00  0.901076954269500E-01 
 0.377664219723199E+00  0.315643118079432E+00  0.110954352015257E+00 
 0.361290958479341E+00  0.334259905120432E+00  0.130249652760549E+00 
 0.478290562081941E+00  0.116185106934546E+00  0.558401587470214E+00 
 0.470996699427086E+00  0.142908886983418E+00  0.555002511986037E+00 
 0.461107397846898E+00  0.172165061789292E+00  0.553813122510394E+00 
 0.447427459511814E+00  0.205108530599912E+00  0.553620795461064E+00 
 0.432159881772579E+00  0.235581572786076E+00  0.568698413345760E+00 
 0.417561687987638E+00  0.260582189673358E+00  0.564217036836581E+00 
 0.400295918028927E+00  0.286398356942599E+00  0.562083372304850E+00 
 0.381771857342488E+00  0.310662340478060E+00  0.561082980605576E+00 
 0.362403044214219E+00  0.333053861101035E+00  0.560862165214121E+00 
 0.398669362796153E+00  0.288658240862358E+00  0.531334419806467E+00 
 0.380254293143719E+00  0.312518020913690E+00  0.531254018738294E+00 
 0.361438182018991E+00  0.334100705519829E+00  0.531511884872439E+00 
 0.490242433265763E+00  0.438542754553105E-01  0.449070909114859E+00 
 0.486402652213965E+00  0.753213168317964E-01  0.463234343921565E+00 
 0.477801152199443E+00  0.118181639043194E+00  0.468100337505296E+00 
 0.490033402063725E+00  0.461313961624750E-01  0.481883703959068E+00 
 0.483152259180354E+00  0.939400622683135E-01  0.493082472893635E+00 
 0.475983516480553E+00  0.125301767301409E+00  0.503749798336941E+00 
 0.467392231026546E+00  0.154289802728746E+00  0.500169271042062E+00 
 0.456463728010021E+00  0.184124158820191E+00  0.500457810411818E+00 
 0.444167524897850E+00  0.212075577745694E+00  0.502719365793198E+00 
 0.430172774385739E+00  0.239190771200160E+00  0.503572022291701E+00 
 0.413995208152908E+00  0.266211961557847E+00  0.501115744050716E+00 
 0.396085901491332E+00  0.292193085971998E+00  0.500151251047173E+00 
 0.377761419498619E+00  0.315526782996987E+00  0.502035746314430E+00 
 0.359843504698521E+00  0.335817648399137E+00  0.501938271410951E+00 
 0.490361448146017E+00  0.425028354605610E-01  0.423029759619608E+00 
 0.486340429997570E+00  0.757220377422176E-01  0.428300389923071E+00 
 0.479305180407797E+00  0.111925800798124E+00  0.434965638749774E+00 
 0.471148785538742E+00  0.142406680796289E+00  0.437908086845163E+00 
 0.459334451399292E+00  0.176840896310102E+00  0.449494308821659E+00 
 0.445877361677120E+00  0.208456756172359E+00  0.450646303214421E+00 
 0.428624314233840E+00  0.241954619913778E+00  0.470837830535576E+00 
 0.411545367516075E+00  0.269983798265940E+00  0.468742866474257E+00 
 0.391791544256272E+00  0.297926545811758E+00  0.467297914890952E+00 
 0.373049099612106E+00  0.321084428349673E+00  0.476391001026829E+00 
 0.358173272743900E+00  0.337598500503135E+00  0.465250874318986E+00 
 0.489987309700492E+00  0.466184210642315E-01  0.399092852974152E+00 
 0.486892952813096E+00  0.720839326826696E-01  0.389060578382380E+00 
 0.479804924370021E+00  0.109763725339162E+00  0.405285705893643E+00 
 0.471810945745707E+00  0.140197262186497E+00  0.408787506994118E+00 
 0.460239796182124E+00  0.174471117553265E+00  0.414707716172291E+00 
 0.446652787357376E+00  0.206790058745429E+00  0.422932950950501E+00 
 0.431095304791152E+00  0.237524059911989E+00  0.430132981022669E+00 
 0.409116226376221E+00  0.273650788717528E+00  0.437371838184013E+00 
 0.392731739383913E+00  0.296686065952761E+00  0.434953258396197E+00 
 0.376648105991435E+00  0.316854927534832E+00  0.448073632990362E+00 
 0.361564706547386E+00  0.333963776223325E+00  0.433867063315793E+00 
 0.490257481871932E+00  0.436857221370853E-01  0.372359637573119E+00 
 0.488087436610730E+00  0.634940554132461E-01  0.361461711114517E+00 
 0.483437099808745E+00  0.924630270895581E-01  0.367639610306260E+00 
 0.473631164588588E+00  0.133919232302559E+00  0.377049449323180E+00 
 0.461886460409609E+00  0.170063924864536E+00  0.375588804971398E+00 
 0.416381869683024E+00  0.262463291622497E+00  0.209182329254115E-01 
 0.399939360691595E+00  0.286896058912701E+00  0.321508746764612E-01 
 0.386121029179361E+00  0.305239892012021E+00  0.604908600899444E-01 
 0.375974634976491E+00  0.317653765449637E+00  0.843428900654850E-01 
 0.360270689172741E+00  0.335359316812638E+00  0.993776632980085E-01 
 0.447479092215723E+00  0.204995860640754E+00  0.395845862134746E+00 
 0.433232715301538E+00  0.233602772334807E+00  0.396364148332704E+00 
 0.418679057835762E+00  0.258783089439411E+00  0.405755708557443E+00 
 0.402372789920018E+00  0.283473065355464E+00  0.413021501030899E+00 
 0.382831537991662E+00  0.309355546853418E+00  0.409344869429917E+00 
 0.364084917113134E+00  0.331214453158015E+00  0.409328782754020E+00 
 0.407012571990830E+00  0.276769953375458E+00  0.381178935944593E+00 
 0.389224369501063E+00  0.301272685513538E+00  0.372921719584833E+00 
 0.366195980141227E+00  0.328878921456584E+00  0.377882546880758E+00 
 0.490875305972125E+00  0.360870452768810E-01  0.340928031779913E+00 
 0.487293788028505E+00  0.693224710962140E-01  0.337619421210518E+00 
 0.481103538361571E+00  0.103924136878928E+00  0.340143956777438E+00 
 0.471361780715349E+00  0.141700079502105E+00  0.342624573111130E+00 
 0.459562684161941E+00  0.176246929550333E+00  0.343971424307398E+00 
 0.447568152386407E+00  0.204801342328288E+00  0.346854375715190E+00 
 0.434860706855814E+00  0.230558032787654E+00  0.349684550039201E+00 
 0.420183517948062E+00  0.256333088177939E+00  0.350203024705863E+00 
 0.403255582160023E+00  0.282215832842213E+00  0.349061809404955E+00 
 0.384374752457056E+00  0.307435994190037E+00  0.345411753309239E+00 
 0.363416918585504E+00  0.331947261075999E+00  0.340813848960079E+00 
 0.470032716141844E+00  0.146048233835154E+00  0.275526997527240E+00 
 0.458089420330333E+00  0.180041450314832E+00  0.284757296693264E+00 
 0.442697788615596E+00  0.215126727314186E+00  0.302529512338765E+00 
 0.428584267715391E+00  0.242025548892905E+00  0.299569862468362E+00 
 0.490344527753922E+00  0.426975989000457E-01  0.285555836120637E+00 
 0.485790013511934E+00  0.791764082421719E-01  0.280680430131317E+00 
 0.478363239828164E+00  0.115885510876700E+00  0.280994466839728E+00 
 0.490705457972766E+00  0.383274622924830E-01  0.311945855421801E+00 
 0.486507930311642E+00  0.746382917404861E-01  0.310279670395644E+00 
 0.479405695114406E+00  0.111494485701874E+00  0.310616914419113E+00 
 0.468113144142902E+00  0.152088543719421E+00  0.308887936647422E+00 
 0.453506579447340E+00  0.191291984275410E+00  0.319139150006945E+00 
 0.442183629843729E+00  0.216181586515309E+00  0.328229431053857E+00 
 0.430811472089433E+00  0.238038476650702E+00  0.325175823413809E+00 
 0.416324208147377E+00  0.262554745835047E+00  0.323377161490805E+00 
 0.399839112759912E+00  0.287035755189851E+00  0.320473080023276E+00 
 0.381753022119246E+00  0.310685485584475E+00  0.316303266490873E+00 
 0.378120312712461E+00  0.315096604177623E+00  0.304747968613145E-01 
 0.363607423441851E+00  0.331738575489826E+00  0.631620234698194E-01 
 0.362380555452843E+00  0.333078329946170E+00  0.310559603015453E+00 
 0.397464529958294E+00  0.290314981141300E+00  0.292383651859946E+00 
 0.380084255738744E+00  0.312724798168555E+00  0.288031743218316E+00 
 0.361593634219359E+00  0.333932455059519E+00  0.284530095741306E+00 
 0.468857458478122E+00  0.149778251022917E+00  0.213321837184835E+00 
 0.454713134774074E+00  0.188405960399305E+00  0.229810514297861E+00 
 0.439969967929005E+00  0.220651916308474E+00  0.234362310939016E+00 
 0.426522768191541E+00  0.245640324589174E+00  0.249583956866426E+00 
 0.490266388726169E+00  0.435856505681325E-01  0.225456864841294E+00 
 0.486436324306057E+00  0.751035501535584E-01  0.216714640591852E+00 
 0.478892280756783E+00  0.113679480477430E+00  0.223952789937393E+00 
 0.490644474005627E+00  0.391003961333707E-01  0.252494603842987E+00 
 0.484804627926158E+00  0.850018446354847E-01  0.248701843663396E+00 
 0.476370091406901E+00  0.123823975315891E+00  0.254892185433292E+00 
 0.466798900116565E+00  0.156075711435228E+00  0.247544816886599E+00 
 0.455884086407611E+00  0.185554683611995E+00  0.257478412811330E+00 
 0.441649369916981E+00  0.217270971144296E+00  0.267499662207322E+00 
 0.424640958976189E+00  0.248879281600200E+00  0.276341880367347E+00 
 0.411585363469950E+00  0.269922821242211E+00  0.269200502606409E+00 
 0.395849613119044E+00  0.292513118754602E+00  0.264210010591177E+00 
 0.378712299909119E+00  0.314384851332860E+00  0.259797239436754E+00 
 0.360821897641310E+00  0.334766185617014E+00  0.255896397407245E+00 
 0.394351172080026E+00  0.294530123975715E+00  0.236328130154727E+00 
 0.377345388029070E+00  0.316024206324816E+00  0.231280807840777E+00 
 0.360332927585043E+00  0.335292442724308E+00  0.224943345194547E+00 
 0.490926781571053E+00  0.353798810954849E-01  0.165325154593629E+00 
 0.487854850219809E+00  0.652570759922770E-01  0.165420306615691E+00 
 0.480027790796965E+00  0.108784929620964E+00  0.164102170043586E+00 
 0.359662844478981E+00  0.336011129505154E+00  0.282978555698574E-01 
 0.490466666132226E+00  0.412709372704897E-01  0.191371998918900E+00 
 0.484158754097068E+00  0.886066683790255E-01  0.192043289924115E+00 
 0.477119626821499E+00  0.120903691224725E+00  0.195673881328220E+00 
 0.470430671091313E+00  0.144761267425458E+00  0.182776285528870E+00 
 0.459516459854561E+00  0.176367411878670E+00  0.195705570314338E+00 
 0.446028611383266E+00  0.208132935110153E+00  0.206409206865071E+00 
 0.428429461654549E+00  0.242299478407289E+00  0.215976846539501E+00 
 0.408923738681530E+00  0.273938344874836E+00  0.206267748576619E+00 
 0.390984276034719E+00  0.298985178133710E+00  0.211692914085812E+00 
 0.377212012495638E+00  0.316183393743298E+00  0.201489644006838E+00 
 0.361195052729255E+00  0.334363536788854E+00  0.190814786522410E+00 
 0.496026554259813E+00  0.000000000000000E+00  0.981552569135116E+00 
 0.495820703762428E+00  0.000000000000000E+00  0.950086226384510E+00 
 0.496133428358866E+00  0.000000000000000E+00  0.913752550913510E+00 
 0.496087648681734E+00  0.000000000000000E+00  0.880877280437094E+00 
 0.496119156572768E+00  0.000000000000000E+00  0.849273354566024E+00 
 0.496095254033952E+00  0.000000000000000E+00  0.817068652423404E+00 
 0.496103607702281E+00  0.000000000000000E+00  0.782267499391926E+00 
 0.496107900514853E+00  0.000000000000000E+00  0.747196230812921E+00 
 0.496090226067729E+00  0.000000000000000E+00  0.713346733808114E+00 
 0.496110628943781E+00  0.000000000000000E+00  0.681288641552819E+00 
 0.496091838506750E+00  0.000000000000000E+00  0.650088160042055E+00 
 0.496111987001214E+00  0.000000000000000E+00  0.619323709852809E+00 
 0.496090403240929E+00  0.000000000000000E+00  0.588332099019567E+00 
 0.496107181728240E+00  0.000000000000000E+00  0.557274412680098E+00 
 0.496102049262670E+00  0.000000000000000E+00  0.526284218526496E+00 
 0.496089062847482E+00  0.000000000000000E+00  0.494319623666859E+00 
 0.496105496719227E+00  0.000000000000000E+00  0.462936799727401E+00 
 0.496091315793096E+00  0.000000000000000E+00  0.432828024694633E+00 
 0.496107912436215E+00  0.000000000000000E+00  0.404193419540336E+00 
 0.496105783066239E+00  0.000000000000000E+00  0.376922773216426E+00 
 0.496102456736270E+00  0.000000000000000E+00  0.349804731437458E+00 
 0.496100175281004E+00  0.000000000000000E+00  0.322328723028486E+00 
 0.496106024353755E+00  0.000000000000000E+00  0.294411648627262E+00 
 0.496075414895716E+00  0.000000000000000E+00  0.265906053994006E+00 
 0.496109158275136E+00  0.000000000000000E+00  0.213168633577026E-01 
 0.496117953866851E+00  0.000000000000000E+00  0.237220098796317E+00 
 0.496091239951142E+00  0.000000000000000E+00  0.207734448409144E+00 
 0.496096181132180E+00  0.000000000000000E+00  0.178931070650319E+00 
 0.496089244872819E+00  0.000000000000000E+00  0.150346322248358E+00 
 0.496118691789532E+00  0.000000000000000E+00  0.120267932033175E+00 
 0.496099318193462E+00  0.000000000000000E+00  0.887289689918374E-01 
 0.496103342869536E+00  0.000000000000000E+00  0.559049349176834E-01 
