 0.500000000000000E+00 -0.462592926927149E-17  0.000000000000000E+00 
 0.349500162906475E+00  0.357560674750940E+00  0.000000000000000E+00 
 0.360116454186342E+00  0.346866169327965E+00  0.000000000000000E+00 
 0.374787173710297E+00  0.330960079801549E+00  0.000000000000000E+00 
 0.392057574479640E+00  0.310307683264759E+00  0.000000000000000E+00 
 0.409531788913164E+00  0.286851379410285E+00  0.000000000000000E+00 
 0.426863858753788E+00  0.260359839625519E+00  0.000000000000000E+00 
 0.443758221264013E+00  0.230388022823669E+00  0.000000000000000E+00 
 0.460486392975772E+00  0.194813454063530E+00  0.000000000000000E+00 
 0.472948030145822E+00  0.162234893845889E+00  0.000000000000000E+00 
 0.480226764585237E+00  0.139220165838126E+00  0.000000000000000E+00 
 0.486063812792379E+00  0.117226148506787E+00  0.000000000000000E+00 
 0.490854066747892E+00  0.951960354061902E-01  0.000000000000000E+00 
 0.494777354716410E+00  0.720789099517432E-01  0.000000000000000E+00 
 0.498309672088723E+00  0.410788352175333E-01  0.000000000000000E+00 
 0.499773371172352E+00  0.150524903927122E-01  0.000000000000000E+00 
 0.341000015009195E+00  0.365676072178272E+00  0.000000000000000E+00 
 0.341000015009195E+00  0.357252722913600E+00  0.000000000000000E+00 
 0.341000015009195E+00  0.361348279752031E+00  0.000000000000000E+00 
 0.341000015009195E+00  0.353270441026070E+00  0.000000000000000E+00 
 0.490632599636309E+00  0.189912325335364E-01  0.000000000000000E+00 
 0.486585862861496E+00  0.656902793597648E-01  0.000000000000000E+00 
 0.482016180054250E+00  0.934955448400535E-01  0.000000000000000E+00 
 0.477242376968650E+00  0.115415459815142E+00  0.000000000000000E+00 
 0.471433144823525E+00  0.137229022807960E+00  0.000000000000000E+00 
 0.462560855047795E+00  0.164676865759824E+00  0.000000000000000E+00 
 0.444114350752966E+00  0.209388295265762E+00  0.000000000000000E+00 
 0.427538837988137E+00  0.241436444537243E+00  0.000000000000000E+00 
 0.410324935398508E+00  0.269656192454835E+00  0.000000000000000E+00 
 0.392867049368479E+00  0.294510604663957E+00  0.000000000000000E+00 
 0.375048333806386E+00  0.316890773056073E+00  0.000000000000000E+00 
 0.353802748059946E+00  0.340447690848761E+00  0.000000000000000E+00 
 0.491000015009206E+00  0.578241158658936E-17  0.000000000000000E+00 
 0.495523388380825E+00  0.000000000000000E+00  0.000000000000000E+00 
 0.472991653502646E+00  0.147522480125492E+00  0.000000000000000E+00 
 0.478858051562890E+00  0.127266287276326E+00  0.000000000000000E+00 
 0.484125273639144E+00  0.105478804185324E+00  0.000000000000000E+00 
 0.488092075315658E+00  0.850698632662220E-01  0.000000000000000E+00 
 0.341000015009195E+00  0.365676072178272E+00  0.100000000000000E+01 
 0.499674278085548E+00  0.180448280592263E-01  0.100000000000000E+01 
 0.498090564734366E+00  0.436553470104178E-01  0.100000000000000E+01 
 0.495220969877045E+00  0.689651433264613E-01  0.100000000000000E+01 
 0.491120596075202E+00  0.938113005492330E-01  0.100000000000000E+01 
 0.485712831029158E+00  0.118672009225601E+00  0.100000000000000E+01 
 0.477154893741822E+00  0.149409529074388E+00  0.100000000000000E+01 
 0.465573819180914E+00  0.182321197048772E+00  0.100000000000000E+01 
 0.451191015114917E+00  0.215468484655114E+00  0.100000000000000E+01 
 0.433872042119272E+00  0.248505635886297E+00  0.100000000000000E+01 
 0.416598642189816E+00  0.276487922567337E+00  0.100000000000000E+01 
 0.398259693393704E+00  0.302306494501777E+00  0.100000000000000E+01 
 0.380566586317794E+00  0.324297815870568E+00  0.100000000000000E+01 
 0.365854875856367E+00  0.340808171574747E+00  0.100000000000000E+01 
 0.354251659941548E+00  0.352853739428474E+00  0.100000000000000E+01 
 0.346785832031331E+00  0.360193818245591E+00  0.100000000000000E+01 
 0.500000000000000E+00 -0.462592926927149E-17  0.100000000000000E+01 
 0.495596529726933E+00  0.000000000000000E+00  0.100000000000000E+01 
 0.491000015009206E+00  0.578241158658936E-17  0.100000000000000E+01 
 0.341000015009195E+00  0.353270441026070E+00  0.100000000000000E+01 
 0.360126431819797E+00  0.333751356317488E+00  0.100000000000000E+01 
 0.380364748406335E+00  0.310489408690229E+00  0.100000000000000E+01 
 0.399368722687466E+00  0.285631997643836E+00  0.100000000000000E+01 
 0.417808994741216E+00  0.257908236883518E+00  0.100000000000000E+01 
 0.435060836259240E+00  0.227602907478009E+00  0.100000000000000E+01 
 0.451172328150237E+00  0.193712531991411E+00  0.100000000000000E+01 
 0.463450606263667E+00  0.162155944364877E+00  0.100000000000000E+01 
 0.475990252021169E+00  0.120475286759780E+00  0.100000000000000E+01 
 0.482390261809984E+00  0.915458904043484E-01  0.100000000000000E+01 
 0.486248939257056E+00  0.681394438663754E-01  0.100000000000000E+01 
 0.489132818506334E+00  0.427796750697963E-01  0.100000000000000E+01 
 0.490703592460962E+00  0.170586952880966E-01  0.100000000000000E+01 
 0.341000015009195E+00  0.360476384107322E+00  0.100000000000000E+01 
 0.341000015009195E+00  0.356830071453263E+00  0.100000000000000E+01 
 0.494564516407590E+00  0.305074432191657E-01  0.100000000000000E+01 
 0.492299704213259E+00  0.560015169963783E-01  0.100000000000000E+01 
 0.488890575341087E+00  0.807047480957173E-01  0.100000000000000E+01 
 0.484679337429948E+00  0.102593414849848E+00  0.100000000000000E+01 
 0.353831089021361E+00  0.346530216182503E+00  0.100000000000000E+01 
 0.500000000000000E+00 -0.138777878078145E-16  0.980531173493095E+00 
 0.500000000000000E+00 -0.138777878078145E-16  0.959588784120631E+00 
 0.500000000000000E+00 -0.138777878078145E-16  0.925044908222383E+00 
 0.500000000000000E+00 -0.138777878078145E-16  0.891854176700382E+00 
 0.500000000000000E+00 -0.138777878078145E-16  0.857552982034889E+00 
 0.500000000000000E+00 -0.138777878078145E-16  0.824532264449461E+00 
 0.500000000000000E+00 -0.138777878078145E-16  0.792080076473734E+00 
 0.500000000000000E+00 -0.138777878078145E-16  0.754338620456920E+00 
 0.500000000000000E+00 -0.138777878078145E-16  0.717453313697333E+00 
 0.500000000000000E+00 -0.138777878078145E-16  0.685454263719024E+00 
 0.500000000000000E+00 -0.138777878078145E-16  0.652974039673909E+00 
 0.500000000000000E+00 -0.138777878078145E-16  0.620723152225356E+00 
 0.500000000000000E+00 -0.138777878078145E-16  0.589866933684699E+00 
 0.500000000000000E+00 -0.138777878078145E-16  0.558846003176981E+00 
 0.500000000000000E+00 -0.138777878078145E-16  0.529610879917485E+00 
 0.500000000000000E+00 -0.138777878078145E-16  0.501309147378974E+00 
 0.500000000000000E+00 -0.138777878078145E-16  0.470873594696232E+00 
 0.500000000000000E+00 -0.138777878078145E-16  0.439371976325574E+00 
 0.500000000000000E+00 -0.138777878078145E-16  0.410462088328045E+00 
 0.500000000000000E+00 -0.138777878078145E-16  0.383175443463073E+00 
 0.500000000000000E+00 -0.138777878078145E-16  0.354337988261414E+00 
 0.500000000000000E+00 -0.138777878078145E-16  0.325734740548617E+00 
 0.500000000000000E+00 -0.138777878078145E-16  0.298707919109562E+00 
 0.500000000000000E+00 -0.138777878078145E-16  0.271275985482570E+00 
 0.500000000000000E+00 -0.138777878078145E-16  0.242479931943024E+00 
 0.500000000000000E+00 -0.138777878078145E-16  0.213994003483100E+00 
 0.500000000000000E+00 -0.138777878078145E-16  0.186532130121196E+00 
 0.500000000000000E+00 -0.138777878078145E-16  0.161447602567239E+00 
 0.500000000000000E+00 -0.138777878078145E-16  0.134057774422536E+00 
 0.500000000000000E+00 -0.138777878078145E-16  0.102495628732049E+00 
 0.500000000000000E+00 -0.138777878078145E-16  0.687206081114131E-01 
 0.500000000000000E+00 -0.138777878078145E-16  0.369293018012571E-01 
 0.500000000000000E+00 -0.138777878078145E-16  0.145757672148984E-01 
 0.341000015009195E+00  0.365676072178272E+00  0.184682637379001E-01 
 0.341000015009195E+00  0.365676072178272E+00  0.460082706580014E-01 
 0.341000015009195E+00  0.365676072178272E+00  0.737574538563369E-01 
 0.341000015009195E+00  0.365676072178272E+00  0.106559266510575E+00 
 0.341000015009195E+00  0.365676072178272E+00  0.139897886845493E+00 
 0.341000015009195E+00  0.365676072178272E+00  0.173686028737140E+00 
 0.341000015009195E+00  0.365676072178272E+00  0.206424376841876E+00 
 0.341000015009195E+00  0.365676072178272E+00  0.240625403057203E+00 
 0.341000015009195E+00  0.365676072178272E+00  0.281132397191203E+00 
 0.341000015009195E+00  0.365676072178272E+00  0.321637909379213E+00 
 0.341000015009195E+00  0.365676072178272E+00  0.347450976263046E+00 
 0.341000015009195E+00  0.365676072178272E+00  0.374976775352397E+00 
 0.341000015009195E+00  0.365676072178272E+00  0.413078573240666E+00 
 0.341000015009195E+00  0.365676072178272E+00  0.437384161746562E+00 
 0.341000015009195E+00  0.365676072178272E+00  0.462116292640330E+00 
 0.341000015009195E+00  0.365676072178272E+00  0.493674995700207E+00 
 0.341000015009195E+00  0.365676072178272E+00  0.525067772901460E+00 
 0.341000015009195E+00  0.365676072178272E+00  0.556274487792469E+00 
 0.341000015009195E+00  0.365676072178272E+00  0.586595833879113E+00 
 0.341000015009195E+00  0.365676072178272E+00  0.616587852912431E+00 
 0.341000015009195E+00  0.365676072178272E+00  0.647164676042397E+00 
 0.341000015009195E+00  0.365676072178272E+00  0.678552735272578E+00 
 0.341000015009195E+00  0.365676072178272E+00  0.709655038842808E+00 
 0.341000015009195E+00  0.365676072178272E+00  0.739561865625847E+00 
 0.341000015009195E+00  0.365676072178272E+00  0.769378678601712E+00 
 0.341000015009195E+00  0.365676072178272E+00  0.802383962750143E+00 
 0.341000015009195E+00  0.365676072178272E+00  0.825138990306534E+00 
 0.341000015009195E+00  0.365676072178272E+00  0.848573961890258E+00 
 0.341000015009195E+00  0.365676072178272E+00  0.877453884006633E+00 
 0.341000015009195E+00  0.365676072178272E+00  0.908535295175715E+00 
 0.341000015009195E+00  0.365676072178272E+00  0.939172486885316E+00 
 0.341000015009195E+00  0.365676072178272E+00  0.959378763968631E+00 
 0.341000015009195E+00  0.365676072178272E+00  0.982231532867219E+00 
 0.445407966538292E+00  0.227182180956659E+00  0.914765432646668E+00 
 0.429597835573223E+00  0.255823571374497E+00  0.917567510724780E+00 
 0.438669491601958E+00  0.239935568721438E+00  0.821674052649491E+00 
 0.437472688128644E+00  0.242110815829236E+00  0.882992322892445E+00 
 0.444535558306358E+00  0.228884550376941E+00  0.853584684825688E+00 
 0.451645560376261E+00  0.214514073646494E+00  0.885200503102850E+00 
 0.458477199579676E+00  0.199496008645731E+00  0.914138788409192E+00 
 0.463929596282977E+00  0.186465357889110E+00  0.167546744106756E+00 
 0.464843844995406E+00  0.184174373271329E+00  0.136682423503391E+00 
 0.452174928945259E+00  0.213395955053862E+00  0.120122419780733E+00 
 0.462200421552311E+00  0.190711222314959E+00  0.101260761050074E+00 
 0.368523997604864E+00  0.337920202398925E+00  0.833231412696486E+00 
 0.366649022520786E+00  0.339953664908252E+00  0.808435017648793E+00 
 0.377439042557120E+00  0.327932567997698E+00  0.822941459355302E+00 
 0.356103953449909E+00  0.350984293576429E+00  0.158169765171042E-01 
 0.379444351990342E+00  0.325610171436074E+00  0.801672382455615E+00 
 0.382013756576030E+00  0.322591831556023E+00  0.848448453664669E+00 
 0.389326398412754E+00  0.313727517917943E+00  0.824269175516873E+00 
 0.392470306751927E+00  0.309785503724833E+00  0.798857326232907E+00 
 0.397466662120426E+00  0.303348401187227E+00  0.851413772968352E+00 
 0.402421162609393E+00  0.296744347686868E+00  0.823639167813387E+00 
 0.405614305534933E+00  0.292364558634274E+00  0.796273456671136E+00 
 0.406867467608188E+00  0.290618072050071E+00  0.879796417511442E+00 
 0.412671797659921E+00  0.282315404142475E+00  0.850162644251121E+00 
 0.415468767525932E+00  0.278182859303882E+00  0.820964702508448E+00 
 0.418571623742975E+00  0.273491856911992E+00  0.793328215159206E+00 
 0.415432809476531E+00  0.278236555489095E+00  0.904557969798946E+00 
 0.422510005423457E+00  0.267367341530468E+00  0.879445012270824E+00 
 0.428537835894953E+00  0.257595270155472E+00  0.845951357663241E+00 
 0.426820555730774E+00  0.260430822303492E+00  0.814957350046457E+00 
 0.431727628783499E+00  0.252212716858167E+00  0.792479942945003E+00 
 0.449937041358057E+00  0.218074892672125E+00  0.966790874619184E+00 
 0.440724436479807E+00  0.236139727893375E+00  0.946507582681684E+00 
 0.453709499928585E+00  0.210113516163414E+00  0.941677678553343E+00 
 0.464673207029524E+00  0.184604470880034E+00  0.940339262294169E+00 
 0.451649095554666E+00  0.214506630397878E+00  0.826882233336790E+00 
 0.458016436240680E+00  0.200551599677956E+00  0.857678763309482E+00 
 0.464102611681832E+00  0.186034313582474E+00  0.887514227608184E+00 
 0.469574571390085E+00  0.171754830801984E+00  0.915811489239126E+00 
 0.369714414615967E+00  0.336617366790801E+00  0.193051376960883E-01 
 0.361295285501368E+00  0.345638129659453E+00  0.366471820626717E-01 
 0.353735479942044E+00  0.353371207415335E+00  0.538322392280033E-01 
 0.444743844543313E+00  0.228479567447143E+00  0.795397912773681E+00 
 0.457449184118185E+00  0.201842126300747E+00  0.800792117115480E+00 
 0.464035731875684E+00  0.186201072882511E+00  0.831097712603717E+00 
 0.469835643949608E+00  0.171039374631858E+00  0.861255945106695E+00 
 0.474724451075088E+00  0.156960808966622E+00  0.891267611947909E+00 
 0.462783906832974E+00  0.189290928404953E+00  0.776881045071242E+00 
 0.469140119035770E+00  0.172937990942139E+00  0.804910976359047E+00 
 0.475319488348024E+00  0.155149553646064E+00  0.834246264156963E+00 
 0.479880671805327E+00  0.140408478475012E+00  0.866201783112957E+00 
 0.472427775183664E+00  0.163743693725937E+00  0.779672073886196E+00 
 0.480276558247093E+00  0.139048292324381E+00  0.803136067544630E+00 
 0.484912817537999E+00  0.121899792400805E+00  0.840309198702535E+00 
 0.486767227373078E+00  0.114270146387965E+00  0.784023123867324E+00 
 0.489901769659764E+00  0.999812786687187E-01  0.815007689990766E+00 
 0.494425409987633E+00  0.744547779431313E-01  0.783223302674489E+00 
 0.381427970641530E+00  0.323284245227453E+00  0.219065264520322E+00 
 0.401250126637886E+00  0.298325888707434E+00  0.230047809456330E+00 
 0.396751380587618E+00  0.304283325211584E+00  0.199033858675180E+00 
 0.413709142729068E+00  0.280793064769022E+00  0.210869602540313E+00 
 0.409403418053414E+00  0.287034564619284E+00  0.178844692088007E+00 
 0.427713501921011E+00  0.258961696539210E+00  0.223198930572887E+00 
 0.428275218761875E+00  0.258031658899578E+00  0.191180754786373E+00 
 0.420092043456769E+00  0.271150650053280E+00  0.156062162826473E+00 
 0.441324402141116E+00  0.235016535747565E+00  0.220592488511974E+00 
 0.445967458558135E+00  0.226081900883724E+00  0.190676520270228E+00 
 0.385272238643846E+00  0.318693115913035E+00  0.215025761388056E-01 
 0.377300750715617E+00  0.328091669369144E+00  0.419145326383737E-01 
 0.368317851606540E+00  0.338144880469811E+00  0.615098395569877E-01 
 0.357066397461034E+00  0.350005125397041E+00  0.819917430788157E-01 
 0.436349578845932E+00  0.244129156474556E+00  0.161167457574735E+00 
 0.428828281630327E+00  0.257111463910074E+00  0.131556770322969E+00 
 0.456474937793910E+00  0.204035857549710E+00  0.223878620387274E+00 
 0.459522145637573E+00  0.197077136341691E+00  0.192077220522812E+00 
 0.452311977756330E+00  0.213105313819616E+00  0.157722052805697E+00 
 0.441921027783067E+00  0.233892721569437E+00  0.135758271785805E+00 
 0.438421399374290E+00  0.240388594926401E+00  0.108138607359163E+00 
 0.497936728676346E+00  0.453763620743063E-01  0.208131834932714E+00 
 0.495115017594349E+00  0.697217279802154E-01  0.192446504132290E+00 
 0.491379190215050E+00  0.924472358894613E-01  0.172655971984260E+00 
 0.490895015785651E+00  0.949846486375882E-01  0.201133719746038E+00 
 0.486993662373581E+00  0.113301248042408E+00  0.151929929407318E+00 
 0.485005911467286E+00  0.121528868347350E+00  0.207200847590472E+00 
 0.485954589382396E+00  0.117678107811893E+00  0.179350944200243E+00 
 0.477543227813298E+00  0.148163644561196E+00  0.212376763494486E+00 
 0.478974715718028E+00  0.143468539069839E+00  0.185018785025420E+00 
 0.480523848742178E+00  0.138191283335833E+00  0.158328097055055E+00 
 0.481763841687486E+00  0.133804337906196E+00  0.131119851555365E+00 
 0.468323507408669E+00  0.175137352978860E+00  0.217232936988753E+00 
 0.470395916057754E+00  0.169492425070226E+00  0.189730981137847E+00 
 0.472593694841295E+00  0.163264201821014E+00  0.163196263745820E+00 
 0.474895270603476E+00  0.156443222794890E+00  0.139429136114934E+00 
 0.473981926931943E+00  0.159188984989170E+00  0.110769208026828E+00 
 0.449301504016783E+00  0.219381308429540E+00  0.834564941005186E-01 
 0.469865519451137E+00  0.170957285983701E+00  0.841316756768409E-01 
 0.462081673618434E+00  0.190998761529982E+00  0.690359204148512E-01 
 0.453547459236887E+00  0.210463066165454E+00  0.530957099911102E-01 
 0.351036800365637E+00  0.356052193911309E+00  0.978280693487926E+00 
 0.353992722598156E+00  0.353113511986649E+00  0.955095020438971E+00 
 0.362703840350262E+00  0.344159736452671E+00  0.976252949077112E+00 
 0.356319592097560E+00  0.350765374983661E+00  0.930493692133186E+00 
 0.367913945952227E+00  0.338584300247164E+00  0.951066720235715E+00 
 0.376226543894396E+00  0.329322923085045E+00  0.974494249387398E+00 
 0.352350712387532E+00  0.354751991509560E+00  0.887267717277493E+00 
 0.360670351536791E+00  0.346290192645312E+00  0.905490156670804E+00 
 0.401763472716322E+00  0.297634191568981E+00  0.232249495444559E-01 
 0.393450051587624E+00  0.308540203062252E+00  0.454169526604207E-01 
 0.384313135549453E+00  0.319849048527814E+00  0.666957230389509E-01 
 0.374094502026545E+00  0.331742827433407E+00  0.874572351522215E-01 
 0.363064331412478E+00  0.343779422385940E+00  0.107991294582933E+00 
 0.354524807912959E+00  0.352579296859982E+00  0.128048223378567E+00 
 0.372061810267973E+00  0.334020971407663E+00  0.924866540630246E+00 
 0.382764446489365E+00  0.321700759252585E+00  0.946979535839588E+00 
 0.391588250224409E+00  0.310899730276797E+00  0.972309960343315E+00 
 0.349702411974706E+00  0.357362873084310E+00  0.839152052958245E+00 
 0.353688685045736E+00  0.353418044347792E+00  0.861935985686818E+00 
 0.364780168838586E+00  0.341958226136019E+00  0.880601886224610E+00 
 0.375914291822550E+00  0.329679306604996E+00  0.897851279006755E+00 
 0.387296614807578E+00  0.316229872337498E+00  0.917783643481706E+00 
 0.398219779696657E+00  0.302359069747123E+00  0.941870812732747E+00 
 0.408311084199953E+00  0.288586310346590E+00  0.969003882398004E+00 
 0.354901810269931E+00  0.352199808442773E+00  0.819928427190187E+00 
 0.440061330929557E+00  0.237373176708126E+00  0.975819774736962E+00 
 0.359623094366717E+00  0.347377647522271E+00  0.842598849895305E+00 
 0.368188133103250E+00  0.338286119493460E+00  0.856865450451144E+00 
 0.377059676673045E+00  0.328368695565242E+00  0.873581826436149E+00 
 0.390880645823096E+00  0.311788904101669E+00  0.882835383129381E+00 
 0.401961984556166E+00  0.297366042062083E+00  0.910508934095348E+00 
 0.413972074331205E+00  0.280405281109182E+00  0.934693489705711E+00 
 0.426153978223022E+00  0.261520146154541E+00  0.964110678356154E+00 
 0.499087841098880E+00  0.301881908576649E-01  0.979755950828357E+00 
 0.499641580440172E+00  0.189285787962934E-01  0.963052280326951E+00 
 0.496971574927975E+00  0.549477362009415E-01  0.975180402178166E+00 
 0.498414633907144E+00  0.397850814653897E-01  0.954944755585675E+00 
 0.499564790339218E+00  0.208571391454702E-01  0.938953351780567E+00 
 0.493586165771641E+00  0.798291736074650E-01  0.969208653519618E+00 
 0.495913760789310E+00  0.637929608954046E-01  0.946395930930309E+00 
 0.497957195480743E+00  0.451512067275395E-01  0.926589582591140E+00 
 0.499429676874119E+00  0.238746279010476E-01  0.908873256014324E+00 
 0.485505293024836E+00  0.119518243146676E+00  0.974559205760916E+00 
 0.488901203511005E+00  0.104764560828038E+00  0.957667064660120E+00 
 0.491981924680557E+00  0.891839996166095E-01  0.936814349723355E+00 
 0.494902141140685E+00  0.712170674372741E-01  0.915672057700111E+00 
 0.497445563049772E+00  0.504768442168753E-01  0.895459255784319E+00 
 0.499281358534503E+00  0.267978547637908E-01  0.876329655914768E+00 
 0.470683635845745E+00  0.168691774983340E+00  0.981631583167238E+00 
 0.478187618315346E+00  0.146070536693396E+00  0.972413929075991E+00 
 0.482356409272297E+00  0.131652172158065E+00  0.949119658723599E+00 
 0.486325249979056E+00  0.116136778123077E+00  0.927691148446868E+00 
 0.490125893602906E+00  0.988767334611783E-01  0.905702245253853E+00 
 0.493695938137241E+00  0.791474615309306E-01  0.883730728165494E+00 
 0.496811214695076E+00  0.563792244820962E-01  0.862415622576884E+00 
 0.499100071444561E+00  0.299853078028875E-01  0.842716972247023E+00 
 0.354212491892608E+00  0.352893058287109E+00  0.790791598556060E+00 
 0.367630918535077E+00  0.338891586996573E+00  0.782264378054622E+00 
 0.381251287556634E+00  0.323492589925038E+00  0.776358988852074E+00 
 0.394898294829588E+00  0.306684425331127E+00  0.772325861834980E+00 
 0.408513065646535E+00  0.288300321186207E+00  0.769121053715092E+00 
 0.422130737298535E+00  0.267965745250760E+00  0.766746689534797E+00 
 0.435781781324400E+00  0.245141263490529E+00  0.765718810236847E+00 
 0.449695591920702E+00  0.218572355541796E+00  0.766174524497241E+00 
 0.458462123617923E+00  0.199530652301204E+00  0.751666163969773E+00 
 0.418439130612272E+00  0.273694526749159E+00  0.246525425725124E-01 
 0.409796966847412E+00  0.286472417455260E+00  0.482966723927243E-01 
 0.400634177217997E+00  0.299152563159433E+00  0.709392220131499E-01 
 0.390795868338594E+00  0.311895157528110E+00  0.926927400492779E-01 
 0.380406389420337E+00  0.324485714459331E+00  0.113675788219905E+00 
 0.369916129185581E+00  0.336395685716028E+00  0.133990393839654E+00 
 0.357388255877293E+00  0.349676471271641E+00  0.153015856076529E+00 
 0.468128592391661E+00  0.175657681259324E+00  0.753602977413168E+00 
 0.478950751724403E+00  0.143548519402427E+00  0.760714045557938E+00 
 0.487348612545062E+00  0.111764618061369E+00  0.754132480459676E+00 
 0.492880636636245E+00  0.840754305909283E-01  0.746722161282654E+00 
 0.497293303963074E+00  0.519554600931341E-01  0.749809769735812E+00 
 0.461171995029130E+00  0.193184862245602E+00  0.970474962921054E+00 
 0.498999352855199E+00  0.316171765041206E-01  0.777576014720128E+00 
 0.470005303104102E+00  0.170572609331104E+00  0.960631639388705E+00 
 0.474409104271558E+00  0.157911373194769E+00  0.942223685137276E+00 
 0.478882179972603E+00  0.143777111198855E+00  0.920323016581439E+00 
 0.483423187640488E+00  0.127679370500914E+00  0.897325930270000E+00 
 0.487883717780374E+00  0.109405109226219E+00  0.873758490413724E+00 
 0.492136005099349E+00  0.883297938685105E-01  0.850193768402109E+00 
 0.495953486380489E+00  0.634833785099520E-01  0.827035886003411E+00 
 0.498917445943553E+00  0.328843752131837E-01  0.808944490309326E+00 
 0.354920770510871E+00  0.352180701714290E+00  0.761433150313052E+00 
 0.368931459297817E+00  0.337475300341200E+00  0.754581037087714E+00 
 0.383006274771248E+00  0.321412808527992E+00  0.749143600335485E+00 
 0.397062316336852E+00  0.303877470282371E+00  0.744899515619243E+00 
 0.411024807086724E+00  0.284707934486064E+00  0.741522709021194E+00 
 0.424769912007829E+00  0.263762244934451E+00  0.738819994250149E+00 
 0.437999410906131E+00  0.241156621401700E+00  0.736320960346972E+00 
 0.449957963456029E+00  0.218031720450267E+00  0.732072932416675E+00 
 0.461035397141484E+00  0.193510626536618E+00  0.727788939963065E+00 
 0.471438521285320E+00  0.166570467515437E+00  0.727684380735396E+00 
 0.480814362419278E+00  0.137177071303272E+00  0.727452279950266E+00 
 0.488403654643957E+00  0.107060123904405E+00  0.723657958803547E+00 
 0.494271970252840E+00  0.754666775628550E-01  0.720662855003482E+00 
 0.498389441576358E+00  0.400994329786078E-01  0.720309856509642E+00 
 0.355570887713392E+00  0.351524314679241E+00  0.732271918872174E+00 
 0.370079364673908E+00  0.336216096941471E+00  0.726058779658872E+00 
 0.384533569047814E+00  0.319584001907715E+00  0.720937085584112E+00 
 0.398877190218292E+00  0.301491272052045E+00  0.716722852562398E+00 
 0.413000617279207E+00  0.281834153585037E+00  0.713189459900839E+00 
 0.426713003486693E+00  0.260607008070323E+00  0.710058128789565E+00 
 0.439733693171867E+00  0.237979577042718E+00  0.706889132883968E+00 
 0.451891068945591E+00  0.213996406061437E+00  0.703526840798159E+00 
 0.463185106584241E+00  0.188307081753569E+00  0.700815129154977E+00 
 0.473416726060818E+00  0.160862063538475E+00  0.699242059296999E+00 
 0.482295648574669E+00  0.131874589538468E+00  0.697302135446594E+00 
 0.489591750948776E+00  0.101488508723459E+00  0.694447354126502E+00 
 0.495166377227123E+00  0.693560297578125E-01  0.691788744379752E+00 
 0.498755697394356E+00  0.352527206988239E-01  0.689297650363619E+00 
 0.356093225026854E+00  0.350995178157726E+00  0.702667795965425E+00 
 0.371023472633389E+00  0.335173958945293E+00  0.696907252768706E+00 
 0.385788749773887E+00  0.318067666618129E+00  0.692082571310189E+00 
 0.400342450471312E+00  0.299542855616062E+00  0.687966764491057E+00 
 0.414575051690688E+00  0.279513016719550E+00  0.684368155087289E+00 
 0.428315332743035E+00  0.257965066893220E+00  0.681085115664950E+00 
 0.441373290364571E+00  0.234924708263632E+00  0.677955955910663E+00 
 0.453595550946887E+00  0.210359397606074E+00  0.675016775326426E+00 
 0.464826338088031E+00  0.184218553407825E+00  0.672469356971441E+00 
 0.474848855699782E+00  0.156584048487090E+00  0.670227327501110E+00 
 0.483451897246698E+00  0.127570619848650E+00  0.667765647078000E+00 
 0.434704150826956E+00  0.247047164027065E+00  0.258649312987797E-01 
 0.425929951873262E+00  0.261884852744944E+00  0.509051116487870E-01 
 0.416878938110835E+00  0.276065120867492E+00  0.748626751963363E-01 
 0.407218957240827E+00  0.290125353707141E+00  0.977670333158334E-01 
 0.397138424882674E+00  0.303777997033539E+00  0.119764150341035E+00 
 0.386577252507715E+00  0.317108858033935E+00  0.140713778985706E+00 
 0.375101268538851E+00  0.330604050701961E+00  0.160375556048368E+00 
 0.362815730479186E+00  0.344041779028150E+00  0.179852995743138E+00 
 0.490458184805198E+00  0.972150654867361E-01  0.664904792999939E+00 
 0.495683990823670E+00  0.655544143526587E-01  0.661766841680443E+00 
 0.498917166429261E+00  0.328886156929234E-01  0.658023943540818E+00 
 0.356531161542463E+00  0.350550325701150E+00  0.672470848768838E+00 
 0.371796331152819E+00  0.334316449103695E+00  0.667287165916060E+00 
 0.386804002341078E+00  0.316832232850326E+00  0.662793274700803E+00 
 0.401522800881427E+00  0.297958789721556E+00  0.658830550678264E+00 
 0.415857246097211E+00  0.277601784699673E+00  0.655275368563694E+00 
 0.429657708419220E+00  0.255723001695086E+00  0.652016580332154E+00 
 0.442749417209726E+00  0.232320798811575E+00  0.648982060852421E+00 
 0.454952182349596E+00  0.207409044584222E+00  0.646159421979781E+00 
 0.466074736435209E+00  0.181036847235171E+00  0.643533292924600E+00 
 0.475916759183272E+00  0.153307659066635E+00  0.640959746179917E+00 
 0.484294152046330E+00  0.124334927891267E+00  0.638186106036327E+00 
 0.491039516925357E+00  0.942347749915736E-01  0.635040793059390E+00 
 0.495989516740669E+00  0.632012601405826E-01  0.631364763617279E+00 
 0.499000376627903E+00  0.316010146231227E-01  0.626795357053531E+00 
 0.356898409871642E+00  0.350176419867320E+00  0.642091413385273E+00 
 0.372420606691704E+00  0.333620880208933E+00  0.637442471783196E+00 
 0.387615517905340E+00  0.315838899249245E+00  0.633251472914461E+00 
 0.402468284663341E+00  0.296680433868073E+00  0.629459078983380E+00 
 0.416892335384605E+00  0.276044888917672E+00  0.625999734573837E+00 
 0.430743613780962E+00  0.253889620085024E+00  0.622808921649232E+00 
 0.443843659478271E+00  0.230223382698059E+00  0.619832996736151E+00 
 0.455999436261260E+00  0.205096353281606E+00  0.617020977454021E+00 
 0.467014680158179E+00  0.178598120137794E+00  0.614293375505384E+00 
 0.476700955770661E+00  0.150851578604064E+00  0.611510163667252E+00 
 0.484887887701802E+00  0.121998919503761E+00  0.608488691043149E+00 
 0.491423517804056E+00  0.922113124789297E-01  0.605046581888089E+00 
 0.496175317341546E+00  0.617256386035486E-01  0.600970742566997E+00 
 0.499046277260580E+00  0.308676716380743E-01  0.595974509536323E+00 
 0.357179008121637E+00  0.349890205860701E+00  0.611907258776987E+00 
 0.372902555262138E+00  0.333082098406636E+00  0.607548281123098E+00 
 0.388250132431152E+00  0.315058462300560E+00  0.603574294401012E+00 
 0.403215174299226E+00  0.295664545075741E+00  0.599936898319869E+00 
 0.417713869831941E+00  0.274800150927950E+00  0.596582580594281E+00 
 0.431601360515229E+00  0.252428733707958E+00  0.593460944226245E+00 
 0.444695356372300E+00  0.228573926817810E+00  0.590519781256773E+00 
 0.456798929823632E+00  0.203309462917948E+00  0.587691238929123E+00 
 0.467717859703868E+00  0.176748419268836E+00  0.584877754909808E+00 
 0.477272641647580E+00  0.149032967945822E+00  0.581945564562549E+00 
 0.485305173533978E+00  0.120328253295540E+00  0.578734759672239E+00 
 0.491681210725418E+00  0.908272372121246E-01  0.575070718265530E+00 
 0.496294554905178E+00  0.607594829756766E-01  0.570751745968890E+00 
 0.499075940161733E+00  0.303843043639628E-01  0.565514451749841E+00 
 0.357375126082348E+00  0.349689890127847E+00  0.581836186294166E+00 
 0.373263740252565E+00  0.332677291399136E+00  0.577610039466342E+00 
 0.388743562261485E+00  0.314449428048853E+00  0.573807848623308E+00 
 0.403806176066214E+00  0.294856867260680E+00  0.570314325393223E+00 
 0.418367049475288E+00  0.273804696660489E+00  0.567062706948793E+00 
 0.432280398317568E+00  0.251264118469799E+00  0.564005167005888E+00 
 0.445362534955839E+00  0.227271231038400E+00  0.561090629556704E+00 
 0.457416566642716E+00  0.201916033441602E+00  0.558246218143565E+00 
 0.468252209412848E+00  0.175327888198046E+00  0.555370253420712E+00 
 0.477698003499799E+00  0.147663866441002E+00  0.552334983905631E+00 
 0.485607553711734E+00  0.119102072937905E+00  0.548995644699214E+00 
 0.491862356870397E+00  0.898410924571759E-01  0.545200386738930E+00 
 0.496375093368196E+00  0.600979757039683E-01  0.540795889590832E+00 
 0.499093433406215E+00  0.300955932122201E-01  0.535636719012734E+00 
 0.357518258338110E+00  0.349543552300546E+00  0.551576861842575E+00 
 0.373550715851533E+00  0.332355025066279E+00  0.547573776505089E+00 
 0.389148161291909E+00  0.313948576303710E+00  0.543979507774189E+00 
 0.404295496879443E+00  0.294185572730894E+00  0.540637392080775E+00 
 0.418908299558637E+00  0.272975890072532E+00  0.537485207084698E+00 
 0.432840762147777E+00  0.250297572148296E+00  0.534488312826866E+00 
 0.445909236442708E+00  0.226196712741545E+00  0.531601598789557E+00 
 0.457918152746127E+00  0.200775908379404E+00  0.528752247088684E+00 
 0.468681507082656E+00  0.174177050493829E+00  0.525838735386538E+00 
 0.478035661524327E+00  0.146567071032340E+00  0.522738762356721E+00 
 0.485844984614327E+00  0.118129805405345E+00  0.519321406747437E+00 
 0.492004150306306E+00  0.890613051856428E-01  0.515460643894794E+00 
 0.464217369649291E+00  0.185747769073798E+00  0.333939329411022E-01 
 0.472047500335124E+00  0.164836759939526E+00  0.576296903454928E-01 
 0.477965111175019E+00  0.146796977146845E+00  0.810907604565582E-01 
 0.483172158187393E+00  0.128626068712903E+00  0.103836185435470E+00 
 0.488190091316283E+00  0.108029786358206E+00  0.125042494224868E+00 
 0.492182426867971E+00  0.880707595195751E-01  0.145579648587930E+00 
 0.495303712853989E+00  0.683683554947285E-01  0.165004987193947E+00 
 0.497881989251489E+00  0.459730875510828E-01  0.181040281510155E+00 
 0.499481982914755E+00  0.227540928965503E-01  0.196163919806197E+00 
 0.496439263038367E+00  0.595655782639883E-01  0.511062877736385E+00 
 0.499108860766956E+00  0.298386511744696E-01  0.506161365591495E+00 
 0.357658651884386E+00  0.349399898014072E+00  0.521054474011874E+00 
 0.373822350629847E+00  0.332049469461368E+00  0.517491343239928E+00 
 0.389522557288559E+00  0.313483934777176E+00  0.514159027880259E+00 
 0.404742159926645E+00  0.293570747823952E+00  0.510963696428935E+00 
 0.419398436164682E+00  0.272222246964901E+00  0.507900732616363E+00 
 0.433346390909856E+00  0.249421140814893E+00  0.504961517631340E+00 
 0.446400870885741E+00  0.225224915301243E+00  0.502109421660529E+00 
 0.458367361457804E+00  0.199748246425872E+00  0.499270786106969E+00 
 0.469064325499756E+00  0.173143462317983E+00  0.496343213322909E+00 
 0.478335919869552E+00  0.145584160410909E+00  0.493208495409702E+00 
 0.486057026546697E+00  0.117254283267539E+00  0.489744869028182E+00 
 0.492133895380888E+00  0.883415475143683E-01  0.485838601110918E+00 
 0.496503110305943E+00  0.590310211373993E-01  0.481398481544950E+00 
 0.499128725082312E+00  0.295045047019165E-01  0.476389953913286E+00 
 0.357819742410934E+00  0.349234923713212E+00  0.490627933619672E+00 
 0.374126844062740E+00  0.331706352896133E+00  0.487587197275340E+00 
 0.389916559678965E+00  0.312993732346384E+00  0.484456946836651E+00 
 0.405199275423576E+00  0.292939494087446E+00  0.481354711241344E+00 
 0.419898591250262E+00  0.271450129979791E+00  0.478356615115622E+00 
 0.433862800588949E+00  0.248521770203567E+00  0.475475778987178E+00 
 0.446903170934026E+00  0.224226572486654E+00  0.472671138690290E+00 
 0.458825632662863E+00  0.198693328553135E+00  0.469861902942994E+00 
 0.469454028249657E+00  0.172084035750473E+00  0.466941409570978E+00 
 0.478641364075814E+00  0.144576777511619E+00  0.463793197486473E+00 
 0.486273232761098E+00  0.116354385822243E+00  0.460301822881803E+00 
 0.492267046385921E+00  0.875965469780721E-01  0.456351887901670E+00 
 0.496568585426516E+00  0.584776877749822E-01  0.451808332273208E+00 
 0.499147835081148E+00  0.291794231232031E-01  0.446421090124322E+00 
 0.358109099769122E+00  0.348938207513235E+00  0.460978330761213E+00 
 0.374490826171776E+00  0.331295368384740E+00  0.458122472563862E+00 
 0.449943836411898E+00  0.218060872407096E+00  0.269187750192595E-01 
 0.441107630721174E+00  0.235423146949387E+00  0.531281866239289E-01 
 0.432849941583939E+00  0.250281697434672E+00  0.788081222312394E-01 
 0.423196378697066E+00  0.266279599402000E+00  0.102728536543148E+00 
 0.413459729586667E+00  0.281160189234039E+00  0.125935053526731E+00 
 0.403391408329870E+00  0.295424054006515E+00  0.148219113454931E+00 
 0.392381310910802E+00  0.309898220143195E+00  0.168666827230776E+00 
 0.381066271966110E+00  0.323710513221073E+00  0.186500470878467E+00 
 0.370770079590911E+00  0.335454241410285E+00  0.199346530763954E+00 
 0.358433791596569E+00  0.348604671571836E+00  0.211560166499422E+00 
 0.390353423342866E+00  0.312448723608379E+00  0.454944018120936E+00 
 0.405715475891708E+00  0.292224147910410E+00  0.451838672539828E+00 
 0.420473045757463E+00  0.270559453339635E+00  0.448890267328828E+00 
 0.434460440345805E+00  0.247475505403119E+00  0.446080892099323E+00 
 0.447483878094897E+00  0.223065413825522E+00  0.443346433632872E+00 
 0.459353116797050E+00  0.197470793001992E+00  0.440588492523932E+00 
 0.469900185438943E+00  0.170861978580511E+00  0.437692152045109E+00 
 0.478989015865213E+00  0.143420788871328E+00  0.434543750018774E+00 
 0.486517433121365E+00  0.115329039140187E+00  0.431037943861325E+00 
 0.492414324328976E+00  0.867648154244469E-01  0.427068164425059E+00 
 0.496635684707814E+00  0.579050660547114E-01  0.422494243123021E+00 
 0.499161971118286E+00  0.289365960214356E-01  0.417082848319273E+00 
 0.358258988780325E+00  0.348784312947270E+00  0.433160136563549E+00 
 0.374796198201112E+00  0.330949859969743E+00  0.429063521271786E+00 
 0.390848186623187E+00  0.311829592908316E+00  0.425537488172746E+00 
 0.406358137710625E+00  0.291329819819999E+00  0.422401284601505E+00 
 0.421205301284083E+00  0.269418065782874E+00  0.419530494396194E+00 
 0.435220130412668E+00  0.246137031109869E+00  0.416831681915466E+00 
 0.448214795323971E+00  0.221593089361313E+00  0.414202397990648E+00 
 0.460009455379085E+00  0.195936982118837E+00  0.411519929465865E+00 
 0.470449266995308E+00  0.169344285949001E+00  0.408657608791843E+00 
 0.479412718291452E+00  0.141998047664046E+00  0.405509382285669E+00 
 0.486812482578445E+00  0.114077196695094E+00  0.401995029214215E+00 
 0.492591234090474E+00  0.857547438759196E-01  0.398040072197389E+00 
 0.496716926227849E+00  0.572039788717347E-01  0.393554963006057E+00 
 0.499181874071968E+00  0.285911979112146E-01  0.388479619547686E+00 
 0.358239978263237E+00  0.348803838817687E+00  0.404255852854188E+00 
 0.375202921588254E+00  0.330488680035548E+00  0.399568370545994E+00 
 0.391556625446119E+00  0.310939558546750E+00  0.396029854586698E+00 
 0.407260702586776E+00  0.290066751160014E+00  0.393021089392923E+00 
 0.422207515187156E+00  0.267844757498607E+00  0.390320501586611E+00 
 0.436234968450208E+00  0.244333895113319E+00  0.387795675168220E+00 
 0.449170150008859E+00  0.219650122560903E+00  0.385319640681686E+00 
 0.460851686666793E+00  0.193947732382651E+00  0.382737112584842E+00 
 0.471142923559590E+00  0.167404735834213E+00  0.379902509914607E+00 
 0.479941337176838E+00  0.140200973138238E+00  0.376731020121467E+00 
 0.487178713512232E+00  0.112502893743082E+00  0.373192957986906E+00 
 0.492813178229919E+00  0.844699435475527E-01  0.369267553986881E+00 
 0.496824496794363E+00  0.562620599074357E-01  0.364897506791401E+00 
 0.499213304033521E+00  0.280370661078416E-01  0.359979063551728E+00 
 0.358859317965208E+00  0.348166612284328E+00  0.372857938131068E+00 
 0.376078479884539E+00  0.329491998336430E+00  0.369516875462397E+00 
 0.392685337733276E+00  0.309512884270272E+00  0.366448167459680E+00 
 0.408580260125614E+00  0.288205085027461E+00  0.363769399840520E+00 
 0.423605020943801E+00  0.265629038757441E+00  0.361339507516242E+00 
 0.437600951461021E+00  0.241878910367170E+00  0.359058056847954E+00 
 0.450420294986335E+00  0.217075005158179E+00  0.356800525753369E+00 
 0.461929031970341E+00  0.191367628983964E+00  0.354339048662621E+00 
 0.472012124375445E+00  0.164938032128975E+00  0.351490668654943E+00 
 0.480593344043125E+00  0.137949402541099E+00  0.348228003646925E+00 
 0.487628430131057E+00  0.110537387918843E+00  0.344621851412922E+00 
 0.493088435987986E+00  0.828480192576871E-01  0.340728672638773E+00 
 0.496959576893291E+00  0.550561434722885E-01  0.336500817075463E+00 
 0.499250920235083E+00  0.273590687784264E-01  0.331674375889159E+00 
 0.359511740258226E+00  0.347492890022950E+00  0.343324711807756E+00 
 0.377311588788375E+00  0.328079205323946E+00  0.339681138217323E+00 
 0.394355326339275E+00  0.307382297128256E+00  0.337060594947286E+00 
 0.410472755248200E+00  0.285503270031976E+00  0.334817846583202E+00 
 0.425522671979513E+00  0.262546101916246E+00  0.332681530146207E+00 
 0.439406550623187E+00  0.238583074146999E+00  0.330709602245338E+00 
 0.452025116388874E+00  0.213713111796224E+00  0.328789357800095E+00 
 0.463274701741781E+00  0.188086551156811E+00  0.326455581406507E+00 
 0.473066179469204E+00  0.161890054797727E+00  0.323466215263826E+00 
 0.481368625412977E+00  0.135219253318531E+00  0.319971390727249E+00 
 0.488165836727204E+00  0.108139335361512E+00  0.316225920047598E+00 
 0.493425685517781E+00  0.808151772336604E-01  0.312391054370783E+00 
 0.497129474235928E+00  0.535003350074534E-01  0.308461074384466E+00 
 0.499298890062627E+00  0.264691968565137E-01  0.303962557902507E+00 
 0.360478708495404E+00  0.346489683427206E+00  0.312827761754591E+00 
 0.379349738983522E+00  0.325720394714752E+00  0.309632786199784E+00 
 0.396907788857244E+00  0.304079277729432E+00  0.308171763334719E+00 
 0.413137988118407E+00  0.281632744497999E+00  0.306356560366005E+00 
 0.475833318893408E+00  0.153566443700711E+00  0.284199146188178E-01 
 0.480646441394880E+00  0.137764285554849E+00  0.534731592158432E-01 
 0.485363924871657E+00  0.120091050595709E+00  0.768267341387466E-01 
 0.489649119100878E+00  0.101211363807305E+00  0.988194001407529E-01 
 0.493284560652430E+00  0.816721630786099E-01  0.119728198380761E+00 
 0.496040366811135E+00  0.628009115688152E-01  0.139489103439388E+00 
 0.497798855946105E+00  0.468646883991451E-01  0.157233705196919E+00 
 0.499469022995448E+00  0.230368198320129E-01  0.164404339058266E+00 
 0.428060554329996E+00  0.258387619337104E+00  0.304345178809506E+00 
 0.441735691908544E+00  0.234242563369853E+00  0.302830291712824E+00 
 0.454033997267120E+00  0.209411387764948E+00  0.301554388916151E+00 
 0.464889432932935E+00  0.184059270745305E+00  0.299251420555641E+00 
 0.474265733498566E+00  0.158341447603169E+00  0.295783194810761E+00 
 0.482238043768911E+00  0.132085082965240E+00  0.291838867516026E+00 
 0.488793581247187E+00  0.105265544845169E+00  0.287883916659742E+00 
 0.493848013239681E+00  0.781929652796202E-01  0.284164848204732E+00 
 0.497358488675848E+00  0.513277093008885E-01  0.280941323900169E+00 
 0.499371709025042E+00  0.250578575582331E-01  0.276780559638768E+00 
 0.363163921259855E+00  0.343674215348149E+00  0.279245457380511E+00 
 0.383193489493066E+00  0.321189585152022E+00  0.279835802898853E+00 
 0.400728575545778E+00  0.299026100434480E+00  0.280763696411708E+00 
 0.416592809682733E+00  0.276496710506013E+00  0.278263889943772E+00 
 0.431226124663891E+00  0.253069218608985E+00  0.275988215443836E+00 
 0.444767692368385E+00  0.228433140820901E+00  0.275617570399376E+00 
 0.456486904617170E+00  0.204009082917978E+00  0.275729398898830E+00 
 0.466672371502155E+00  0.179490661808783E+00  0.272781058616058E+00 
 0.475451088545853E+00  0.154745799298602E+00  0.268097240709236E+00 
 0.483153122761371E+00  0.128697552291935E+00  0.263651468519219E+00 
 0.489526078018096E+00  0.101804808040785E+00  0.259397555344885E+00 
 0.494414297650484E+00  0.745285333196576E-01  0.255735660343061E+00 
 0.497692640345482E+00  0.479795346574222E-01  0.254635040955137E+00 
 0.499480660176642E+00  0.227831101807115E-01  0.250277061689892E+00 
 0.369523490923192E+00  0.336826943185870E+00  0.247247373307807E+00 
 0.389914659570998E+00  0.312996099419199E+00  0.252414602659587E+00 
 0.405730585142244E+00  0.292203169524446E+00  0.257104271549938E+00 
 0.419149927568355E+00  0.272604728901468E+00  0.245980063587685E+00 
 0.435656623479456E+00  0.245363620813029E+00  0.248437533466233E+00 
 0.448975116464340E+00  0.220048505552373E+00  0.249267778759421E+00 
 0.459438994757986E+00  0.197270905345342E+00  0.253079372313348E+00 
 0.467806913082232E+00  0.176512583326155E+00  0.245343885705636E+00 
 0.476470812460714E+00  0.151576927244969E+00  0.240151745473253E+00 
 0.484091974635321E+00  0.125119782982852E+00  0.235378478220986E+00 
 0.490366455338221E+00  0.976767089895463E-01  0.230464518756781E+00 
 0.495329078798808E+00  0.681843361507899E-01  0.225370374913211E+00 
 0.498265402101391E+00  0.416123667764683E-01  0.232396581123125E+00 
 0.499531884472368E+00  0.216309129600350E-01  0.223481525499712E+00 
 0.499482246426067E+00  0.227483077429987E-01  0.203740691985655E-01 
 0.499205560794671E+00  0.281745997607488E-01  0.437631372660253E-01 
 0.497523621801795E+00  0.497015668689069E-01  0.224471322476930E-01 
 0.499527094558842E+00  0.217412465512360E-01  0.879036178258439E-01 
 0.498618037735285E+00  0.371490571214603E-01  0.672450554079383E-01 
 0.496720174592769E+00  0.571757654301969E-01  0.459872552943459E-01 
 0.494013503760489E+00  0.771405088282794E-01  0.238692218153715E-01 
 0.499293725208686E+00  0.265664443844759E-01  0.111749542051809E+00 
 0.497795611470147E+00  0.468991385961595E-01  0.911898086779315E-01 
 0.495677426461605E+00  0.656040310987054E-01  0.700509795297810E-01 
 0.492780465258801E+00  0.846605755905286E-01  0.482187348672081E-01 
 0.489380735930587E+00  0.102501196578566E+00  0.250696619064547E-01 
 0.498775025810714E+00  0.349781878821809E-01  0.136687641763056E+00 
 0.497014206925210E+00  0.545607745042525E-01  0.115489992775826E+00 
 0.494490100208699E+00  0.740239204284056E-01  0.946898639715716E-01 
 0.491267770687066E+00  0.930375057928812E-01  0.731960240608930E-01 
 0.487468725558394E+00  0.111239568510828E+00  0.506016516179452E-01 
 0.483486577014374E+00  0.127439122120814E+00  0.264162489807413E-01 
 0.341000015009195E+00  0.353270441026070E+00  0.162451424945553E-01 
 0.341000015009195E+00  0.353270441026070E+00  0.431893190747589E-01 
 0.341000015009195E+00  0.353270441026070E+00  0.761351429075488E-01 
 0.341000015009195E+00  0.353270441026070E+00  0.106712764199911E+00 
 0.341000015009195E+00  0.353270441026070E+00  0.138706637127446E+00 
 0.341000015009195E+00  0.353270441026070E+00  0.171098987104804E+00 
 0.341000015009195E+00  0.353270441026070E+00  0.203543735934370E+00 
 0.341000015009195E+00  0.353270441026070E+00  0.237673375320079E+00 
 0.341000015009195E+00  0.353270441026070E+00  0.274486361592420E+00 
 0.341000015009195E+00  0.353270441026070E+00  0.315956558057407E+00 
 0.341000015009195E+00  0.353270441026070E+00  0.342751859179468E+00 
 0.341000015009195E+00  0.353270441026070E+00  0.366746465378451E+00 
 0.341000015009195E+00  0.353270441026070E+00  0.407990729087393E+00 
 0.341000015009195E+00  0.353270441026070E+00  0.433503272512737E+00 
 0.341000015009195E+00  0.353270441026070E+00  0.455387886719035E+00 
 0.341000015009195E+00  0.353270441026070E+00  0.487748906443336E+00 
 0.341000015009195E+00  0.353270441026070E+00  0.518838935061313E+00 
 0.341000015009195E+00  0.353270441026070E+00  0.552095176187469E+00 
 0.341000015009195E+00  0.353270441026070E+00  0.582410066801342E+00 
 0.341000015009195E+00  0.353270441026070E+00  0.610892495587128E+00 
 0.341000015009195E+00  0.353270441026070E+00  0.641520980521226E+00 
 0.341000015009195E+00  0.353270441026070E+00  0.673211851935576E+00 
 0.341000015009195E+00  0.353270441026070E+00  0.706863619399059E+00 
 0.341000015009195E+00  0.353270441026070E+00  0.736368610486602E+00 
 0.341000015009195E+00  0.353270441026070E+00  0.763996029170482E+00 
 0.341000015009195E+00  0.353270441026070E+00  0.795940338051601E+00 
 0.341000015009195E+00  0.353270441026070E+00  0.822593900627888E+00 
 0.341000015009195E+00  0.353270441026070E+00  0.847941134716020E+00 
 0.341000015009195E+00  0.353270441026070E+00  0.880184138429237E+00 
 0.341000015009195E+00  0.353270441026070E+00  0.910226266219052E+00 
 0.341000015009195E+00  0.353270441026070E+00  0.937576090700672E+00 
 0.341000015009195E+00  0.353270441026070E+00  0.965010254050483E+00 
 0.341000015009195E+00  0.353270441026070E+00  0.985813177634754E+00 
 0.341000015009195E+00  0.359291913260981E+00  0.982034172819052E+00 
 0.341000015009195E+00  0.359125434956107E+00  0.955994275697134E+00 
 0.341000015009195E+00  0.359478481414168E+00  0.894091526476314E+00 
 0.341000015009195E+00  0.359563489090877E+00  0.923811072702401E+00 
 0.341000015009195E+00  0.359433163965626E+00  0.863814704555617E+00 
 0.341000015009195E+00  0.359476609142965E+00  0.823916301280381E+00 
 0.341000015009195E+00  0.359483857368550E+00  0.782371263969979E+00 
 0.341000015009195E+00  0.359478570880456E+00  0.723011716437282E+00 
 0.341000015009195E+00  0.359501430037669E+00  0.752123626986030E+00 
 0.341000015009195E+00  0.359474102441146E+00  0.659995893897905E+00 
 0.341000015009195E+00  0.359445654147028E+00  0.692065822659385E+00 
 0.341000015009195E+00  0.359493618795169E+00  0.598940310728830E+00 
 0.341000015009195E+00  0.359469849957240E+00  0.628906665893998E+00 
 0.341000015009195E+00  0.359473836379173E+00  0.569255386203932E+00 
 0.341000015009195E+00  0.359481517372432E+00  0.506220555563870E+00 
 0.341000015009195E+00  0.359450377095825E+00  0.538064928956097E+00 
 0.341000015009195E+00  0.359459542375396E+00  0.474966108673611E+00 
 0.341000015009195E+00  0.359479971973518E+00  0.435264267106722E+00 
 0.341000015009195E+00  0.359451370817629E+00  0.390799259058571E+00 
 0.341000015009195E+00  0.359475726238721E+00  0.344900395507384E+00 
 0.341000015009195E+00  0.359464891562919E+00  0.297829950881232E+00 
 0.341000015009195E+00  0.359498729737891E+00  0.258192936405560E+00 
 0.341000015009195E+00  0.359457805157146E+00  0.247625567657299E-01 
 0.341000015009195E+00  0.359474876904812E+00  0.188634774888027E+00 
 0.341000015009195E+00  0.359469981745201E+00  0.221931113180494E+00 
 0.341000015009195E+00  0.359480531748922E+00  0.122904709995383E+00 
 0.341000015009195E+00  0.359485566665309E+00  0.155789672888345E+00 
 0.341000015009195E+00  0.359412136338956E+00  0.599072982997747E-01 
 0.341000015009195E+00  0.359504919931559E+00  0.907485688718509E-01 
 0.491000015009206E+00  0.173472347597681E-16  0.191971930795431E-01 
 0.491000015009206E+00  0.173472347597681E-16  0.535055747588097E-01 
 0.491000015009206E+00  0.173472347597681E-16  0.867528880976322E-01 
 0.491000015009206E+00  0.173472347597681E-16  0.120092242541730E+00 
 0.491000015009206E+00  0.173472347597681E-16  0.147266949901459E+00 
 0.491000015009206E+00  0.173472347597681E-16  0.174492380467067E+00 
 0.491000015009206E+00  0.173472347597681E-16  0.201699020755243E+00 
 0.491000015009206E+00  0.173472347597681E-16  0.229582100525103E+00 
 0.491000015009206E+00  0.173472347597681E-16  0.260171037744468E+00 
 0.491000015009206E+00  0.173472347597681E-16  0.288548795739033E+00 
 0.491000015009206E+00  0.173472347597681E-16  0.314109983099581E+00 
 0.491000015009206E+00  0.173472347597681E-16  0.341609983004447E+00 
 0.491000015009206E+00  0.173472347597681E-16  0.372614209622940E+00 
 0.491000015009206E+00  0.173472347597681E-16  0.399210250203185E+00 
 0.491000015009206E+00  0.173472347597681E-16  0.425032237676825E+00 
 0.491000015009206E+00  0.173472347597681E-16  0.457648895904152E+00 
 0.491000015009206E+00  0.173472347597681E-16  0.490260211261039E+00 
 0.491000015009206E+00  0.173472347597681E-16  0.518362473239938E+00 
 0.491000015009206E+00  0.173472347597681E-16  0.544743408026542E+00 
 0.491000015009206E+00  0.173472347597681E-16  0.577187725927866E+00 
 0.491000015009206E+00  0.173472347597681E-16  0.607449165064659E+00 
 0.491000015009206E+00  0.173472347597681E-16  0.638575955924813E+00 
 0.491000015009206E+00  0.173472347597681E-16  0.673365954114834E+00 
 0.491000015009206E+00  0.173472347597681E-16  0.703055266098388E+00 
 0.491000015009206E+00  0.173472347597681E-16  0.736310383999865E+00 
 0.491000015009206E+00  0.173472347597681E-16  0.775288135943806E+00 
 0.491000015009206E+00  0.173472347597681E-16  0.808656072916957E+00 
 0.491000015009206E+00  0.173472347597681E-16  0.839544272764121E+00 
 0.491000015009206E+00  0.173472347597681E-16  0.874128147779914E+00 
 0.491000015009206E+00  0.173472347597681E-16  0.909330960324292E+00 
 0.491000015009206E+00  0.173472347597681E-16  0.942075961548875E+00 
 0.491000015009206E+00  0.173472347597681E-16  0.967100588620020E+00 
 0.491000015009206E+00  0.173472347597681E-16  0.986973507880327E+00 
 0.458477132252604E+00  0.175726304065315E+00  0.899585059468477E+00 
 0.445693359916619E+00  0.206005931140987E+00  0.902075041534617E+00 
 0.452232004282910E+00  0.191225597243912E+00  0.867719302968150E+00 
 0.419118558269801E+00  0.255774605566843E+00  0.826086883880561E+00 
 0.457503249724341E+00  0.178246433991524E+00  0.107553035207918E+00 
 0.452009965608543E+00  0.191749851967589E+00  0.788265358138177E-01 
 0.463989474878646E+00  0.160607540112114E+00  0.783540323478181E-01 
 0.447410617324395E+00  0.202249237932887E+00  0.951876451364709E+00 
 0.463734161412937E+00  0.161343243669099E+00  0.926858820790056E+00 
 0.452955107148937E+00  0.189506426399537E+00  0.928422627280702E+00 
 0.440391223051105E+00  0.217109616089622E+00  0.931620316227552E+00 
 0.409541418860699E+00  0.270844680539593E+00  0.842071736815241E+00 
 0.407061307958855E+00  0.274558019919023E+00  0.868304412967252E+00 
 0.390824683172169E+00  0.297215547645808E+00  0.842391039481319E+00 
 0.485898773453090E+00  0.705931774027344E-01  0.821175990548566E+00 
 0.484207661956104E+00  0.813876823729114E-01  0.844942122165039E+00 
 0.481479690449141E+00  0.962201768031466E-01  0.821264375753447E+00 
 0.478426953427574E+00  0.110402286991885E+00  0.848022671546564E+00 
 0.474946482037746E+00  0.124526519019025E+00  0.821689605069741E+00 
 0.474363100561965E+00  0.126730673336273E+00  0.874615390096259E+00 
 0.470631875482862E+00  0.139952322304811E+00  0.848111208060190E+00 
 0.466295892336714E+00  0.153782819355523E+00  0.822348450672402E+00 
 0.489330852498399E+00  0.404515949279820E-01  0.213914194898906E-01 
 0.490357947541982E+00  0.251017533539015E-01  0.413279002189453E-01 
 0.469110340922982E+00  0.144970696273935E+00  0.900237661953064E+00 
 0.464967492687045E+00  0.157753749506466E+00  0.873531616140280E+00 
 0.461899489178856E+00  0.166522901233849E+00  0.847695192255758E+00 
 0.454395026617367E+00  0.186027348861478E+00  0.827431121137939E+00 
 0.431425823837631E+00  0.234420078630337E+00  0.909329085578261E+00 
 0.436279552850108E+00  0.225257999866691E+00  0.877422554485176E+00 
 0.441032887959815E+00  0.215803166049196E+00  0.845370174577694E+00 
 0.443498274813083E+00  0.210690044797684E+00  0.817517207479499E+00 
 0.420407617556974E+00  0.253650251013280E+00  0.887441824977205E+00 
 0.424252377619274E+00  0.247165804316504E+00  0.853284430755391E+00 
 0.431691106500477E+00  0.233931193532257E+00  0.822409691933540E+00 
 0.463556427143673E+00  0.161853185303281E+00  0.741270874166682E+00 
 0.452400453064046E+00  0.190826740281530E+00  0.745057201481098E+00 
 0.441262497403367E+00  0.215333283828522E+00  0.748960049679851E+00 
 0.448646794191307E+00  0.199492026910583E+00  0.700564591546686E+00 
 0.437577871851227E+00  0.222725438163634E+00  0.705231115849438E+00 
 0.423496569528541E+00  0.248458588776055E+00  0.707761050116188E+00 
 0.417200572104281E+00  0.258891284856967E+00  0.650089157587207E+00 
 0.464060626180999E+00  0.160401839040347E+00  0.589839379131468E+00 
 0.452446869885655E+00  0.190716660702997E+00  0.594418604135841E+00 
 0.440624095899790E+00  0.216636610136708E+00  0.600976875139072E+00 
 0.449218182834316E+00  0.198202015504547E+00  0.548691632065447E+00 
 0.437053827948588E+00  0.223752019464670E+00  0.552680148029885E+00 
 0.420876068274085E+00  0.252872200712492E+00  0.557321521137343E+00 
 0.461491633354525E+00  0.167649894371570E+00  0.472670416725696E+00 
 0.485423125817615E+00  0.737929783955563E-01  0.237177393700780E-01 
 0.488025622347803E+00  0.539630120644592E-01  0.457625756818666E-01 
 0.489965761587561E+00  0.318522716763946E-01  0.662207497155021E-01 
 0.449874385062490E+00  0.196708038482609E+00  0.474975006222162E+00 
 0.438024124046051E+00  0.221846526889022E+00  0.476484714866630E+00 
 0.448635776324233E+00  0.199516803655688E+00  0.396980787197162E+00 
 0.437396513172644E+00  0.223081386501530E+00  0.398816964148565E+00 
 0.423048096382076E+00  0.249221433441294E+00  0.399900121580024E+00 
 0.464189500722371E+00  0.160028504205162E+00  0.349441129790741E+00 
 0.452438577608264E+00  0.190736331701224E+00  0.351075363277399E+00 
 0.441227880813508E+00  0.215404205928882E+00  0.353910891054955E+00 
 0.449380466073994E+00  0.197833797542658E+00  0.306388721971724E+00 
 0.437881949805058E+00  0.222127019459480E+00  0.310124815782415E+00 
 0.423005325295633E+00  0.249294022211860E+00  0.313923464071522E+00 
 0.411760120519379E+00  0.267459563091125E+00  0.226796770340419E+00 
 0.375939434547540E+00  0.315833114620836E+00  0.159393173838280E+00 
 0.392320020490850E+00  0.295238913866522E+00  0.173053216143846E+00 
 0.394169655327881E+00  0.292764918591221E+00  0.141326083884198E+00 
 0.409300490979244E+00  0.271208633386141E+00  0.155751289443254E+00 
 0.410687543215749E+00  0.269103616821554E+00  0.121933315323703E+00 
 0.428527762326943E+00  0.239676806667009E+00  0.136703263381060E+00 
 0.425648829750291E+00  0.244753117388195E+00  0.983624387121342E-01 
 0.422216875389064E+00  0.250627063334603E+00  0.170646158867165E+00 
 0.453126111953789E+00  0.189097174502081E+00  0.167734212567746E+00 
 0.447968559951261E+00  0.201010407775875E+00  0.137153106162472E+00 
 0.442295900941867E+00  0.213202604930272E+00  0.105325927519993E+00 
 0.437921161503233E+00  0.222049704000458E+00  0.725870762738103E-01 
 0.437636264553030E+00  0.222610679633979E+00  0.168701295332000E+00 
 0.486362257052913E+00  0.673258468452244E-01  0.159778792608261E+00 
 0.483857961140489E+00  0.834415255133803E-01  0.137601335061634E+00 
 0.475412529148133E+00  0.122735251122090E+00  0.155103319397246E+00 
 0.476758869667200E+00  0.117396741576083E+00  0.123543272233052E+00 
 0.477409402231686E+00  0.114722610673801E+00  0.962127700653304E-01 
 0.465724935122430E+00  0.155503374703684E+00  0.173221185369714E+00 
 0.464697417158003E+00  0.158547548784919E+00  0.138079224420671E+00 
 0.469538545699713E+00  0.143577744937103E+00  0.103733524229478E+00 
 0.473473156379720E+00  0.130016094876180E+00  0.752550604200773E-01 
 0.480260486731567E+00  0.102131677864350E+00  0.248995273838071E-01 
 0.483547764481121E+00  0.852207381119224E-01  0.485845056386547E-01 
 0.486465725437239E+00  0.665741144428665E-01  0.718627028350238E-01 
 0.488917215493473E+00  0.451771085079314E-01  0.923887898488907E-01 
 0.490224047150575E+00  0.275934473079414E-01  0.112878902273930E+00 
 0.447881335171668E+00  0.201204682708613E+00  0.526676169739873E-01 
 0.459089983650544E+00  0.174118929616426E+00  0.521789814750265E-01 
 0.469272742562525E+00  0.144444133930291E+00  0.512260944809029E-01 
 0.490153212786291E+00  0.288243427384364E-01  0.967459020892363E+00 
 0.487701546555352E+00  0.568173936972412E-01  0.980560356074918E+00 
 0.490297986849290E+00  0.262468823016845E-01  0.928023109935000E+00 
 0.488503622425525E+00  0.494492226042885E-01  0.940418025605996E+00 
 0.486698754406922E+00  0.648485712855850E-01  0.958501480024821E+00 
 0.484311050820395E+00  0.807701726646390E-01  0.978126595721071E+00 
 0.490090417977709E+00  0.298730136655185E-01  0.897616017211924E+00 
 0.488012891591207E+00  0.540780212269105E-01  0.915418458414968E+00 
 0.485248509839657E+00  0.749326259877726E-01  0.933801546523759E+00 
 0.482249538915570E+00  0.922843267015053E-01  0.954395268855500E+00 
 0.479020097063371E+00  0.107799635196170E+00  0.976515998791458E+00 
 0.490465782694145E+00  0.228982694814517E-01  0.849229980732139E+00 
 0.489499532930574E+00  0.383565118301601E-01  0.869673096464693E+00 
 0.487264959222638E+00  0.604472849083522E-01  0.888758273403707E+00 
 0.483859483125821E+00  0.834326993944461E-01  0.906987456577696E+00 
 0.480056417025353E+00  0.103086619945605E+00  0.928818252427806E+00 
 0.476074881836621E+00  0.120140424600858E+00  0.951554152359423E+00 
 0.470959854223384E+00  0.138844627007727E+00  0.974619581241249E+00 
 0.490407931224763E+00  0.241055124582180E-01  0.822507703646428E+00 
 0.488459827896085E+00  0.498799686322643E-01  0.839312079724844E+00 
 0.486747622720684E+00  0.644807453027106E-01  0.863647873912141E+00 
 0.482312074386369E+00  0.919569336164900E-01  0.875691653023980E+00 
 0.477596252377267E+00  0.113942241746499E+00  0.901734193079921E+00 
 0.472966327385196E+00  0.131847896831105E+00  0.925876919879563E+00 
 0.468771435481191E+00  0.146062849540630E+00  0.948636628692225E+00 
 0.458765405123416E+00  0.174972334387397E+00  0.963718493433528E+00 
 0.362934140736398E+00  0.330695969474916E+00  0.977201181160654E+00 
 0.382510200685561E+00  0.307842429029064E+00  0.970777750127536E+00 
 0.367537955746486E+00  0.325571598614984E+00  0.950492060342226E+00 
 0.355784673181965E+00  0.338375946349360E+00  0.931337954383493E+00 
 0.410601422305363E+00  0.269235002813234E+00  0.976283154503520E+00 
 0.398373253674787E+00  0.287018754606019E+00  0.960414745474985E+00 
 0.473848430771159E+00  0.128641670522178E+00  0.255363119028048E-01 
 0.477330372500210E+00  0.115050989686478E+00  0.500340741220378E-01 
 0.480919970347120E+00  0.989797800581263E-01  0.739895061427749E-01 
 0.483924748509129E+00  0.830533113091061E-01  0.102326524061639E+00 
 0.487864441919430E+00  0.554012729968616E-01  0.118693644578498E+00 
 0.489702456775489E+00  0.356723782088753E-01  0.145434209889731E+00 
 0.385206697634775E+00  0.304461516182808E+00  0.940317419704012E+00 
 0.371871293070601E+00  0.320613094132197E+00  0.920643947216010E+00 
 0.357547160831831E+00  0.336513064412244E+00  0.900650557322110E+00 
 0.423957383504483E+00  0.247671459217779E+00  0.971116451031962E+00 
 0.413294802197639E+00  0.265081914161348E+00  0.949122149802299E+00 
 0.401284781921972E+00  0.282933805927928E+00  0.929501153155650E+00 
 0.388307104142709E+00  0.300497267227719E+00  0.909895963845567E+00 
 0.374304759755743E+00  0.317768723387336E+00  0.891244443360905E+00 
 0.359258598454876E+00  0.334685336062488E+00  0.871166314983746E+00 
 0.406582678992529E+00  0.275266307205016E+00  0.817125391576758E+00 
 0.392499935835196E+00  0.294999686624226E+00  0.810532727018254E+00 
 0.374630921880930E+00  0.317384131786179E+00  0.815676861119279E+00 
 0.446139324776686E+00  0.205038332091423E+00  0.976301231983377E+00 
 0.436632340788942E+00  0.224573403848721E+00  0.961329766356000E+00 
 0.427280091803059E+00  0.241894063357911E+00  0.940105230990000E+00 
 0.416644065159834E+00  0.259785945936493E+00  0.918897425889439E+00 
 0.404420262172170E+00  0.278433594028488E+00  0.898799936865887E+00 
 0.390815534700762E+00  0.297227577077871E+00  0.879352758205287E+00 
 0.376340377091646E+00  0.315355252547884E+00  0.864786268658208E+00 
 0.364380236224449E+00  0.329101896360438E+00  0.842809554878019E+00 
 0.490543967778346E+00  0.211572780693138E-01  0.795466784264039E+00 
 0.488621513234835E+00  0.482704002793452E-01  0.802883429516646E+00 
 0.484631668769573E+00  0.788236028398187E-01  0.796929309858012E+00 
 0.479076123310564E+00  0.107550373373363E+00  0.795107832720968E+00 
 0.471476213710676E+00  0.137080978418127E+00  0.795237023171110E+00 
 0.461811805464919E+00  0.166765916998222E+00  0.796501264425312E+00 
 0.450650215372877E+00  0.194924082974396E+00  0.796190294990190E+00 
 0.437726222031769E+00  0.222433741336215E+00  0.795008035842766E+00 
 0.421601959696793E+00  0.251660092821359E+00  0.797147596335551E+00 
 0.404413382933481E+00  0.278443585746423E+00  0.789371984880034E+00 
 0.386468091356308E+00  0.302858760980157E+00  0.787315726143737E+00 
 0.365938710318767E+00  0.327368103255738E+00  0.790774222830557E+00 
 0.490395095217556E+00  0.243652483178318E-01  0.705486667016438E+00 
 0.487947367768199E+00  0.546660866270404E-01  0.738224732505859E+00 
 0.481225103679742E+00  0.974854570048858E-01  0.739484235757257E+00 
 0.473298896979466E+00  0.130649029300055E+00  0.740164039373240E+00 
 0.489995518390941E+00  0.313911881874256E-01  0.769201405427042E+00 
 0.487303443321751E+00  0.601362525087431E-01  0.775150475923149E+00 
 0.483114197810035E+00  0.876452315496769E-01  0.768677833178429E+00 
 0.476457871094694E+00  0.118612443744066E+00  0.767751354912719E+00 
 0.467788651485054E+00  0.149180401798696E+00  0.768398915244666E+00 
 0.457445627203225E+00  0.178394262496515E+00  0.769877837107166E+00 
 0.445765854021575E+00  0.205849017795680E+00  0.771185609787857E+00 
 0.432323549713094E+00  0.232760312558867E+00  0.768715448121160E+00 
 0.417118936036311E+00  0.259022794245925E+00  0.764681719037358E+00 
 0.399758748725934E+00  0.285085877510798E+00  0.761544927025114E+00 
 0.381060837229034E+00  0.309634709083672E+00  0.760942440538223E+00 
 0.361289551865928E+00  0.332491916370217E+00  0.762626737591009E+00 
 0.488339617940155E+00  0.510434353182909E-01  0.700802235183767E+00 
 0.484517409737946E+00  0.795229174506483E-01  0.708762039593665E+00 
 0.478145729645836E+00  0.111613959523347E+00  0.712318643129600E+00 
 0.469567259732743E+00  0.143483808585180E+00  0.712033364993375E+00 
 0.458137577854930E+00  0.176609667052074E+00  0.713286303681622E+00 
 0.453118539128318E+00  0.189115319943275E+00  0.262479618969303E-01 
 0.436148169224575E+00  0.225512281752200E+00  0.345449711532809E-01 
 0.422169985940908E+00  0.250706038438816E+00  0.636993348528616E-01 
 0.408525507874532E+00  0.272374602624554E+00  0.885939674623537E-01 
 0.393859791159471E+00  0.293181649573848E+00  0.109924397298721E+00 
 0.379437767436636E+00  0.311621557954073E+00  0.127600144496364E+00 
 0.367937089234564E+00  0.325120459375626E+00  0.140247573185158E+00 
 0.356342973441532E+00  0.337787951262135E+00  0.153174263930718E+00 
 0.445142814996938E+00  0.207192878728088E+00  0.724823881497559E+00 
 0.430153756861845E+00  0.236746193626577E+00  0.735724594981997E+00 
 0.412617417425173E+00  0.266135081446265E+00  0.734859741459551E+00 
 0.394735765997602E+00  0.292001181129994E+00  0.733244504035940E+00 
 0.375801020419897E+00  0.315997797129009E+00  0.732838914848121E+00 
 0.356824637372595E+00  0.337279102381008E+00  0.733722162692912E+00 
 0.407483705599577E+00  0.273930729217927E+00  0.706012663663194E+00 
 0.389467519295391E+00  0.298991749305759E+00  0.704520042949118E+00 
 0.368981565076796E+00  0.323934591194735E+00  0.704186179398924E+00 
 0.469710465504901E+00  0.143014311641160E+00  0.645224729491925E+00 
 0.457767074601200E+00  0.177567790294542E+00  0.649683643972986E+00 
 0.445803517090315E+00  0.205767438845254E+00  0.651359197833183E+00 
 0.433374514344421E+00  0.230797627924919E+00  0.654663513554842E+00 
 0.489005998813002E+00  0.442057446937163E-01  0.645552219920309E+00 
 0.484689133937393E+00  0.784694729308833E-01  0.651482862310690E+00 
 0.477413511634680E+00  0.114705508358015E+00  0.655944558490764E+00 
 0.489965510474638E+00  0.318561341715102E-01  0.673800799724533E+00 
 0.486811518837576E+00  0.639965613613950E-01  0.676834053004416E+00 
 0.481638094677519E+00  0.954241085598351E-01  0.682151856190246E+00 
 0.475068723455581E+00  0.124059351656019E+00  0.687828915205929E+00 
 0.466875131490115E+00  0.152015217445864E+00  0.678094850973258E+00 
 0.455946499421861E+00  0.182191669414323E+00  0.682946776388780E+00 
 0.444690617013662E+00  0.208161643630711E+00  0.676705810257494E+00 
 0.431956761329816E+00  0.233440294466247E+00  0.684179846527944E+00 
 0.419308757457174E+00  0.255462679581091E+00  0.679479652579225E+00 
 0.403327084508624E+00  0.280014781111285E+00  0.677010694002830E+00 
 0.384985579573921E+00  0.304741067562538E+00  0.675374127190501E+00 
 0.364271042374275E+00  0.329222755025501E+00  0.674391660597981E+00 
 0.400129502680162E+00  0.284565275154845E+00  0.647883181363019E+00 
 0.381702688137327E+00  0.308843119735184E+00  0.645864288071021E+00 
 0.361981812200103E+00  0.331738123186575E+00  0.643601480278888E+00 
 0.465340335161788E+00  0.156650525726984E+00  0.258982610977183E-01 
 0.490434936498894E+00  0.235496879034721E-01  0.559197953713434E+00 
 0.489274418446498E+00  0.411285569023294E-01  0.586499810229418E+00 
 0.483692858138765E+00  0.843933274885122E-01  0.589301408221010E+00 
 0.474219523951607E+00  0.127266876453137E+00  0.589995730324792E+00 
 0.490266242005030E+00  0.268333130509596E-01  0.612762396679013E+00 
 0.487162377712702E+00  0.612685276494927E-01  0.618563702899998E+00 
 0.482306158427761E+00  0.919879572644458E-01  0.627177180721176E+00 
 0.476060296376653E+00  0.120198206945032E+00  0.621213624283688E+00 
 0.467370000410547E+00  0.150486868049243E+00  0.618163320678423E+00 
 0.457888501800647E+00  0.177254434804282E+00  0.616102030434218E+00 
 0.445883065532881E+00  0.205595006286705E+00  0.625489010901697E+00 
 0.430345364383224E+00  0.236397720151659E+00  0.623180063006876E+00 
 0.414152123387093E+00  0.263740466051367E+00  0.619852941064239E+00 
 0.396883552183724E+00  0.289075181821365E+00  0.619454912822381E+00 
 0.379110539978465E+00  0.312019571848079E+00  0.616295927988401E+00 
 0.360650287760857E+00  0.333185210771777E+00  0.612158857874401E+00 
 0.488363887669683E+00  0.508107071312948E-01  0.557899225025523E+00 
 0.484844670159612E+00  0.775026487085929E-01  0.553317098604543E+00 
 0.479379269948508E+00  0.106191008483131E+00  0.559322971595280E+00 
 0.470767197171987E+00  0.139496454456222E+00  0.560495527156754E+00 
 0.458827403725791E+00  0.174809691748704E+00  0.561763232296665E+00 
 0.444891207079651E+00  0.207732589167520E+00  0.574265458781043E+00 
 0.428537305526877E+00  0.239659743200221E+00  0.587395456036977E+00 
 0.417314515722566E+00  0.258707575664631E+00  0.306079495121077E-01 
 0.404585151419947E+00  0.278193943121568E+00  0.570673555133493E-01 
 0.390893920115888E+00  0.297124482255263E+00  0.800249136913178E-01 
 0.376171467307651E+00  0.315556717441779E+00  0.100299413940698E+00 
 0.359460356108469E+00  0.334468633993376E+00  0.121218688063127E+00 
 0.409531759532081E+00  0.270859285743699E+00  0.590023903510415E+00 
 0.392941339362482E+00  0.294411478307221E+00  0.594243609977696E+00 
 0.378239316133726E+00  0.313075125919823E+00  0.585044221880540E+00 
 0.359614242172885E+00  0.334303173130983E+00  0.577229800150673E+00 
 0.399760653835079E+00  0.285083206072151E+00  0.561940407894735E+00 
 0.381097264811030E+00  0.309589873045897E+00  0.553213108116265E+00 
 0.364707026993999E+00  0.328739713451570E+00  0.545088076784779E+00 
 0.490278899293320E+00  0.266010459710842E-01  0.527159061541965E+00 
 0.487584478331862E+00  0.578134173775972E-01  0.529012588103365E+00 
 0.483066432946251E+00  0.879081116826855E-01  0.529407980831551E+00 
 0.476596783824431E+00  0.118053040567517E+00  0.530789543837192E+00 
 0.467744071188052E+00  0.149320121241085E+00  0.530890126537784E+00 
 0.457281146398880E+00  0.178815457629236E+00  0.528330957843607E+00 
 0.445415576444331E+00  0.206605854224401E+00  0.525594411442408E+00 
 0.431677833403160E+00  0.233955685734256E+00  0.526163503976234E+00 
 0.415528528537307E+00  0.261566543561387E+00  0.526894617312434E+00 
 0.397591357211175E+00  0.288100897968059E+00  0.526422030964090E+00 
 0.379573484197219E+00  0.311456232612876E+00  0.522446722703985E+00 
 0.360950027057124E+00  0.332860470327258E+00  0.519517969175519E+00 
 0.490260133319330E+00  0.269446918100491E-01  0.437303669336055E+00 
 0.487141696771761E+00  0.614327437557496E-01  0.468387644153668E+00 
 0.479719792538395E+00  0.104641938943945E+00  0.473581941374185E+00 
 0.471498340179516E+00  0.137004853735140E+00  0.474105409901871E+00 
 0.489554375297398E+00  0.376500779043133E-01  0.495869197307396E+00 
 0.486210167324506E+00  0.684155532704876E-01  0.504795082548260E+00 
 0.481410345716978E+00  0.965665251300332E-01  0.501754143200692E+00 
 0.474148995345171E+00  0.127529388582363E+00  0.502188807077476E+00 
 0.464858575861078E+00  0.158074410286535E+00  0.501549300720081E+00 
 0.453920843998225E+00  0.187181415004179E+00  0.500792230149588E+00 
 0.441532939475596E+00  0.214778206755412E+00  0.500420087000994E+00 
 0.427576058172909E+00  0.241370522674888E+00  0.496991385088789E+00 
 0.411410641933336E+00  0.267996825434612E+00  0.495503911300504E+00 
 0.393946114512498E+00  0.293065647252507E+00  0.496329908605031E+00 
 0.376310396334440E+00  0.315391027693621E+00  0.493686432376789E+00 
 0.358681535812755E+00  0.335303699064036E+00  0.491450649665582E+00 
 0.490401738283047E+00  0.242311747134057E-01  0.405334596563308E+00 
 0.488016104935702E+00  0.540490153695294E-01  0.427023778705662E+00 
 0.483170972227170E+00  0.873317029267252E-01  0.440906932349028E+00 
 0.476730791493223E+00  0.117510710921485E+00  0.449807425082816E+00 
 0.469051805736376E+00  0.145159974767394E+00  0.444387578525907E+00 
 0.456919244316317E+00  0.179738195474510E+00  0.441805021772086E+00 
 0.443808757426343E+00  0.210035238878423E+00  0.453842931225211E+00 
 0.427239907088568E+00  0.241965031626439E+00  0.457414379758114E+00 
 0.405791631438678E+00  0.276431124501862E+00  0.465497866450419E+00 
 0.388933547841528E+00  0.299686019197469E+00  0.471131185210068E+00 
 0.373379302307592E+00  0.318855627749171E+00  0.462190268681061E+00 
 0.355404275515981E+00  0.338775464997073E+00  0.465620186163649E+00 
 0.488558231662702E+00  0.489067379165952E-01  0.399561250776815E+00 
 0.485033619800907E+00  0.763112206812329E-01  0.406374358288708E+00 
 0.477855821933508E+00  0.112848695975095E+00  0.417136097077347E+00 
 0.468119253508565E+00  0.148139728748265E+00  0.412859564074990E+00 
 0.457823159723033E+00  0.177423135921574E+00  0.406948733706470E+00 
 0.444196006434205E+00  0.209215015252095E+00  0.424899158215707E+00 
 0.429807049686867E+00  0.237375050876252E+00  0.423005836964802E+00 
 0.414684994744426E+00  0.262901825541105E+00  0.431596185661917E+00 
 0.399191613335252E+00  0.285879468625897E+00  0.274799533841134E-01 
 0.386361487668918E+00  0.302994745144670E+00  0.514057385290940E-01 
 0.373061435128834E+00  0.319227474316727E+00  0.724984084534644E-01 
 0.358127211229006E+00  0.335895691125023E+00  0.909455554259759E-01 
 0.394193023548234E+00  0.292733453716732E+00  0.440017950505380E+00 
 0.378193905517845E+00  0.313129980308787E+00  0.435437566966937E+00 
 0.359931402496617E+00  0.333961674800928E+00  0.432713943301532E+00 
 0.405870610431674E+00  0.276315150375161E+00  0.403992748843231E+00 
 0.384303074092517E+00  0.305601312140613E+00  0.407476916889263E+00 
 0.365905430350332E+00  0.327405300475054E+00  0.398911520296495E+00 
 0.490414520408336E+00  0.239710849084226E-01  0.317374309209700E+00 
 0.488574156938201E+00  0.487473887624281E-01  0.349696497362357E+00 
 0.484641660875084E+00  0.787621437193726E-01  0.342141638451479E+00 
 0.476773274900156E+00  0.117338225144270E+00  0.347751554095469E+00 
 0.489981981491881E+00  0.316017808408930E-01  0.374765287343301E+00 
 0.487303331662887E+00  0.601371573096062E-01  0.380250015787997E+00 
 0.482811318479604E+00  0.892986309358495E-01  0.374936411992926E+00 
 0.475111116414947E+00  0.123896899872310E+00  0.387017001763247E+00 
 0.466698990563331E+00  0.152555127564410E+00  0.380540462697927E+00 
 0.456379880502550E+00  0.181103339040189E+00  0.376844411574046E+00 
 0.445099938761482E+00  0.207284971123223E+00  0.375179742343952E+00 
 0.432426292146836E+00  0.232569380184003E+00  0.373419767013246E+00 
 0.417340928674046E+00  0.258664964756566E+00  0.372524784973892E+00 
 0.399575252373949E+00  0.285343008376447E+00  0.374546317235594E+00 
 0.380674691356730E+00  0.310109326044027E+00  0.375049509832000E+00 
 0.361054763933693E+00  0.332746859008177E+00  0.371200699522930E+00 
 0.487903625297147E+00  0.550551283799308E-01  0.317917113353931E+00 
 0.483517898013695E+00  0.853900289228706E-01  0.316311119927437E+00 
 0.478040583762521E+00  0.112063441920262E+00  0.313364469459801E+00 
 0.470523245705147E+00  0.140317105123074E+00  0.319166545351474E+00 
 0.458757960706208E+00  0.174991851889474E+00  0.319992060808711E+00 
 0.445433401050713E+00  0.206567422328462E+00  0.330306441675336E+00 
 0.430134307902425E+00  0.236781527793731E+00  0.341485065688760E+00 
 0.411979083855409E+00  0.267122161575350E+00  0.343684299178155E+00 
 0.393462835926080E+00  0.293714166297833E+00  0.345644770259465E+00 
 0.375740489650162E+00  0.316069769475789E+00  0.349217741294254E+00 
 0.359185558943763E+00  0.334763721130708E+00  0.338580016231550E+00 
 0.405423249771370E+00  0.276971123555957E+00  0.315087194243371E+00 
 0.383934950864229E+00  0.306063666977812E+00  0.317301377980859E+00 
 0.366309402290464E+00  0.326953263529552E+00  0.306104438608405E+00 
 0.490033490220442E+00  0.307927459216830E-01  0.289137140848613E+00 
 0.380640108361230E+00  0.310151773565417E+00  0.247658198632345E-01 
 0.367231413729210E+00  0.325917326187897E+00  0.462025234985990E-01 
 0.356376813338914E+00  0.337752248924301E+00  0.655336007100406E-01 
 0.486967401026006E+00  0.627994034765292E-01  0.289793293248934E+00 
 0.481991521750579E+00  0.936225811414710E-01  0.289738022737463E+00 
 0.475371712981713E+00  0.122893243247375E+00  0.291128222118474E+00 
 0.466941356433562E+00  0.151811674093302E+00  0.290915518272578E+00 
 0.456981663647678E+00  0.179579435985383E+00  0.287305210983451E+00 
 0.445354122484786E+00  0.206738289450301E+00  0.284030894740046E+00 
 0.432383473122135E+00  0.232648977882715E+00  0.286088420535476E+00 
 0.417375913934402E+00  0.258608509539909E+00  0.286727032008285E+00 
 0.400538592438467E+00  0.283989173572581E+00  0.285118861067071E+00 
 0.382048852631409E+00  0.308414800134570E+00  0.281899787516259E+00 
 0.362242249331092E+00  0.331453718546909E+00  0.277380628372924E+00 
 0.467420611247872E+00  0.150329594290982E+00  0.229747878459956E+00 
 0.455482272162829E+00  0.183349160031931E+00  0.229464316515600E+00 
 0.442735935959351E+00  0.212287318861086E+00  0.229500342409685E+00 
 0.429140180245667E+00  0.238578541444424E+00  0.232434469203321E+00 
 0.488521906357674E+00  0.492682630878446E-01  0.235855008555086E+00 
 0.483484701063293E+00  0.855777925443765E-01  0.236856282231692E+00 
 0.475417051065830E+00  0.122717734231433E+00  0.240274039464065E+00 
 0.489552512074629E+00  0.376742970796614E-01  0.261580759513895E+00 
 0.485589943033279E+00  0.726871512990247E-01  0.263056535492463E+00 
 0.479598746795861E+00  0.105195326944063E+00  0.264686981408590E+00 
 0.472652047024527E+00  0.132970136431268E+00  0.268628012608838E+00 
 0.464436523708728E+00  0.159310169745619E+00  0.258622477717833E+00 
 0.453151759622830E+00  0.189035704272397E+00  0.262469295748735E+00 
 0.441092739797751E+00  0.215680804979823E+00  0.256595563928451E+00 
 0.427126606767435E+00  0.242164977918710E+00  0.263329728290531E+00 
 0.413765286852170E+00  0.264346935172646E+00  0.257615847923930E+00 
 0.397263217237516E+00  0.288553203013108E+00  0.254572566661685E+00 
 0.360340756968834E+00  0.333519944840110E+00  0.223370328292849E-01 
 0.379187451014952E+00  0.311926099792573E+00  0.250746894180751E+00 
 0.360269885708425E+00  0.333596499068351E+00  0.245220361151129E+00 
 0.394246248978883E+00  0.292661767070975E+00  0.225326793518366E+00 
 0.376524860294661E+00  0.315134962070393E+00  0.220883973260019E+00 
 0.359017557087506E+00  0.334943888497672E+00  0.213099983746816E+00 
 0.487797723307894E+00  0.559856756203313E-01  0.183284788471312E+00 
 0.482091909709987E+00  0.931042712833728E-01  0.172458719175733E+00 
 0.474645276994910E+00  0.125669709021116E+00  0.186381261438807E+00 
 0.490080249785311E+00  0.300393659951808E-01  0.205942707640200E+00 
 0.486835321879054E+00  0.638152341525807E-01  0.213194227801458E+00 
 0.481271396935254E+00  0.972566564869394E-01  0.206308694484477E+00 
 0.473545825409844E+00  0.129751169458838E+00  0.213358315584812E+00 
 0.466195001097850E+00  0.154088402193031E+00  0.203382968703080E+00 
 0.457038876247297E+00  0.179433777025494E+00  0.194955323187813E+00 
 0.443342611436292E+00  0.211017401234779E+00  0.200846914078092E+00 
 0.425972907106187E+00  0.244188650740643E+00  0.199431443626968E+00 
 0.407196349750511E+00  0.274357699889921E+00  0.193339535738177E+00 
 0.389522086691806E+00  0.298920656225503E+00  0.200558771440014E+00 
 0.375175644562254E+00  0.316740036096354E+00  0.190874094877754E+00 
 0.358344565834862E+00  0.335663800365256E+00  0.181779920351597E+00 
 0.495211309229027E+00  0.000000000000000E+00  0.980876836828403E+00 
