 0.500000000000000E+00 -0.462592926927149E-17  0.000000000000000E+00 
 0.331664505508704E+00  0.374163942391122E+00  0.000000000000000E+00 
 0.344531009516926E+00  0.362351188050002E+00  0.000000000000000E+00 
 0.360786652952092E+00  0.346169020929989E+00  0.000000000000000E+00 
 0.378747668647776E+00  0.326420286584450E+00  0.000000000000000E+00 
 0.393980911342631E+00  0.307862049459867E+00  0.000000000000000E+00 
 0.408600309835464E+00  0.288176659017283E+00  0.000000000000000E+00 
 0.426395361483766E+00  0.261126397947677E+00  0.000000000000000E+00 
 0.443550695651010E+00  0.230787305516368E+00  0.000000000000000E+00 
 0.458801877141525E+00  0.198748176171287E+00  0.000000000000000E+00 
 0.471368517172208E+00  0.166768465301069E+00  0.000000000000000E+00 
 0.481116670858957E+00  0.136113000927882E+00  0.000000000000000E+00 
 0.487407399514599E+00  0.111507967869637E+00  0.000000000000000E+00 
 0.492302681346181E+00  0.873960521955117E-01  0.000000000000000E+00 
 0.496428391355714E+00  0.596561166685992E-01  0.000000000000000E+00 
 0.498594775900435E+00  0.374599712332379E-01  0.000000000000000E+00 
 0.499703877221302E+00  0.172056702862363E-01  0.000000000000000E+00 
 0.321400000806898E+00  0.383017022443293E+00  0.000000000000000E+00 
 0.321400000806898E+00  0.355668708511766E+00  0.000000000000000E+00 
 0.321400000806898E+00  0.367967083984368E+00  0.000000000000000E+00 
 0.321400000806898E+00  0.344847792862398E+00  0.000000000000000E+00 
 0.471006231487900E+00  0.192637135646405E-01  0.000000000000000E+00 
 0.468365276293136E+00  0.534034523565387E-01  0.000000000000000E+00 
 0.463235770873783E+00  0.873531988178975E-01  0.000000000000000E+00 
 0.455286298512103E+00  0.122197983403534E+00  0.000000000000000E+00 
 0.444938765933102E+00  0.155715944368801E+00  0.000000000000000E+00 
 0.432398037820097E+00  0.187749560985030E+00  0.000000000000000E+00 
 0.417654694756432E+00  0.218592124077365E+00  0.000000000000000E+00 
 0.401691968261631E+00  0.246701283731636E+00  0.000000000000000E+00 
 0.383877907911105E+00  0.273597720346001E+00  0.000000000000000E+00 
 0.364628511684069E+00  0.298770830617372E+00  0.000000000000000E+00 
 0.348173366486718E+00  0.317794379481515E+00  0.000000000000000E+00 
 0.333465264488216E+00  0.333194955154700E+00  0.000000000000000E+00 
 0.471400000806917E+00 -0.578241158658936E-17  0.000000000000000E+00 
 0.490038992397390E+00  0.000000000000000E+00  0.000000000000000E+00 
 0.479951766229974E+00  0.000000000000000E+00  0.000000000000000E+00 
 0.346207710250783E+00  0.331554343829004E+00  0.000000000000000E+00 
 0.340880134655993E+00  0.348473876036778E+00  0.000000000000000E+00 
 0.361939982957726E+00  0.326610485125692E+00  0.000000000000000E+00 
 0.383503422280189E+00  0.297317871014278E+00  0.000000000000000E+00 
 0.405119467553630E+00  0.267708907957231E+00  0.000000000000000E+00 
 0.422387833260153E+00  0.239505421291377E+00  0.000000000000000E+00 
 0.438170880806740E+00  0.209159741612715E+00  0.000000000000000E+00 
 0.451932069015076E+00  0.177437249430344E+00  0.000000000000000E+00 
 0.463269867729419E+00  0.145331617075229E+00  0.000000000000000E+00 
 0.473013120151095E+00  0.108203907628149E+00  0.000000000000000E+00 
 0.480157522514069E+00  0.719440150721281E-01  0.000000000000000E+00 
 0.483666545250218E+00  0.367007867512073E-01  0.000000000000000E+00 
 0.321400000806898E+00  0.383017022443293E+00  0.100000000000000E+01 
 0.499641187536703E+00  0.189389470909360E-01  0.100000000000000E+01 
 0.497822756817709E+00  0.466101147221861E-01  0.100000000000000E+01 
 0.493829095105479E+00  0.783123542444241E-01  0.100000000000000E+01 
 0.487197011589933E+00  0.112423626955540E+00  0.100000000000000E+01 
 0.478218905739449E+00  0.145968072513697E+00  0.100000000000000E+01 
 0.468409264896196E+00  0.174907863057684E+00  0.100000000000000E+01 
 0.456447916625634E+00  0.204096299349395E+00  0.100000000000000E+01 
 0.442194482556784E+00  0.233375319167084E+00  0.100000000000000E+01 
 0.429074446588963E+00  0.256700446599486E+00  0.100000000000000E+01 
 0.415939111075885E+00  0.277479108902639E+00  0.100000000000000E+01 
 0.399615399417105E+00  0.300512117141235E+00  0.100000000000000E+01 
 0.382033703210882E+00  0.322568209237953E+00  0.100000000000000E+01 
 0.365766845070062E+00  0.340902647463309E+00  0.100000000000000E+01 
 0.352472667582145E+00  0.354630820160243E+00  0.100000000000000E+01 
 0.341123307568475E+00  0.365561060608954E+00  0.100000000000000E+01 
 0.330525986697407E+00  0.375170057597492E+00  0.100000000000000E+01 
 0.500000000000000E+00 -0.462592926927149E-17  0.100000000000000E+01 
 0.480654077775760E+00  0.000000000000000E+00  0.100000000000000E+01 
 0.490516003727825E+00  0.000000000000000E+00  0.100000000000000E+01 
 0.471400000806917E+00 -0.578241158658936E-17  0.100000000000000E+01 
 0.336927025235417E+00  0.329694010298565E+00  0.100000000000000E+01 
 0.355512951812462E+00  0.309561790042512E+00  0.100000000000000E+01 
 0.375076502503428E+00  0.285544353876119E+00  0.100000000000000E+01 
 0.395156405523646E+00  0.257039638838779E+00  0.100000000000000E+01 
 0.414715185791532E+00  0.224118886831604E+00  0.100000000000000E+01 
 0.429205836079570E+00  0.194936684685001E+00  0.100000000000000E+01 
 0.440833812499958E+00  0.166983563614781E+00  0.100000000000000E+01 
 0.451602937110765E+00  0.135176728595089E+00  0.100000000000000E+01 
 0.459401710262280E+00  0.105678897462250E+00  0.100000000000000E+01 
 0.465228400771403E+00  0.760295723809518E-01  0.100000000000000E+01 
 0.469201504629846E+00  0.454742654017460E-01  0.100000000000000E+01 
 0.471043818603241E+00  0.183216188261622E-01  0.100000000000000E+01 
 0.321400000806898E+00  0.344847792862398E+00  0.100000000000000E+01 
 0.321400000806898E+00  0.368128805389686E+00  0.100000000000000E+01 
 0.321400000806898E+00  0.355521964324626E+00  0.100000000000000E+01 
 0.484908810258428E+00  0.265450887405213E-01  0.100000000000000E+01 
 0.481655693846737E+00  0.615582139063795E-01  0.100000000000000E+01 
 0.476569216462658E+00  0.932271344390408E-01  0.100000000000000E+01 
 0.469275698849654E+00  0.124850298653713E+00  0.100000000000000E+01 
 0.459789513547278E+00  0.155744085717168E+00  0.100000000000000E+01 
 0.448811361922423E+00  0.185320495231480E+00  0.100000000000000E+01 
 0.435704228435162E+00  0.214384980133981E+00  0.100000000000000E+01 
 0.416647800141552E+00  0.248573505306300E+00  0.100000000000000E+01 
 0.396506259938867E+00  0.280083526961199E+00  0.100000000000000E+01 
 0.378184167178304E+00  0.304386063485315E+00  0.100000000000000E+01 
 0.359999379442438E+00  0.325710681541787E+00  0.100000000000000E+01 
 0.339594818395313E+00  0.347795687155407E+00  0.100000000000000E+01 
 0.500000000000000E+00 -0.138777878078145E-16  0.976404256489850E+00 
 0.500000000000000E+00 -0.138777878078145E-16  0.947216788857958E+00 
 0.500000000000000E+00 -0.138777878078145E-16  0.923601695807351E+00 
 0.500000000000000E+00 -0.138777878078145E-16  0.894616409455527E+00 
 0.500000000000000E+00 -0.138777878078145E-16  0.864176956003478E+00 
 0.500000000000000E+00 -0.138777878078145E-16  0.832695347538239E+00 
 0.500000000000000E+00 -0.138777878078145E-16  0.799848585086613E+00 
 0.500000000000000E+00 -0.138777878078145E-16  0.763108883572173E+00 
 0.500000000000000E+00 -0.138777878078145E-16  0.728162786844006E+00 
 0.500000000000000E+00 -0.138777878078145E-16  0.696192277051380E+00 
 0.500000000000000E+00 -0.138777878078145E-16  0.665139525006691E+00 
 0.500000000000000E+00 -0.138777878078145E-16  0.634537726219084E+00 
 0.500000000000000E+00 -0.138777878078145E-16  0.603852612891018E+00 
 0.500000000000000E+00 -0.138777878078145E-16  0.573152921838347E+00 
 0.500000000000000E+00 -0.138777878078145E-16  0.542344566720277E+00 
 0.500000000000000E+00 -0.138777878078145E-16  0.511132561641210E+00 
 0.500000000000000E+00 -0.138777878078145E-16  0.480120324340715E+00 
 0.500000000000000E+00 -0.138777878078145E-16  0.449812029841032E+00 
 0.500000000000000E+00 -0.138777878078145E-16  0.420530635132060E+00 
 0.500000000000000E+00 -0.138777878078145E-16  0.392124821473973E+00 
 0.500000000000000E+00 -0.138777878078145E-16  0.364007008555090E+00 
 0.500000000000000E+00 -0.138777878078145E-16  0.335702471201584E+00 
 0.500000000000000E+00 -0.138777878078145E-16  0.307073289982993E+00 
 0.500000000000000E+00 -0.138777878078145E-16  0.278255688718891E+00 
 0.500000000000000E+00 -0.138777878078145E-16  0.250983724311947E+00 
 0.500000000000000E+00 -0.138777878078145E-16  0.220580691016338E+00 
 0.500000000000000E+00 -0.138777878078145E-16  0.190913327971851E+00 
 0.500000000000000E+00 -0.138777878078145E-16  0.164848563698509E+00 
 0.500000000000000E+00 -0.138777878078145E-16  0.136275466700647E+00 
 0.500000000000000E+00 -0.138777878078145E-16  0.104189002288771E+00 
 0.500000000000000E+00 -0.138777878078145E-16  0.713682963278801E-01 
 0.500000000000000E+00 -0.138777878078145E-16  0.403201491705161E-01 
 0.500000000000000E+00 -0.138777878078145E-16  0.164702505202481E-01 
 0.321400000806898E+00  0.383017022443293E+00  0.213102100725207E-01 
 0.321400000806898E+00  0.383017022443293E+00  0.466898315001636E-01 
 0.321400000806898E+00  0.383017022443293E+00  0.702286360405793E-01 
 0.321400000806898E+00  0.383017022443293E+00  0.106533160323432E+00 
 0.321400000806898E+00  0.383017022443293E+00  0.139832729718179E+00 
 0.321400000806898E+00  0.383017022443293E+00  0.173735713699171E+00 
 0.321400000806898E+00  0.383017022443293E+00  0.206598578819371E+00 
 0.321400000806898E+00  0.383017022443293E+00  0.238501139061908E+00 
 0.321400000806898E+00  0.383017022443293E+00  0.282412193597650E+00 
 0.321400000806898E+00  0.383017022443293E+00  0.311557451821121E+00 
 0.321400000806898E+00  0.383017022443293E+00  0.340016255263123E+00 
 0.321400000806898E+00  0.383017022443293E+00  0.375722174525547E+00 
 0.321400000806898E+00  0.383017022443293E+00  0.411539937665592E+00 
 0.321400000806898E+00  0.383017022443293E+00  0.435250601973679E+00 
 0.321400000806898E+00  0.383017022443293E+00  0.463555507831074E+00 
 0.321400000806898E+00  0.383017022443293E+00  0.494380703191835E+00 
 0.321400000806898E+00  0.383017022443293E+00  0.522141478780141E+00 
 0.321400000806898E+00  0.383017022443293E+00  0.550956372853919E+00 
 0.321400000806898E+00  0.383017022443293E+00  0.580365184372343E+00 
 0.321400000806898E+00  0.383017022443293E+00  0.610045585826497E+00 
 0.321400000806898E+00  0.383017022443293E+00  0.639818743073115E+00 
 0.321400000806898E+00  0.383017022443293E+00  0.669550873810241E+00 
 0.321400000806898E+00  0.383017022443293E+00  0.699079713949639E+00 
 0.321400000806898E+00  0.383017022443293E+00  0.727903764477436E+00 
 0.321400000806898E+00  0.383017022443293E+00  0.753397531753266E+00 
 0.321400000806898E+00  0.383017022443293E+00  0.781592960157202E+00 
 0.321400000806898E+00  0.383017022443293E+00  0.804673294069404E+00 
 0.321400000806898E+00  0.383017022443293E+00  0.833831826377557E+00 
 0.321400000806898E+00  0.383017022443293E+00  0.873859014108341E+00 
 0.321400000806898E+00  0.383017022443293E+00  0.904436096396647E+00 
 0.321400000806898E+00  0.383017022443293E+00  0.935526073015579E+00 
 0.321400000806898E+00  0.383017022443293E+00  0.958983687698749E+00 
 0.321400000806898E+00  0.383017022443293E+00  0.982133286276734E+00 
 0.446972122905583E+00  0.224089092428159E+00  0.874640358719490E+00 
 0.437877599530661E+00  0.241377728527854E+00  0.850818727471776E+00 
 0.448896419683253E+00  0.220209001622452E+00  0.147086799689850E+00 
 0.425807935576080E+00  0.262083196715160E+00  0.902861449219466E+00 
 0.440777379052635E+00  0.236040890769990E+00  0.903929425562736E+00 
 0.432275163921076E+00  0.251273123626478E+00  0.875876141839384E+00 
 0.456264292332804E+00  0.204506468215666E+00  0.906110918199353E+00 
 0.460083210893563E+00  0.195763732733795E+00  0.872131865185667E+00 
 0.434298553004177E+00  0.247759493982527E+00  0.821869307029729E+00 
 0.450683557994237E+00  0.216527897864583E+00  0.837993017386595E+00 
 0.442770483077311E+00  0.232280647742091E+00  0.796025217706921E+00 
 0.454279115283844E+00  0.208879116756387E+00  0.218454006978537E+00 
 0.443535208290998E+00  0.230817068273256E+00  0.201317691519667E+00 
 0.456333622299391E+00  0.204351719246786E+00  0.192718643202510E+00 
 0.337877142364229E+00  0.368563477121354E+00  0.159134668161904E-01 
 0.432356839587546E+00  0.251132561134293E+00  0.177210450796486E+00 
 0.446078323708326E+00  0.225863076038493E+00  0.172162523227477E+00 
 0.458238056886856E+00  0.200044703055489E+00  0.164124427013001E+00 
 0.427822736350053E+00  0.258781193794977E+00  0.120546703622175E+00 
 0.436167488724890E+00  0.244454334752778E+00  0.148288591861485E+00 
 0.443677817681488E+00  0.230542824866427E+00  0.122474063939654E+00 
 0.458747638247250E+00  0.198873337585937E+00  0.130806391898569E+00 
 0.476558957748359E+00  0.151299569694688E+00  0.773010070265017E+00 
 0.440326469315847E+00  0.236880983660235E+00  0.959840796101214E+00 
 0.432728338290792E+00  0.250491886575375E+00  0.931031695233612E+00 
 0.446895554427424E+00  0.224241752207312E+00  0.933556888620007E+00 
 0.457810403343167E+00  0.201021477933994E+00  0.937165261308074E+00 
 0.466850288590460E+00  0.179027394671888E+00  0.926747397528092E+00 
 0.481637954189081E+00  0.134256772955991E+00  0.805650042506270E+00 
 0.482854338716771E+00  0.129814050019208E+00  0.844596415017906E+00 
 0.478347198642388E+00  0.145547097363636E+00  0.874043886698054E+00 
 0.484195931633313E+00  0.124716878527922E+00  0.778574217392362E+00 
 0.488941890036331E+00  0.104574510124123E+00  0.826411282246648E+00 
 0.491075776374649E+00  0.940456371026132E-01  0.795359184886736E+00 
 0.345284827363106E+00  0.361632946498007E+00  0.774937731032903E+00 
 0.351883732667718E+00  0.355215200524744E+00  0.187852503014167E-01 
 0.341466962672613E+00  0.365240076392419E+00  0.353528274611571E-01 
 0.333327220404784E+00  0.372683463729236E+00  0.518139014630653E-01 
 0.355366748728881E+00  0.351730683759413E+00  0.764570366731057E+00 
 0.360173640674025E+00  0.346806788520090E+00  0.792312262890184E+00 
 0.368695166756925E+00  0.337733436322321E+00  0.766840607062679E+00 
 0.371184666289260E+00  0.334995438046148E+00  0.821659134654560E+00 
 0.377944776997988E+00  0.327349576966186E+00  0.794727701851925E+00 
 0.383917051273696E+00  0.320324363327722E+00  0.767073055736169E+00 
 0.378588837480635E+00  0.326604488847078E+00  0.844700063146217E+00 
 0.390582601940908E+00  0.312162187109635E+00  0.860304931951204E+00 
 0.389974358378011E+00  0.312921715142395E+00  0.826803399077212E+00 
 0.394878509651220E+00  0.306709899767894E+00  0.794829429573502E+00 
 0.399738547584629E+00  0.300348287118358E+00  0.766113702918440E+00 
 0.402196446068697E+00  0.297048849130424E+00  0.880717133452893E+00 
 0.405485675131706E+00  0.292542932341537E+00  0.851541876919698E+00 
 0.406923034242795E+00  0.290540262618861E+00  0.821224567147303E+00 
 0.410835749054397E+00  0.284980678816849E+00  0.792185613715107E+00 
 0.415448298615285E+00  0.278213427385641E+00  0.764747994813219E+00 
 0.412191171978138E+00  0.283016673966905E+00  0.899921086350366E+00 
 0.417271895689908E+00  0.275470806197954E+00  0.875442546351467E+00 
 0.422355253008159E+00  0.267611734153071E+00  0.844783059356217E+00 
 0.420477394127835E+00  0.270552695472556E+00  0.814598207459053E+00 
 0.426477063692973E+00  0.260992938877319E+00  0.791657489792574E+00 
 0.430603234456224E+00  0.254127634223118E+00  0.763860025145711E+00 
 0.470510508287396E+00  0.169174057086588E+00  0.896933040193549E+00 
 0.469928358540397E+00  0.170784477747621E+00  0.868039380815181E+00 
 0.367588418830693E+00  0.338937685041884E+00  0.206579051888414E-01 
 0.357040812695432E+00  0.350031224421172E+00  0.399020037572141E-01 
 0.346973914609748E+00  0.360012642250779E+00  0.581732269842820E-01 
 0.335854404129112E+00  0.370407639266632E+00  0.773363654342861E-01 
 0.465106930206869E+00  0.183508973822925E+00  0.843138302209051E+00 
 0.460034768030814E+00  0.195877543896269E+00  0.809590221865080E+00 
 0.452864766269984E+00  0.211928062019246E+00  0.781924494970829E+00 
 0.444171623933112E+00  0.229590000855052E+00  0.761451027511767E+00 
 0.462058798858813E+00  0.191054092856319E+00  0.781216460151119E+00 
 0.456238846707361E+00  0.204563229235209E+00  0.758347158187392E+00 
 0.474543627760300E+00  0.157506651770945E+00  0.849913111105715E+00 
 0.473344498031840E+00  0.161074474026724E+00  0.823132784686634E+00 
 0.470793165080748E+00  0.168385853661321E+00  0.792961146353421E+00 
 0.467323660075773E+00  0.177788066903780E+00  0.761836520917282E+00 
 0.355357979231515E+00  0.351739543691769E+00  0.226873225170808E+00 
 0.369936213000023E+00  0.336373599307677E+00  0.207979194351623E+00 
 0.375146913752044E+00  0.330552254722784E+00  0.181042579786016E+00 
 0.388613783728395E+00  0.314609801335400E+00  0.228047506230298E+00 
 0.391665740157721E+00  0.310802104218591E+00  0.197653513852868E+00 
 0.386780857150647E+00  0.316860487504849E+00  0.164104944924260E+00 
 0.410723066933280E+00  0.285143055831490E+00  0.234282595603305E+00 
 0.410186822323931E+00  0.285913921997156E+00  0.200310203836250E+00 
 0.403917717494774E+00  0.294704050691218E+00  0.172606652473108E+00 
 0.398800129497536E+00  0.301593197391368E+00  0.143057237834004E+00 
 0.430732213910271E+00  0.253908959865454E+00  0.243128985143612E+00 
 0.445077512994988E+00  0.227828899453508E+00  0.236469543861830E+00 
 0.427614945206350E+00  0.259124407642682E+00  0.209917093002471E+00 
 0.418719593454651E+00  0.273265259513851E+00  0.181549424815710E+00 
 0.418609195152893E+00  0.273434346294402E+00  0.151149775397342E+00 
 0.410010491143264E+00  0.286166729639313E+00  0.118956489774252E+00 
 0.497346292321738E+00  0.514457531174333E-01  0.233065374495158E+00 
 0.494394195204080E+00  0.746617689886224E-01  0.243146428212335E+00 
 0.494239770517685E+00  0.756772702905323E-01  0.214698656203898E+00 
 0.489774405092163E+00  0.100603340484390E+00  0.224534404258398E+00 
 0.489943879014799E+00  0.997747233317773E-01  0.194958956392740E+00 
 0.484622823443819E+00  0.123047628978950E+00  0.173514741150947E+00 
 0.483726161440709E+00  0.126526679944734E+00  0.232362178027876E+00 
 0.483891962704953E+00  0.125891097499181E+00  0.202384812121190E+00 
 0.476940234698421E+00  0.150093346041106E+00  0.179895539843510E+00 
 0.383770455844854E+00  0.320499980063389E+00  0.223229737129821E-01 
 0.372890150581372E+00  0.333095985564824E+00  0.429672409525862E-01 
 0.362252846538256E+00  0.344634407996257E+00  0.626610970705486E-01 
 0.351673562595931E+00  0.355423276349603E+00  0.816232031180611E-01 
 0.341375366621356E+00  0.365325689028482E+00  0.994099211543770E-01 
 0.478389659142855E+00  0.145407475822884E+00  0.151053194282669E+00 
 0.476308336066386E+00  0.152086715375376E+00  0.238892658531993E+00 
 0.476113786627873E+00  0.152694669791935E+00  0.209631968536111E+00 
 0.459384767112833E+00  0.197397152321627E+00  0.243504917281229E+00 
 0.468941985441271E+00  0.173474534991159E+00  0.247264274658285E+00 
 0.466129297622170E+00  0.180896318089291E+00  0.218819879980229E+00 
 0.467474189494439E+00  0.177391888643525E+00  0.186870302058339E+00 
 0.468966729289385E+00  0.173407631953200E+00  0.156598325962369E+00 
 0.471272625629391E+00  0.167039253866807E+00  0.127515845903541E+00 
 0.419972480373507E+00  0.271335798834073E+00  0.893188733254433E-01 
 0.437520763115496E+00  0.242023928244367E+00  0.942988472486517E-01 
 0.451766937147746E+00  0.214258335894183E+00  0.995056630533978E-01 
 0.464278719205615E+00  0.185594371931893E+00  0.102773483790014E+00 
 0.458798608176880E+00  0.198755722269720E+00  0.792670813979796E-01 
 0.432281216361892E+00  0.251262711082810E+00  0.676088367185141E-01 
 0.447374387579458E+00  0.223284924116934E+00  0.651401921439054E-01 
 0.333073575744502E+00  0.372910167655391E+00  0.978027588322899E+00 
 0.334820438980904E+00  0.371342528726020E+00  0.953420179418026E+00 
 0.345584069849620E+00  0.361346994821007E+00  0.975681179714253E+00 
 0.333463230919882E+00  0.372561771555367E+00  0.890863864370640E+00 
 0.336160908729585E+00  0.370129495504073E+00  0.923661952290894E+00 
 0.349092189548584E+00  0.357958996529177E+00  0.950087607076161E+00 
 0.359209496542675E+00  0.347805315648795E+00  0.974275883801746E+00 
 0.345224482883815E+00  0.361690553398347E+00  0.904223044029834E+00 
 0.353365518306521E+00  0.353741163100880E+00  0.924795319753876E+00 
 0.364343053383915E+00  0.342423917755296E+00  0.948034674372184E+00 
 0.374422052640174E+00  0.331373092596123E+00  0.973030517101279E+00 
 0.335059735458027E+00  0.371126627547522E+00  0.860608284842450E+00 
 0.346969345907979E+00  0.360017045430059E+00  0.880486802639577E+00 
 0.358295085538782E+00  0.348747231786514E+00  0.900007716351398E+00 
 0.368889308981687E+00  0.337521373721745E+00  0.921651887700267E+00 
 0.380378726868745E+00  0.324518141473960E+00  0.945082637686177E+00 
 0.391134963642060E+00  0.311469806268159E+00  0.971128007450873E+00 
 0.332520411093534E+00  0.373403503205563E+00  0.806017149861189E+00 
 0.339378153458837E+00  0.367181792787809E+00  0.830010196282084E+00 
 0.349950139930777E+00  0.357120287245670E+00  0.853108414630243E+00 
 0.361204203682361E+00  0.345733312311949E+00  0.874209918026208E+00 
 0.372768859365737E+00  0.333231717408723E+00  0.894995963277429E+00 
 0.384438339206906E+00  0.319698550744034E+00  0.916782946906638E+00 
 0.397200488867134E+00  0.303696841675559E+00  0.940182921192431E+00 
 0.409298719704957E+00  0.287183840157978E+00  0.968486430643185E+00 
 0.422247700176930E+00  0.267781402818219E+00  0.980501324148640E+00 
 0.334697668915698E+00  0.371453187390279E+00  0.784302937581932E+00 
 0.345588290573010E+00  0.361342958169693E+00  0.801646911360699E+00 
 0.355145956554326E+00  0.351953618454354E+00  0.824692536126584E+00 
 0.364662065335699E+00  0.342084168159099E+00  0.847923782659163E+00 
 0.375839281297418E+00  0.329764817155864E+00  0.868663017512572E+00 
 0.387629109926689E+00  0.315822217612129E+00  0.888554259226692E+00 
 0.399524515226175E+00  0.300632935210515E+00  0.909804755857361E+00 
 0.414919076046089E+00  0.279002079442178E+00  0.929891999153403E+00 
 0.425549010186767E+00  0.262503409366551E+00  0.956813013024528E+00 
 0.432677871460490E+00  0.250579048502504E+00  0.978718059024057E+00 
 0.399647552114929E+00  0.300469356321980E+00  0.238877343712428E-01 
 0.388843794401707E+00  0.314325473920398E+00  0.455261107602394E-01 
 0.378200233269739E+00  0.327054404579292E+00  0.663016722763614E-01 
 0.367727667432969E+00  0.338786603342440E+00  0.864062352851539E-01 
 0.356942564844877E+00  0.350131411618496E+00  0.105640498428177E+00 
 0.344985708595362E+00  0.361918306893912E+00  0.123643775639309E+00 
 0.335920453646739E+00  0.370347740403218E+00  0.144181408385641E+00 
 0.498987112092871E+00  0.318097778240667E-01  0.977768928373900E+00 
 0.499619241329387E+00  0.195093232442486E-01  0.958294591785906E+00 
 0.496400144423690E+00  0.598907055905958E-01  0.974826878688192E+00 
 0.498172416742510E+00  0.427111600981139E-01  0.953179961153934E+00 
 0.499467543930070E+00  0.230688656085187E-01  0.935542523644738E+00 
 0.492065285149388E+00  0.887229122090324E-01  0.970308249162710E+00 
 0.495192548152020E+00  0.691689254991713E-01  0.946912954323531E+00 
 0.497608058165707E+00  0.488489554499816E-01  0.926317543664575E+00 
 0.499329791637318E+00  0.258797060151821E-01  0.908933589286045E+00 
 0.481310537944951E+00  0.135425869253780E+00  0.977366811757737E+00 
 0.486444843305475E+00  0.115634832215521E+00  0.961201154735400E+00 
 0.490583493657123E+00  0.965807214260281E-01  0.939432178461327E+00 
 0.494106005461462E+00  0.765457730179661E-01  0.917657217759198E+00 
 0.497039273279045E+00  0.543319502524832E-01  0.897344240792405E+00 
 0.499153074633681E+00  0.290896559577979E-01  0.879252050481674E+00 
 0.463459771530950E+00  0.187630062016936E+00  0.978934198871889E+00 
 0.473027106982778E+00  0.162004185314773E+00  0.973199152206467E+00 
 0.479557342024685E+00  0.141508853822719E+00  0.952333818145843E+00 
 0.484342926849087E+00  0.124144791317477E+00  0.931498260893155E+00 
 0.488772893231685E+00  0.105361562450108E+00  0.909398848994526E+00 
 0.492815998943508E+00  0.844534853354945E-01  0.887436664493432E+00 
 0.496266600877753E+00  0.609873827380760E-01  0.866272534632460E+00 
 0.498861343971486E+00  0.337247607991898E-01  0.846837073159772E+00 
 0.481223194563905E+00  0.135735909079763E+00  0.755619304492127E+00 
 0.488003120916091E+00  0.108871272501773E+00  0.758360796376259E+00 
 0.494857147548836E+00  0.715290396959812E-01  0.766340329362794E+00 
 0.498148364769543E+00  0.429907743292650E-01  0.752813772161930E+00 
 0.453434554441010E+00  0.210706205031752E+00  0.965851226432067E+00 
 0.499018330466245E+00  0.313162235699230E-01  0.780084095461953E+00 
 0.464744227907951E+00  0.184425601873066E+00  0.954698801678342E+00 
 0.472430749949322E+00  0.163735110780556E+00  0.946478634342904E+00 
 0.476430760773793E+00  0.151702769218312E+00  0.925296812514146E+00 
 0.481403668958411E+00  0.135094439239300E+00  0.902488382964450E+00 
 0.486467685342396E+00  0.115538699653456E+00  0.878892183911104E+00 
 0.491046422611285E+00  0.941987836474550E-01  0.856220083845299E+00 
 0.494957404155858E+00  0.708319706862294E-01  0.832735060734858E+00 
 0.498158841432407E+00  0.428692045963299E-01  0.809401141537302E+00 
 0.333185900789188E+00  0.372809811452566E+00  0.756488601669394E+00 
 0.345023931248131E+00  0.361881868661702E+00  0.747086861156452E+00 
 0.358420242955311E+00  0.348618601683639E+00  0.742130674702681E+00 
 0.372867308616933E+00  0.333121554638491E+00  0.740588694343468E+00 
 0.388138528454999E+00  0.315195943388852E+00  0.739325432436017E+00 
 0.403762669619456E+00  0.294916440066963E+00  0.737948229538794E+00 
 0.419184566928875E+00  0.272551460918213E+00  0.736536634661045E+00 
 0.433876717924997E+00  0.248497472105116E+00  0.735050449026946E+00 
 0.447512731289647E+00  0.223007523042790E+00  0.733433929461089E+00 
 0.460296763489963E+00  0.195261080404327E+00  0.733311469987756E+00 
 0.472938631199169E+00  0.162262291119831E+00  0.738070275302408E+00 
 0.482205832312994E+00  0.132202629638495E+00  0.730826908654284E+00 
 0.489580067804345E+00  0.101544853186625E+00  0.730531260429195E+00 
 0.495178025630071E+00  0.692728152532056E-01  0.729993302137341E+00 
 0.498688664711796E+00  0.361886126836295E-01  0.726933079715083E+00 
 0.333851539001422E+00  0.372213849697162E+00  0.723703097600434E+00 
 0.416101186831462E+00  0.277236004727828E+00  0.269082779090914E-01 
 0.404497827924691E+00  0.293907310566116E+00  0.483342178590304E-01 
 0.393964124194502E+00  0.307883531303087E+00  0.692835971356098E-01 
 0.384384766727569E+00  0.319762960812838E+00  0.905229162346784E-01 
 0.373877621357750E+00  0.331987235067661E+00  0.111046356566056E+00 
 0.362758035780712E+00  0.344102611842048E+00  0.130583560941453E+00 
 0.352272751508409E+00  0.354829407666127E+00  0.149892692456101E+00 
 0.342158706396660E+00  0.364592127777005E+00  0.168495671975371E+00 
 0.346946958893739E+00  0.360038619754029E+00  0.719175608215323E+00 
 0.360949008021219E+00  0.345999730648014E+00  0.715595283361729E+00 
 0.375860743543712E+00  0.329740354616732E+00  0.713176981324251E+00 
 0.391326967799665E+00  0.311228540260561E+00  0.711255937242316E+00 
 0.406941032915550E+00  0.290515052500942E+00  0.709564545888762E+00 
 0.422228221981050E+00  0.267812114294185E+00  0.707999288136627E+00 
 0.436807545572217E+00  0.243308791726020E+00  0.706568831561979E+00 
 0.450456230119268E+00  0.217000425683308E+00  0.705516590122292E+00 
 0.463047746529649E+00  0.188644598210003E+00  0.705303113324230E+00 
 0.474145229452701E+00  0.158701926224117E+00  0.705008704105171E+00 
 0.483215893061132E+00  0.128461670132116E+00  0.702372146806333E+00 
 0.490385892095059E+00  0.975790799000159E-01  0.700995794754287E+00 
 0.495640623225830E+00  0.658815042960520E-01  0.699508702286905E+00 
 0.498888606203426E+00  0.333190426093327E-01  0.697594256194132E+00 
 0.334671209915728E+00  0.371477026548807E+00  0.694717665799920E+00 
 0.348425985613769E+00  0.358607490927161E+00  0.690901039485671E+00 
 0.362906618008107E+00  0.343945906511355E+00  0.687634982104747E+00 
 0.378135048363599E+00  0.327129768133471E+00  0.684989248359703E+00 
 0.393776053766362E+00  0.308124032623539E+00  0.682785967113351E+00 
 0.409426467002196E+00  0.287001686611943E+00  0.680906616520339E+00 
 0.424659373764936E+00  0.263940175557970E+00  0.679263164333825E+00 
 0.439134190334124E+00  0.239084007996340E+00  0.677863931769415E+00 
 0.452577406469660E+00  0.212541034045655E+00  0.676765271811555E+00 
 0.464719417070356E+00  0.184488111806122E+00  0.675878687314317E+00 
 0.475262825884387E+00  0.155323038640077E+00  0.674681253739354E+00 
 0.484019331442752E+00  0.125400505540096E+00  0.672852515293427E+00 
 0.490928835769898E+00  0.948096947026674E-01  0.671156280062478E+00 
 0.495936749815868E+00  0.636139936026139E-01  0.669349695903106E+00 
 0.498980615649418E+00  0.319115215263711E-01  0.667338199479315E+00 
 0.335287681839484E+00  0.370920706360140E+00  0.665619866490855E+00 
 0.349526654147155E+00  0.357534778784799E+00  0.662133848280788E+00 
 0.364374980733723E+00  0.342389943507835E+00  0.659007266500717E+00 
 0.379852104526424E+00  0.325134400958814E+00  0.656297480586220E+00 
 0.395633404606132E+00  0.305735521586486E+00  0.653968124284401E+00 
 0.411321089003777E+00  0.284279724462979E+00  0.651976012978722E+00 
 0.426504521134592E+00  0.260948066579833E+00  0.650258689320456E+00 
 0.440847884162405E+00  0.235909183860084E+00  0.648779587304446E+00 
 0.454058318298200E+00  0.209358648219296E+00  0.647484215863922E+00 
 0.465881594053810E+00  0.181533303616392E+00  0.646220875908648E+00 
 0.476108926597515E+00  0.152709822913138E+00  0.644759357247192E+00 
 0.484608881473805E+00  0.123102526362004E+00  0.643018051164206E+00 
 0.491299305271556E+00  0.928708384784310E-01  0.641158780247609E+00 
 0.496121733414408E+00  0.621548520542246E-01  0.639134924847032E+00 
 0.499030497327540E+00  0.311217405848102E-01  0.636924125453852E+00 
 0.335737769960879E+00  0.370513359842390E+00  0.636273678845683E+00 
 0.350331678026935E+00  0.356746009607440E+00  0.633024136573159E+00 
 0.365456436037249E+00  0.341235392887303E+00  0.629993078315520E+00 
 0.381121126357601E+00  0.323645928514347E+00  0.627267167325078E+00 
 0.397008141681710E+00  0.303948244670758E+00  0.624867140245767E+00 
 0.412717974720369E+00  0.282247893424764E+00  0.622794046370989E+00 
 0.427850375413804E+00  0.258735494778485E+00  0.620991265662290E+00 
 0.442070445487444E+00  0.233610190759163E+00  0.619404135344690E+00 
 0.455097201272789E+00  0.207090650184104E+00  0.617939379698218E+00 
 0.466701583925666E+00  0.179414691598193E+00  0.616472439308964E+00 
 0.476715791215446E+00  0.150804689601587E+00  0.614866412399335E+00 
 0.485024318936249E+00  0.121455382920760E+00  0.613062541956658E+00 
 0.491550450813220E+00  0.915322582771818E-01  0.611066548614092E+00 
 0.496240464090029E+00  0.611996879053523E-01  0.608863653444832E+00 
 0.499061146938024E+00  0.306263222882561E-01  0.606456063706930E+00 
 0.336061559626094E+00  0.370219702530372E+00  0.606801996739048E+00 
 0.350913074986099E+00  0.356174134102689E+00  0.603718643449716E+00 
 0.366238325360862E+00  0.340396076706051E+00  0.600748590503579E+00 
 0.382040537728719E+00  0.322560114601838E+00  0.598004700502606E+00 
 0.398001241202188E+00  0.302646678490807E+00  0.595551128802258E+00 
 0.413723509778682E+00  0.280771895773791E+00  0.593404764735262E+00 
 0.428808831507090E+00  0.257143901388939E+00  0.591522945618576E+00 
 0.442933219073298E+00  0.231970177913812E+00  0.589835229358916E+00 
 0.455824970564280E+00  0.205483810092360E+00  0.588251905034695E+00 
 0.467278631307872E+00  0.177906381906444E+00  0.586656529561025E+00 
 0.477142265920399E+00  0.149449851362748E+00  0.584948611471365E+00 
 0.485313726830165E+00  0.120293751085482E+00  0.583052340251535E+00 
 0.452231055994397E+00  0.213276984211125E+00  0.297808869893484E-01 
 0.461228742792766E+00  0.193049337791675E+00  0.535197570601070E-01 
 0.468581580460566E+00  0.174445700586395E+00  0.764794563513421E-01 
 0.474567357570213E+00  0.157435139434708E+00  0.100216933994260E+00 
 0.480466191386153E+00  0.138391614395107E+00  0.123498400927761E+00 
 0.485899019580486E+00  0.117907348247352E+00  0.145902863044309E+00 
 0.490561439038385E+00  0.966926808429127E-01  0.167285353998285E+00 
 0.494445843423252E+00  0.743189607130590E-01  0.187142919935709E+00 
 0.497369619199839E+00  0.512197412821208E-01  0.205429490772186E+00 
 0.499116778523581E+00  0.297059151726096E-01  0.222725003969509E+00 
 0.499804291432958E+00  0.139882188001076E-01  0.236542439640493E+00 
 0.491721426861002E+00  0.906092620308797E-01  0.580932026741277E+00 
 0.496319449025308E+00  0.605557967432869E-01  0.578562321609698E+00 
 0.499081126183366E+00  0.302990014281474E-01  0.575957253529386E+00 
 0.336296316719759E+00  0.370006469349826E+00  0.577336806201259E+00 
 0.351332517359725E+00  0.355760400052730E+00  0.574342040961728E+00 
 0.366801504488582E+00  0.339789135060132E+00  0.571376434145404E+00 
 0.382700684320524E+00  0.321776609188117E+00  0.568594030664174E+00 
 0.398715399373319E+00  0.301705204301442E+00  0.566079990496855E+00 
 0.414443313360692E+00  0.279708312373106E+00  0.563869963129888E+00 
 0.429494517012889E+00  0.255996991888314E+00  0.561914947624269E+00 
 0.443546746896865E+00  0.230794894478211E+00  0.560152283774279E+00 
 0.456344167140407E+00  0.204328170150198E+00  0.558481916677301E+00 
 0.467689922325760E+00  0.176822330475888E+00  0.556804848140053E+00 
 0.477447349169716E+00  0.148472316513252E+00  0.555015326716212E+00 
 0.485519321476374E+00  0.119461242556412E+00  0.553035256212595E+00 
 0.491842637259744E+00  0.899489865055781E-01  0.550795915726616E+00 
 0.496375249159479E+00  0.600966889426100E-01  0.548260148396395E+00 
 0.499095548024255E+00  0.300605046925056E-01  0.545421329561889E+00 
 0.336474936105068E+00  0.369844044663545E+00  0.548020476715363E+00 
 0.351644138341336E+00  0.355452387768291E+00  0.544987993866533E+00 
 0.367215271546942E+00  0.339341928359444E+00  0.541950245741898E+00 
 0.383189438569090E+00  0.321194418022957E+00  0.539092476708839E+00 
 0.399245619476914E+00  0.301003214814219E+00  0.536514561270882E+00 
 0.414983111596804E+00  0.278906825103716E+00  0.534241136121476E+00 
 0.430008733709733E+00  0.255132296923287E+00  0.532231209664498E+00 
 0.444011268436838E+00  0.229899964117244E+00  0.530407905692396E+00 
 0.456737639992965E+00  0.203447114046025E+00  0.528683421248064E+00 
 0.468005344769536E+00  0.175985787116878E+00  0.526947531454810E+00 
 0.477681495851414E+00  0.147717258711212E+00  0.525103713136437E+00 
 0.485678738815580E+00  0.118811458464693E+00  0.523051691124725E+00 
 0.491936853611842E+00  0.894322763798490E-01  0.520709576660777E+00 
 0.434490838935218E+00  0.247422130945013E+00  0.346345915273630E-01 
 0.419577319840894E+00  0.271946451852441E+00  0.557614425471417E-01 
 0.408128819849469E+00  0.288844017435500E+00  0.714412513200979E-01 
 0.401383747880691E+00  0.298146083216349E+00  0.933691704482430E-01 
 0.391554157892360E+00  0.310942665836010E+00  0.115765909139789E+00 
 0.380498250254720E+00  0.324377991782883E+00  0.136786701760574E+00 
 0.369204013233558E+00  0.337177099774340E+00  0.156332581454877E+00 
 0.358693479221082E+00  0.348337462763159E+00  0.176592315907172E+00 
 0.347702922914418E+00  0.359308610245803E+00  0.195854460224304E+00 
 0.337073993497405E+00  0.369298149071602E+00  0.214727419604125E+00 
 0.496419654581926E+00  0.597287748473113E-01  0.517998902901022E+00 
 0.499107663534822E+00  0.298586704461276E-01  0.514848674499394E+00 
 0.336617478257127E+00  0.369714313128141E+00  0.518970097508466E+00 
 0.351880609274169E+00  0.355218294597617E+00  0.515689711979360E+00 
 0.367542627147823E+00  0.338987340809766E+00  0.512500066861774E+00 
 0.383586843792831E+00  0.320719711382158E+00  0.509546278278931E+00 
 0.399688043344762E+00  0.300415492288988E+00  0.506898151619818E+00 
 0.415437997633230E+00  0.278228808936983E+00  0.504575255619366E+00 
 0.430450304970745E+00  0.254386585634135E+00  0.502517811034704E+00 
 0.444412242548378E+00  0.229123893719362E+00  0.500658336020216E+00 
 0.457083766401345E+00  0.202668276975852E+00  0.498895197730810E+00 
 0.468284511683398E+00  0.175241593571393E+00  0.497130348364020E+00 
 0.477892750038487E+00  0.147032375552637E+00  0.495250570659797E+00 
 0.485823354257778E+00  0.118218731416478E+00  0.493155890620624E+00 
 0.492023589997846E+00  0.889538469411612E-01  0.490735345632209E+00 
 0.496460263470280E+00  0.593902920940767E-01  0.487879676824647E+00 
 0.499118367943878E+00  0.296791977829524E-01  0.484436152435129E+00 
 0.336668910188585E+00  0.369667478840688E+00  0.489980147625162E+00 
 0.352079688628832E+00  0.355020975232485E+00  0.486369286617326E+00 
 0.367853993683362E+00  0.338649434269719E+00  0.483031453851496E+00 
 0.383979904266861E+00  0.320249017358699E+00  0.479981551547157E+00 
 0.400132894983099E+00  0.299822724876625E+00  0.477278592457202E+00 
 0.415905947661164E+00  0.277528814179841E+00  0.474914360786812E+00 
 0.430907440599323E+00  0.253611469843422E+00  0.472830087021756E+00 
 0.444835326745600E+00  0.228301406213662E+00  0.470944204295418E+00 
 0.457451239540079E+00  0.201837467887518E+00  0.469168936952908E+00 
 0.468587354956817E+00  0.174430188828006E+00  0.467392041135718E+00 
 0.478123828020700E+00  0.146279202482213E+00  0.465508184451771E+00 
 0.485984663411228E+00  0.117553846934397E+00  0.463399619487832E+00 
 0.492120576891325E+00  0.884157101433301E-01  0.460951239663228E+00 
 0.496505615958124E+00  0.590099425693944E-01  0.458022576786849E+00 
 0.499129769577189E+00  0.294868296332788E-01  0.454427112713569E+00 
 0.336864266971607E+00  0.369489466206659E+00  0.460465332766944E+00 
 0.352378274014984E+00  0.354724614316826E+00  0.456990543863963E+00 
 0.368241190588386E+00  0.338228363024227E+00  0.453545119792918E+00 
 0.384454998872072E+00  0.319678516391507E+00  0.450428518477152E+00 
 0.400677151505895E+00  0.299095002066437E+00  0.447694055370778E+00 
 0.416479313098867E+00  0.276667637718430E+00  0.445313440005205E+00 
 0.431472681033626E+00  0.252648620660504E+00  0.443209969198635E+00 
 0.445357902911700E+00  0.227280307800947E+00  0.441319340767160E+00 
 0.457911489631876E+00  0.200791104541802E+00  0.439546419003038E+00 
 0.468968624724886E+00  0.173402505817098E+00  0.437787809636838E+00 
 0.478419801180279E+00  0.145308271748797E+00  0.435923047087004E+00 
 0.486192653966177E+00  0.116690630426465E+00  0.433843083579422E+00 
 0.492247554375546E+00  0.877060158215750E-01  0.431423745803930E+00 
 0.496565272769382E+00  0.585058106470527E-01  0.428526695827166E+00 
 0.499144853407178E+00  0.292303834584204E-01  0.424980285647738E+00 
 0.337095422651313E+00  0.369278588639435E+00  0.431851871557978E+00 
 0.352709528410508E+00  0.354395243433708E+00  0.427732391084318E+00 
 0.368731445813432E+00  0.337693827110203E+00  0.424055963015054E+00 
 0.385098821383960E+00  0.318902646224024E+00  0.420918301187067E+00 
 0.401420602037843E+00  0.298096461333535E+00  0.418205337862164E+00 
 0.417259146893894E+00  0.275490116580214E+00  0.415821580985899E+00 
 0.432231933278821E+00  0.251347480301779E+00  0.413710846475289E+00 
 0.446060678813903E+00  0.225897921230099E+00  0.411825518669272E+00 
 0.458529949127118E+00  0.199374736999156E+00  0.410086675043231E+00 
 0.469486289392336E+00  0.171996000164585E+00  0.408369029426929E+00 
 0.478823250050996E+00  0.143973244773470E+00  0.406553973194355E+00 
 0.486479549103572E+00  0.115488736697504E+00  0.404534953830783E+00 
 0.492424408229887E+00  0.867075670252935E-01  0.402208363127957E+00 
 0.496650537059603E+00  0.577775392207694E-01  0.399431573537342E+00 
 0.499167331269158E+00  0.288439836642999E-01  0.396087430582468E+00 
 0.337095815430031E+00  0.369278230091570E+00  0.403096480147398E+00 
 0.353089421833537E+00  0.354016751283408E+00  0.398086118317555E+00 
 0.369444758852152E+00  0.336913297684546E+00  0.394480708899885E+00 
 0.386047365407513E+00  0.317753728006326E+00  0.391523969456860E+00 
 0.402487624600638E+00  0.296654196065614E+00  0.388891943184473E+00 
 0.418342618494532E+00  0.273842022982483E+00  0.386498178421920E+00 
 0.433270813783060E+00  0.249552403161671E+00  0.384366617366347E+00 
 0.447015530984064E+00  0.224002488957234E+00  0.382514304666711E+00 
 0.459373946334573E+00  0.197422332650086E+00  0.380849073107301E+00 
 0.470193836842835E+00  0.170052214907695E+00  0.379208801952348E+00 
 0.479377869041669E+00  0.142115652456261E+00  0.377453043616833E+00 
 0.472190699100124E+00  0.164426104020427E+00  0.503634274072922E-01 
 0.477828601802901E+00  0.147240712097858E+00  0.740272999125277E-01 
 0.482939402569331E+00  0.129497233352599E+00  0.971838996607726E-01 
 0.487611952780112E+00  0.110610051559370E+00  0.119577834345076E+00 
 0.491638348282562E+00  0.910589616566909E-01  0.141015131879509E+00 
 0.494864277932001E+00  0.714796924086773E-01  0.161215862156046E+00 
 0.497566379109635E+00  0.492716792866502E-01  0.178948569050062E+00 
 0.499333277520859E+00  0.258123606103060E-01  0.196773261477499E+00 
 0.486875191912770E+00  0.113809259288970E+00  0.375521913608968E+00 
 0.492671479379258E+00  0.852925167072328E-01  0.373346990709783E+00 
 0.496772476534679E+00  0.567195429953507E-01  0.370739138412921E+00 
 0.499200929239377E+00  0.282565434287780E-01  0.367586987342664E+00 
 0.337548691031661E+00  0.368864312698874E+00  0.371036389726009E+00 
 0.353957457084996E+00  0.353148861776338E+00  0.367642657086877E+00 
 0.370664929999001E+00  0.335570424305891E+00  0.364949276247718E+00 
 0.387490932135360E+00  0.315991736462949E+00  0.362445011856947E+00 
 0.403995934164607E+00  0.294596818004653E+00  0.359867438415539E+00 
 0.419809541496475E+00  0.271587829013966E+00  0.357365777906738E+00 
 0.434655695968986E+00  0.247132405729634E+00  0.355191646163686E+00 
 0.448292153509002E+00  0.221436548704727E+00  0.353429211370521E+00 
 0.460504601082515E+00  0.194770409410244E+00  0.351929069058027E+00 
 0.471143433910501E+00  0.167403299498610E+00  0.350394897610188E+00 
 0.480120573727177E+00  0.139585940136842E+00  0.348670397911958E+00 
 0.487407377477184E+00  0.111508064196337E+00  0.346822991406706E+00 
 0.493006830353443E+00  0.833322580088382E-01  0.344913145940513E+00 
 0.496941477155525E+00  0.552192745559400E-01  0.342480125846401E+00 
 0.499247808464267E+00  0.274157936895293E-01  0.339318693571453E+00 
 0.338443971275116E+00  0.368043038661959E+00  0.338976974186165E+00 
 0.355481871900876E+00  0.351614332401068E+00  0.337486026505489E+00 
 0.372607918710657E+00  0.333411665833864E+00  0.336132041038829E+00 
 0.389577659549758E+00  0.313415454596184E+00  0.334052639567326E+00 
 0.405991135422045E+00  0.291841049132433E+00  0.331173242342184E+00 
 0.421676600900215E+00  0.268679817353743E+00  0.328348336991665E+00 
 0.436439256140674E+00  0.243968800667987E+00  0.326148618416541E+00 
 0.449960150376562E+00  0.218027207185484E+00  0.324640540894210E+00 
 0.461983872827478E+00  0.191235198766661E+00  0.323488547229165E+00 
 0.472374017156258E+00  0.163898712367301E+00  0.322057687931356E+00 
 0.481075518656891E+00  0.136258377170004E+00  0.320198880502526E+00 
 0.488100054886446E+00  0.108435863162742E+00  0.318379253888904E+00 
 0.493451226415325E+00  0.806590797691847E-01  0.317112324245190E+00 
 0.465791482869052E+00  0.181764392790914E+00  0.261329921763473E-01 
 0.497167150831690E+00  0.531490746288146E-01  0.314814680614222E+00 
 0.499306118817170E+00  0.263324839643831E-01  0.311188425930890E+00 
 0.339740965524445E+00  0.366846120797969E+00  0.308537163750952E+00 
 0.358105463934500E+00  0.348941938866994E+00  0.308372228030668E+00 
 0.375618280307205E+00  0.330016526099918E+00  0.309042960884695E+00 
 0.392327862209508E+00  0.309965882855061E+00  0.306632849148313E+00 
 0.408286203411645E+00  0.288621510119576E+00  0.302437454503206E+00 
 0.423897916024828E+00  0.265161378767361E+00  0.299220202180496E+00 
 0.438699938683927E+00  0.239879894527905E+00  0.297181181058111E+00 
 0.452125840020601E+00  0.213499940950029E+00  0.296286180080433E+00 
 0.463871803009070E+00  0.186609084379925E+00  0.295878132944314E+00 
 0.473887245649842E+00  0.159470619270153E+00  0.294352813754414E+00 
 0.482221943122060E+00  0.132143851811521E+00  0.291832505296155E+00 
 0.488996501642147E+00  0.104318844806401E+00  0.289810772851208E+00 
 0.494054842912326E+00  0.768753028929144E-01  0.290686994656055E+00 
 0.497450236751180E+00  0.504307639858354E-01  0.288023148830535E+00 
 0.499353731561511E+00  0.254135943068683E-01  0.282838770847993E+00 
 0.341370581470494E+00  0.365330160411780E+00  0.241777416797002E+00 
 0.356059809668064E+00  0.351029075632122E+00  0.255575579111297E+00 
 0.375980707148210E+00  0.329603561649950E+00  0.252635299630539E+00 
 0.396396394892076E+00  0.304745628543816E+00  0.252762644606506E+00 
 0.342227867191070E+00  0.364527210119974E+00  0.275001181298782E+00 
 0.363858809572358E+00  0.342938429891703E+00  0.281290422017160E+00 
 0.380212516263766E+00  0.324712861581391E+00  0.285561779850793E+00 
 0.394585076818877E+00  0.307087311935613E+00  0.278929605946741E+00 
 0.410458163112074E+00  0.285524248242881E+00  0.272586117516874E+00 
 0.426532516216711E+00  0.260902304723131E+00  0.269954702805552E+00 
 0.441642957227215E+00  0.234417359279555E+00  0.268185924014919E+00 
 0.455001558348404E+00  0.207300704052168E+00  0.268677872918482E+00 
 0.466224227305240E+00  0.180651515005082E+00  0.269916253023379E+00 
 0.475528086222613E+00  0.154509026317103E+00  0.267249447813876E+00 
 0.483376027118638E+00  0.127857797599527E+00  0.262776801738965E+00 
 0.490324102736678E+00  0.978890917082774E-01  0.259304244261268E+00 
 0.495050149299848E+00  0.701808355478801E-01  0.268362385013021E+00 
 0.497574264972360E+00  0.491919793992366E-01  0.260786119854104E+00 
 0.499320567937941E+00  0.260570611184721E-01  0.252932827209596E+00 
 0.499519637301315E+00  0.219119134345336E-01  0.213681907658159E-01 
 0.499266898039184E+00  0.270659291791605E-01  0.447569200874790E-01 
 0.497899078121943E+00  0.457876403117620E-01  0.226850657595647E-01 
 0.499535474932338E+00  0.215478371101117E-01  0.886588783569717E-01 
 0.476367046456074E+00  0.151902722328194E+00  0.247121814016159E-01 
 0.481070849421656E+00  0.136274861352804E+00  0.486755700133680E-01 
 0.485502396631206E+00  0.119530008221180E+00  0.718917320285676E-01 
 0.489539806204965E+00  0.101738774028421E+00  0.943946841417865E-01 
 0.493036704931938E+00  0.831553220777694E-01  0.116095507932160E+00 
 0.495803143557187E+00  0.646470636518915E-01  0.136713462483644E+00 
 0.497598833692068E+00  0.489428310204199E-01  0.155428865998763E+00 
 0.499411297759637E+00  0.242560439897995E-01  0.165257813485612E+00 
 0.498687230533145E+00  0.362083706231215E-01  0.674767590367391E-01 
 0.497012048181578E+00  0.545804357105434E-01  0.455343325509123E-01 
 0.494890630488781E+00  0.712970115391748E-01  0.229822732155657E-01 
 0.499271448986555E+00  0.269818499526171E-01  0.111882584302242E+00 
 0.497810203302387E+00  0.467439994869481E-01  0.903826361200931E-01 
 0.495842775009867E+00  0.643423847126817E-01  0.685936678155517E-01 
 0.493293452880893E+00  0.816184375300507E-01  0.463514380721307E-01 
 0.490374551322098E+00  0.976360559201946E-01  0.235609364205697E-01 
 0.498701172390084E+00  0.360158389705839E-01  0.136009816123910E+00 
 0.496924078006643E+00  0.553756327029121E-01  0.113711874904807E+00 
 0.494480682452642E+00  0.740868050409083E-01  0.921169967178932E-01 
 0.491479867307621E+00  0.919105001144267E-01  0.700717356999558E-01 
 0.488029933268759E+00  0.108751019460469E+00  0.474335828152225E-01 
 0.484382058924890E+00  0.123992019870975E+00  0.241160487427968E-01 
 0.321400000806898E+00  0.344847792862398E+00  0.206675899053722E-01 
 0.321400000806898E+00  0.344847792862398E+00  0.514383497542187E-01 
 0.321400000806898E+00  0.344847792862398E+00  0.829284265863268E-01 
 0.321400000806898E+00  0.344847792862398E+00  0.114876185325888E+00 
 0.321400000806898E+00  0.344847792862398E+00  0.147641031215779E+00 
 0.321400000806898E+00  0.344847792862398E+00  0.179554832615748E+00 
 0.321400000806898E+00  0.344847792862398E+00  0.208505763751886E+00 
 0.321400000806898E+00  0.344847792862398E+00  0.239309102941742E+00 
 0.321400000806898E+00  0.344847792862398E+00  0.269088964651943E+00 
 0.321400000806898E+00  0.344847792862398E+00  0.293773616742892E+00 
 0.321400000806898E+00  0.344847792862398E+00  0.318153701117941E+00 
 0.321400000806898E+00  0.344847792862398E+00  0.361324232392105E+00 
 0.321400000806898E+00  0.344847792862398E+00  0.402807759021806E+00 
 0.321400000806898E+00  0.344847792862398E+00  0.429768642912986E+00 
 0.321400000806898E+00  0.344847792862398E+00  0.454841669829693E+00 
 0.321400000806898E+00  0.344847792862398E+00  0.485207711001790E+00 
 0.321400000806898E+00  0.344847792862398E+00  0.514532688342389E+00 
 0.321400000806898E+00  0.344847792862398E+00  0.543956373266014E+00 
 0.321400000806898E+00  0.344847792862398E+00  0.573725314371136E+00 
 0.321400000806898E+00  0.344847792862398E+00  0.603691158921878E+00 
 0.321400000806898E+00  0.344847792862398E+00  0.633719079008557E+00 
 0.321400000806898E+00  0.344847792862398E+00  0.663718327089330E+00 
 0.321400000806898E+00  0.344847792862398E+00  0.693638875825291E+00 
 0.321400000806898E+00  0.344847792862398E+00  0.723538215640747E+00 
 0.321400000806898E+00  0.344847792862398E+00  0.753842258949859E+00 
 0.321400000806898E+00  0.344847792862398E+00  0.785474340418961E+00 
 0.321400000806898E+00  0.344847792862398E+00  0.811404682189958E+00 
 0.321400000806898E+00  0.344847792862398E+00  0.841409020096270E+00 
 0.321400000806898E+00  0.344847792862398E+00  0.880843092551059E+00 
 0.321400000806898E+00  0.344847792862398E+00  0.913268132225241E+00 
 0.321400000806898E+00  0.344847792862398E+00  0.941789008237949E+00 
 0.321400000806898E+00  0.344847792862398E+00  0.963426628978598E+00 
 0.321400000806898E+00  0.344847792862398E+00  0.982820676369890E+00 
 0.321400000806898E+00  0.357464583957551E+00  0.899516244068205E+00 
 0.321400000806898E+00  0.370279515022502E+00  0.886528596799918E+00 
 0.321400000806898E+00  0.364163393849073E+00  0.835593385531780E+00 
 0.321400000806898E+00  0.357481433298648E+00  0.714560278545466E+00 
 0.321400000806898E+00  0.370338749547259E+00  0.706549263099719E+00 
 0.321400000806898E+00  0.357538403429827E+00  0.655110933629597E+00 
 0.321400000806898E+00  0.370369155344198E+00  0.647273922693380E+00 
 0.321400000806898E+00  0.357543674372805E+00  0.595284185239809E+00 
 0.321400000806898E+00  0.370371088932697E+00  0.587647316233358E+00 
 0.321400000806898E+00  0.357560102257483E+00  0.507381342419824E+00 
 0.321400000806898E+00  0.370443289953152E+00  0.501365526834224E+00 
 0.321400000806898E+00  0.364022910563038E+00  0.455679638857754E+00 
 0.321400000806898E+00  0.362813837387373E+00  0.368521628454960E+00 
 0.321400000806898E+00  0.357594671762307E+00  0.197652808383616E+00 
 0.321400000806898E+00  0.370470653299695E+00  0.185942015984273E+00 
 0.321400000806898E+00  0.357508985288709E+00  0.133967994556568E+00 
 0.321400000806898E+00  0.370433767753800E+00  0.120343978888792E+00 
 0.321400000806898E+00  0.357444881372448E+00  0.696265083401630E-01 
 0.321400000806898E+00  0.370169532821447E+00  0.568096238915375E-01 
 0.321400000806898E+00  0.367721582875058E+00  0.980023532825814E+00 
 0.321400000806898E+00  0.357204255570253E+00  0.964396414975262E+00 
 0.321400000806898E+00  0.370006193178511E+00  0.954304048201659E+00 
 0.321400000806898E+00  0.357625775913467E+00  0.931253437584841E+00 
 0.321400000806898E+00  0.370457809818983E+00  0.917793413706580E+00 
 0.321400000806898E+00  0.357479501981487E+00  0.867021714962947E+00 
 0.321400000806898E+00  0.369651274079641E+00  0.284844221554660E-01 
 0.321400000806898E+00  0.357342769919834E+00  0.394034140349805E-01 
 0.321400000806898E+00  0.371361186089995E+00  0.859437557497256E+00 
 0.321400000806898E+00  0.357234821275350E+00  0.808277393944288E+00 
 0.321400000806898E+00  0.370110522620512E+00  0.800566609558858E+00 
 0.321400000806898E+00  0.357571374038362E+00  0.775471382786034E+00 
 0.321400000806898E+00  0.370358254497454E+00  0.764048164940104E+00 
 0.321400000806898E+00  0.357439095749482E+00  0.744176235448223E+00 
 0.321400000806898E+00  0.370236277458833E+00  0.735306066155498E+00 
 0.321400000806898E+00  0.357528549238157E+00  0.684940059095690E+00 
 0.321400000806898E+00  0.370363974292429E+00  0.677046108293913E+00 
 0.321400000806898E+00  0.357541418533392E+00  0.625189755638769E+00 
 0.321400000806898E+00  0.370370656358311E+00  0.617430719896930E+00 
 0.321400000806898E+00  0.357546543386562E+00  0.565524548587784E+00 
 0.321400000806898E+00  0.370370451337916E+00  0.558087630716041E+00 
 0.321400000806898E+00  0.357547541086041E+00  0.536115043776368E+00 
 0.321400000806898E+00  0.370366621294479E+00  0.529051011093498E+00 
 0.321400000806898E+00  0.358259798783230E+00  0.479979374050269E+00 
 0.321400000806898E+00  0.371967044862276E+00  0.478141591836528E+00 
 0.321400000806898E+00  0.356892180046776E+00  0.428900114873803E+00 
 0.321400000806898E+00  0.369776831288276E+00  0.426734569525697E+00 
 0.321400000806898E+00  0.358203894121992E+00  0.397336764494093E+00 
 0.321400000806898E+00  0.371747142688882E+00  0.394448264943878E+00 
 0.321400000806898E+00  0.357290810789318E+00  0.333448791916830E+00 
 0.321400000806898E+00  0.370683845653573E+00  0.346634246111652E+00 
 0.321400000806898E+00  0.356618222332002E+00  0.297191780398474E+00 
 0.321400000806898E+00  0.370040388578897E+00  0.305762690675969E+00 
 0.321400000806898E+00  0.370508085696120E+00  0.868776750988291E-01 
 0.321400000806898E+00  0.357567709544945E+00  0.101192578692902E+00 
 0.321400000806898E+00  0.358147585051468E+00  0.262472169042493E+00 
 0.321400000806898E+00  0.370848643713858E+00  0.251860799575702E+00 
 0.321400000806898E+00  0.357639365577657E+00  0.229059744646758E+00 
 0.321400000806898E+00  0.370438096727969E+00  0.217894372629711E+00 
 0.321400000806898E+00  0.357536190118370E+00  0.166449463945874E+00 
 0.321400000806898E+00  0.370444202081061E+00  0.153388083868124E+00 
 0.471400000806917E+00 -0.173472347597681E-16  0.188459616621114E-01 
 0.471400000806917E+00 -0.173472347597681E-16  0.468925277000740E-01 
 0.471400000806917E+00 -0.173472347597681E-16  0.778654718311672E-01 
 0.471400000806917E+00 -0.173472347597681E-16  0.109449522014053E+00 
 0.471400000806917E+00 -0.173472347597681E-16  0.137235104943861E+00 
 0.471400000806917E+00 -0.173472347597681E-16  0.168209403308622E+00 
 0.471400000806917E+00 -0.173472347597681E-16  0.196459641450348E+00 
 0.471400000806917E+00 -0.173472347597681E-16  0.228619900747861E+00 
 0.471400000806917E+00 -0.173472347597681E-16  0.257109753061059E+00 
 0.471400000806917E+00 -0.173472347597681E-16  0.289199585880834E+00 
 0.471400000806917E+00 -0.173472347597681E-16  0.318377833443394E+00 
 0.471400000806917E+00 -0.173472347597681E-16  0.346735483701247E+00 
 0.471400000806917E+00 -0.173472347597681E-16  0.374097205739600E+00 
 0.471400000806917E+00 -0.173472347597681E-16  0.400331579892559E+00 
 0.471400000806917E+00 -0.173472347597681E-16  0.427108189285445E+00 
 0.471400000806917E+00 -0.173472347597681E-16  0.458065674621769E+00 
 0.471400000806917E+00 -0.173472347597681E-16  0.488490060400470E+00 
 0.471400000806917E+00 -0.173472347597681E-16  0.523011948890962E+00 
 0.471400000806917E+00 -0.173472347597681E-16  0.554157892361676E+00 
 0.471400000806917E+00 -0.173472347597681E-16  0.583768685884695E+00 
 0.471400000806917E+00 -0.173472347597681E-16  0.616315557110855E+00 
 0.471400000806917E+00 -0.173472347597681E-16  0.644880296914434E+00 
 0.471400000806917E+00 -0.173472347597681E-16  0.676643376700314E+00 
 0.471400000806917E+00 -0.173472347597681E-16  0.705616959181039E+00 
 0.471400000806917E+00 -0.173472347597681E-16  0.739644296733594E+00 
 0.471400000806917E+00 -0.173472347597681E-16  0.771426311667330E+00 
 0.471400000806917E+00 -0.173472347597681E-16  0.806022707308522E+00 
 0.471400000806917E+00 -0.173472347597681E-16  0.837947707402848E+00 
 0.471400000806917E+00 -0.173472347597681E-16  0.864940632026602E+00 
 0.471400000806917E+00 -0.173472347597681E-16  0.896432080060201E+00 
 0.471400000806917E+00 -0.173472347597681E-16  0.929253262847768E+00 
 0.471400000806917E+00 -0.173472347597681E-16  0.957013754569103E+00 
 0.471400000806917E+00 -0.173472347597681E-16  0.982752414937803E+00 
 0.440376928699770E+00  0.168184783585488E+00  0.929195371777983E+00 
 0.414036894262899E+00  0.225369498712393E+00  0.899618637454078E+00 
 0.416436628962044E+00  0.220903813501422E+00  0.929989812940719E+00 
 0.434854402309352E+00  0.181987937932482E+00  0.108512108587014E+00 
 0.428633737882573E+00  0.196191435872099E+00  0.822451391463308E-01 
 0.441323953564354E+00  0.165683821693813E+00  0.801965831256963E-01 
 0.467835319729066E+00  0.578625472542197E-01  0.826630479828140E+00 
 0.380764958276403E+00  0.277913668806528E+00  0.880925304415833E+00 
 0.450768379727991E+00  0.137934145874551E+00  0.155646848917997E+00 
 0.463991471003410E+00  0.832458743532593E-01  0.818882502207220E+00 
 0.463298544038176E+00  0.870196521071708E-01  0.848212058711623E+00 
 0.457951748459253E+00  0.111795155726251E+00  0.824819975433036E+00 
 0.460155710953187E+00  0.102345896048215E+00  0.875677473913874E+00 
 0.453310735705365E+00  0.129334209144379E+00  0.859038990517482E+00 
 0.448220094690164E+00  0.146002422845240E+00  0.827327116453251E+00 
 0.454625272076341E+00  0.124634757392367E+00  0.894158131101681E+00 
 0.449498486273405E+00  0.142017856619008E+00  0.917316682587626E+00 
 0.442700855617543E+00  0.161968864897655E+00  0.892080443622932E+00 
 0.440647948293415E+00  0.167473420056866E+00  0.857120222871759E+00 
 0.436791091808038E+00  0.177289319694907E+00  0.827865322365338E+00 
 0.439872679882806E+00  0.169499221984817E+00  0.961587834083414E+00 
 0.429895592920443E+00  0.193410806182908E+00  0.849092794930180E+00 
 0.469905379325010E+00  0.375086022420869E-01  0.201139860617006E-01 
 0.470779004223062E+00  0.241886325259464E-01  0.382862813638853E-01 
 0.426581040737107E+00  0.200615494028723E+00  0.876854635913810E+00 
 0.428742535955088E+00  0.195953562416053E+00  0.911597679159555E+00 
 0.428887182845505E+00  0.195636768404070E+00  0.944571429150565E+00 
 0.425820004210843E+00  0.202225826181079E+00  0.829167978776153E+00 
 0.404231048569146E+00  0.242518494415228E+00  0.918366328520697E+00 
 0.417430192225874E+00  0.219020536432117E+00  0.847509514139643E+00 
 0.408131670854345E+00  0.235895103820282E+00  0.871100825777254E+00 
 0.395701895582527E+00  0.256199083903775E+00  0.895233440252845E+00 
 0.399585622309441E+00  0.250098562979310E+00  0.840019538792587E+00 
 0.392594091964974E+00  0.260936466816992E+00  0.867019777649805E+00 
 0.375510913310656E+00  0.284972831591595E+00  0.852176462600005E+00 
 0.433025395030609E+00  0.186298062306955E+00  0.784579375862388E+00 
 0.422004740898855E+00  0.210071319840744E+00  0.788453763306626E+00 
 0.408432589858920E+00  0.235373703505460E+00  0.788337038823305E+00 
 0.399115804304275E+00  0.250847634063571E+00  0.737055780637078E+00 
 0.397364393154765E+00  0.253612893626260E+00  0.680917186300166E+00 
 0.397840347068335E+00  0.252865614517447E+00  0.619121508360099E+00 
 0.394233071866228E+00  0.258453566057147E+00  0.525015315782814E+00 
 0.443647982315366E+00  0.159356294347742E+00  0.474042594729559E+00 
 0.431074174075241E+00  0.190769539513233E+00  0.474898411402365E+00 
 0.418896109487350E+00  0.216203631368912E+00  0.476995919181821E+00 
 0.431465003918135E+00  0.189883941276416E+00  0.365513044873656E+00 
 0.419794912884911E+00  0.214453239370947E+00  0.368424733298297E+00 
 0.404964122756038E+00  0.241292395323958E+00  0.369751574181513E+00 
 0.392567159817292E+00  0.260976983264276E+00  0.289749613614187E+00 
 0.466165562731357E+00  0.700544708359458E-01  0.225878390634823E-01 
 0.468499360699082E+00  0.522140765052319E-01  0.433584096096030E-01 
 0.470413702620790E+00  0.304780108821612E-01  0.613178695874608E-01 
 0.390386222556046E+00  0.264228230889809E+00  0.232831048622068E+00 
 0.358106201314157E+00  0.306558166325868E+00  0.164112710386391E+00 
 0.373952505766345E+00  0.287014780441367E+00  0.177305674126339E+00 
 0.375139933697174E+00  0.285461014687495E+00  0.146096726775043E+00 
 0.403728504116406E+00  0.243354177536917E+00  0.182532536510333E+00 
 0.393608832854996E+00  0.259403252599627E+00  0.159272876708805E+00 
 0.390720635088709E+00  0.263733475456972E+00  0.125016675357975E+00 
 0.416597602625868E+00  0.220600086688835E+00  0.184965021439235E+00 
 0.413402788588388E+00  0.226530561179030E+00  0.159015983770754E+00 
 0.408355843708653E+00  0.235506827225317E+00  0.131033222399553E+00 
 0.403751981795033E+00  0.243315223439315E+00  0.101829977862347E+00 
 0.429568506181966E+00  0.194136187397756E+00  0.168514397898024E+00 
 0.425331183244051E+00  0.203251925749690E+00  0.135688438669088E+00 
 0.419817125834990E+00  0.214409751682124E+00  0.106870144634460E+00 
 0.414570096355350E+00  0.224387156425359E+00  0.796141436916907E-01 
 0.469228968788449E+00  0.451899945836288E-01  0.149341787784609E+00 
 0.466143911543937E+00  0.701983937940549E-01  0.134902544118084E+00 
 0.456591610261775E+00  0.117226542213364E+00  0.128986472953408E+00 
 0.457005590513690E+00  0.115602123682811E+00  0.979222156307731E-01 
 0.442497760186724E+00  0.162522899895592E+00  0.167378758152407E+00 
 0.441691342801480E+00  0.164701907866804E+00  0.137068150396217E+00 
 0.447961423944355E+00  0.146794153216282E+00  0.105616910571087E+00 
 0.452108138121297E+00  0.133477309701818E+00  0.763720223449120E-01 
 0.422980803232403E+00  0.208099016954942E+00  0.594343651003904E-01 
 0.434554692408654E+00  0.182702435852293E+00  0.549689974842218E-01 
 0.446331181867337E+00  0.151678729074467E+00  0.522947471101587E-01 
 0.470911559773645E+00  0.214537556685442E-01  0.150110072136617E+00 
 0.470926244571321E+00  0.211289596214703E-01  0.212701565880146E+00 
 0.470964407993595E+00  0.202604828169422E-01  0.274292962824811E+00 
 0.470936006552937E+00  0.209102485089246E-01  0.368261915555566E+00 
 0.470883236904859E+00  0.220666708575503E-01  0.392091125100090E+00 
 0.470934360593870E+00  0.209472855705842E-01  0.439815404985870E+00 
 0.470884439042018E+00  0.220410033532389E-01  0.416712719345512E+00 
 0.470849939453094E+00  0.227660993090755E-01  0.507856324894800E+00 
 0.459853471039886E+00  0.103695447987428E+00  0.242687092389902E-01 
 0.463652413538798E+00  0.851140422045289E-01  0.472742952986301E-01 
 0.466844577788456E+00  0.653766085864388E-01  0.688420766617355E-01 
 0.469437223789690E+00  0.429727085644789E-01  0.857322350048639E-01 
 0.470748818912189E+00  0.247691391354699E-01  0.102260199332230E+00 
 0.471036261139550E+00  0.185148981203651E-01  0.602214492702646E+00 
 0.471146640198091E+00  0.154532906135125E-01  0.661507052841179E+00 
 0.471011570701011E+00  0.191327213563573E-01  0.723138163806353E+00 
 0.471078107937475E+00  0.174177203669832E-01  0.788721646095080E+00 
 0.470809171099956E+00  0.235941765888490E-01  0.933402986132735E+00 
 0.467131119340845E+00  0.632967463943813E-01  0.979423457147195E+00 
 0.470161834824498E+00  0.341439575210202E-01  0.967346822158577E+00 
 0.469934481777509E+00  0.371422077593724E-01  0.910607721962103E+00 
 0.468419683780322E+00  0.529241023342494E-01  0.933538907478594E+00 
 0.465903042067067E+00  0.717796360634364E-01  0.954854392612357E+00 
 0.462660920563877E+00  0.903483997851216E-01  0.976512533425957E+00 
 0.470807681529754E+00  0.236238814192499E-01  0.862159188289859E+00 
 0.469431925975774E+00  0.430305430527511E-01  0.884058977448643E+00 
 0.466962844399166E+00  0.645264497038708E-01  0.905995251452191E+00 
 0.463907107367336E+00  0.837147328420670E-01  0.928373595878537E+00 
 0.459960708913977E+00  0.103218733842732E+00  0.950836479123491E+00 
 0.455923794518477E+00  0.119797555703843E+00  0.975030569663924E+00 
 0.470529508383559E+00  0.286346381339195E-01  0.832599582744062E+00 
 0.468459464956271E+00  0.525708137052069E-01  0.855399518266773E+00 
 0.465563978181786E+00  0.739468929725693E-01  0.878285245914684E+00 
 0.461907833671358E+00  0.941228662641531E-01  0.901353228975398E+00 
 0.457307490797927E+00  0.114402008814735E+00  0.923431582416191E+00 
 0.450766820504849E+00  0.137939241308229E+00  0.947662157012996E+00 
 0.448048257143692E+00  0.146528905104897E+00  0.976482122030124E+00 
 0.339237146266560E+00  0.327316543049168E+00  0.977710241791054E+00 
 0.356993744632233E+00  0.307852930884522E+00  0.972110004182196E+00 
 0.340005174009706E+00  0.326518670840377E+00  0.953543083145587E+00 
 0.386639075353766E+00  0.269681638548718E+00  0.977904970758930E+00 
 0.373089932336768E+00  0.288135147369564E+00  0.963067013732756E+00 
 0.357719702271030E+00  0.307009080269395E+00  0.943820589128045E+00 
 0.340654619785058E+00  0.325841051403647E+00  0.926623168981896E+00 
 0.401313473024399E+00  0.247316512044454E+00  0.972539490276290E+00 
 0.388502935433748E+00  0.266989568935001E+00  0.952387022700962E+00 
 0.374627086488375E+00  0.286133721937778E+00  0.934163136764079E+00 
 0.359524014862720E+00  0.304894151301274E+00  0.914822904848769E+00 
 0.450940070297079E+00  0.137371808465950E+00  0.255879385988911E-01 
 0.456206420033285E+00  0.118716734629775E+00  0.499357717813588E-01 
 0.460741952571519E+00  0.996735366149386E-01  0.735602351770455E-01 
 0.464623801711390E+00  0.796409671212161E-01  0.100293668164697E+00 
 0.468742227563825E+00  0.499868468624031E-01  0.110494160127728E+00 
 0.470486144810216E+00  0.293385122723427E-01  0.127325491414531E+00 
 0.342315708325962E+00  0.324095536214295E+00  0.895872628329638E+00 
 0.470086759963106E+00  0.351624639086269E-01  0.805256260134996E+00 
 0.467108446321397E+00  0.634638490477527E-01  0.796800272664646E+00 
 0.461804854317226E+00  0.946268317645258E-01  0.795910891534242E+00 
 0.454028946348358E+00  0.126789891704903E+00  0.797071317714634E+00 
 0.442557245929444E+00  0.162360847608298E+00  0.796486152395595E+00 
 0.429704418344577E+00  0.193835171256123E+00  0.807269270134202E+00 
 0.415092991042254E+00  0.223418373345473E+00  0.815696847941517E+00 
 0.399807586655288E+00  0.249743577322048E+00  0.810562267247978E+00 
 0.382938208538838E+00  0.274911420646363E+00  0.818080108795928E+00 
 0.360510339004881E+00  0.303727272781553E+00  0.825433449705389E+00 
 0.344675885101228E+00  0.321584351283486E+00  0.803189145004015E+00 
 0.428848733074725E+00  0.195721038472988E+00  0.975081762369442E+00 
 0.416050063508704E+00  0.221631011853363E+00  0.961165102619327E+00 
 0.403176040934262E+00  0.244268378586575E+00  0.943790663069319E+00 
 0.390589513561047E+00  0.263927627687747E+00  0.924893359386551E+00 
 0.377517314747405E+00  0.282309471726762E+00  0.906146811327781E+00 
 0.363324841356513E+00  0.300354824189655E+00  0.884128281108792E+00 
 0.346454140237379E+00  0.319667779848258E+00  0.858763296690422E+00 
 0.339364284874936E+00  0.327184722919730E+00  0.828446234658699E+00 
 0.391779893829075E+00  0.262157348842287E+00  0.788025847768355E+00 
 0.369678186063870E+00  0.292499571810389E+00  0.790598699456768E+00 
 0.350846933956663E+00  0.314840260598838E+00  0.777300960543165E+00 
 0.450215268738970E+00  0.139728925262584E+00  0.730796191508054E+00 
 0.438213577309959E+00  0.173743550734836E+00  0.729720386167667E+00 
 0.427578865818667E+00  0.198479908973085E+00  0.743659747828646E+00 
 0.414255056951889E+00  0.224968238981704E+00  0.739956802710887E+00 
 0.469806081037124E+00  0.387325054866917E-01  0.741697270034027E+00 
 0.466726799746146E+00  0.662121979658351E-01  0.732604155332776E+00 
 0.460434976217283E+00  0.101082112347020E+00  0.741095183234853E+00 
 0.470132442316832E+00  0.345463086587602E-01  0.771774510190812E+00 
 0.465809173274206E+00  0.723862891323187E-01  0.765120987429954E+00 
 0.459171761391075E+00  0.106673587648312E+00  0.772403182893388E+00 
 0.451377239200923E+00  0.135928469027253E+00  0.765430798720014E+00 
 0.439370440332290E+00  0.170796887919394E+00  0.760175074228035E+00 
 0.427953804980541E+00  0.197670183799731E+00  0.767520468766646E+00 
 0.417146019843471E+00  0.219561287319721E+00  0.764797503527440E+00 
 0.402978020835863E+00  0.244594921214548E+00  0.763048838589111E+00 
 0.385919073257892E+00  0.270710970698467E+00  0.761042577296118E+00 
 0.366860411395402E+00  0.296026011207681E+00  0.757182761714655E+00 
 0.345808232661506E+00  0.320366394904743E+00  0.752847681115087E+00 
 0.382589653179456E+00  0.275396292714261E+00  0.732568215726798E+00 
 0.364040414770458E+00  0.299487123553729E+00  0.728186982412616E+00 
 0.343580174975053E+00  0.322754742993574E+00  0.724853877092943E+00 
 0.450733752072194E+00  0.138047258225804E+00  0.670412583457729E+00 
 0.438635900880629E+00  0.172674570274198E+00  0.680959711822532E+00 
 0.427319549369429E+00  0.199037593151270E+00  0.671569314627812E+00 
 0.412638494552671E+00  0.227919796362772E+00  0.690479832245759E+00 
 0.470422362935570E+00  0.303440473709328E-01  0.676081191743254E+00 
 0.467826533787938E+00  0.579335398944981E-01  0.677603759277729E+00 
 0.461189452624893E+00  0.975820144714045E-01  0.679909198508728E+00 
 0.469922347189752E+00  0.372954202605507E-01  0.705043543295895E+00 
 0.464819641415257E+00  0.784898828852435E-01  0.707460418389819E+00 
 0.424269599651269E+00  0.205458676070139E+00  0.304283300704524E-01 
 0.410920744192616E+00  0.231002386898768E+00  0.518403637629514E-01 
 0.399435685452013E+00  0.250337959463243E+00  0.730191880934168E-01 
 0.387053925194648E+00  0.269085896605809E+00  0.945137979240819E-01 
 0.373254289826934E+00  0.287922204573606E+00  0.115679567671916E+00 
 0.357955214313836E+00  0.306734454058017E+00  0.134697753197528E+00 
 0.342975895136173E+00  0.323396809069412E+00  0.151618982303697E+00 
 0.331583927153832E+00  0.335067247002720E+00  0.165044663370676E+00 
 0.458671396265145E+00  0.108804921804697E+00  0.712561587846352E+00 
 0.453199129793750E+00  0.129724745191227E+00  0.698695966268700E+00 
 0.443891846045955E+00  0.158675737826090E+00  0.703654587722227E+00 
 0.427178528270813E+00  0.199340075612318E+00  0.709461280274153E+00 
 0.410286187662095E+00  0.232127561858659E+00  0.717033138102478E+00 
 0.397141026518929E+00  0.253962528370289E+00  0.709587651934914E+00 
 0.380869689642916E+00  0.277770121273049E+00  0.703695355281629E+00 
 0.362519385432011E+00  0.301326493934289E+00  0.698960119539245E+00 
 0.342597743765800E+00  0.323797385300314E+00  0.695554868815058E+00 
 0.380369170167106E+00  0.278455122321573E+00  0.674221719886124E+00 
 0.361867962860518E+00  0.302108487494001E+00  0.669255765819602E+00 
 0.342169016405475E+00  0.324250404738138E+00  0.665757854917538E+00 
 0.454063156792396E+00  0.126667321770319E+00  0.607712968849602E+00 
 0.443742458169083E+00  0.159093028064711E+00  0.615176155151370E+00 
 0.430016433477490E+00  0.193141988443842E+00  0.606037319575905E+00 
 0.414520032740094E+00  0.224479627623297E+00  0.627013492158452E+00 
 0.469888685854100E+00  0.377171534854386E-01  0.621089428720945E+00 
 0.466312122594003E+00  0.690721729976885E-01  0.617427721605464E+00 
 0.460563792499857E+00  0.100493551031368E+00  0.614346410800956E+00 
 0.470315459767856E+00  0.319582393771106E-01  0.647870053859659E+00 
 0.466846364051617E+00  0.653638518795465E-01  0.647968675086358E+00 
 0.460709936615827E+00  0.998214158594540E-01  0.645178367983826E+00 
 0.452606717535777E+00  0.131776780967780E+00  0.635345688696095E+00 
 0.440980818661516E+00  0.166594952904820E+00  0.651225269421158E+00 
 0.428863062047501E+00  0.195689638897881E+00  0.638648652275130E+00 
 0.413545077673965E+00  0.226270699588737E+00  0.659616795231923E+00 
 0.397694189320568E+00  0.253095421810421E+00  0.650573237581048E+00 
 0.380197351229741E+00  0.278689674869063E+00  0.644026971898500E+00 
 0.361524608571963E+00  0.302519285596179E+00  0.639163081845220E+00 
 0.341927452157704E+00  0.324505128190107E+00  0.635724666853024E+00 
 0.379843820773472E+00  0.279171331946792E+00  0.613378994028924E+00 
 0.439518955430435E+00  0.170414343815536E+00  0.270318704393384E-01 
 0.361119589862623E+00  0.303002644506917E+00  0.608837048326738E+00 
 0.341671664273495E+00  0.324774436483718E+00  0.605585775640815E+00 
 0.470010071475897E+00  0.361731042621241E-01  0.587008900601902E+00 
 0.465758942375207E+00  0.727087914785817E-01  0.586321729221980E+00 
 0.459465956641979E+00  0.105399219389026E+00  0.586560132248937E+00 
 0.451391835762694E+00  0.135879988841351E+00  0.585058330372398E+00 
 0.441511502865622E+00  0.165183393832671E+00  0.583477317755721E+00 
 0.430805598592906E+00  0.191375277875041E+00  0.577060901079306E+00 
 0.415886196065546E+00  0.221938353339102E+00  0.590825039390938E+00 
 0.396814902385428E+00  0.254471794125758E+00  0.587781986472828E+00 
 0.378984634473453E+00  0.280336596957583E+00  0.582590467105511E+00 
 0.360477040380665E+00  0.303766792324523E+00  0.578407659226140E+00 
 0.341303901643642E+00  0.325160894763752E+00  0.575445417135494E+00 
 0.448270888382208E+00  0.145846396560784E+00  0.531032810058092E+00 
 0.437734890797173E+00  0.174946066373403E+00  0.527468495645010E+00 
 0.426987843419532E+00  0.199748197320226E+00  0.522626719170889E+00 
 0.412241198922756E+00  0.228637605549636E+00  0.530674201564534E+00 
 0.469309339515693E+00  0.443475433827393E-01  0.528070248090439E+00 
 0.465315317621359E+00  0.754958008612438E-01  0.522450845227422E+00 
 0.458173231436205E+00  0.110883951751592E+00  0.534229689009199E+00 
 0.469685137590207E+00  0.401725315060654E-01  0.556708542731226E+00 
 0.464377827395513E+00  0.810629026384496E-01  0.555029153132814E+00 
 0.407861231624734E+00  0.236362383847972E+00  0.247371242929854E-01 
 0.395681491477212E+00  0.256230595485996E+00  0.451742410732703E-01 
 0.382634309435669E+00  0.275334244153219E+00  0.646435725912580E-01 
 0.370146627418827E+00  0.291906551778479E+00  0.867465396324378E-01 
 0.356024064679350E+00  0.308973827580798E+00  0.106561979515510E+00 
 0.339968237468482E+00  0.326557128651804E+00  0.124672846782955E+00 
 0.457115829939313E+00  0.115165440908442E+00  0.563605158289412E+00 
 0.449610721511367E+00  0.141662132776434E+00  0.558443663754467E+00 
 0.439416272326974E+00  0.170678939459463E+00  0.554892016612014E+00 
 0.425331446672759E+00  0.203251374489819E+00  0.551998484364354E+00 
 0.409663313678614E+00  0.233225063375699E+00  0.563774422691505E+00 
 0.395033556656669E+00  0.257228400212575E+00  0.556650685729039E+00 
 0.377820829361485E+00  0.281903142340299E+00  0.551648988101964E+00 
 0.359580529638278E+00  0.304827497883294E+00  0.547966081249445E+00 
 0.340766272376736E+00  0.325724282747235E+00  0.545421138615273E+00 
 0.376478142718395E+00  0.283693794109145E+00  0.520522629929285E+00 
 0.358287239314008E+00  0.306346560133260E+00  0.517709457760146E+00 
 0.339911907147033E+00  0.326615762235083E+00  0.515662812700608E+00 
 0.469382164253325E+00  0.435699970347017E-01  0.458473338116878E+00 
 0.465452599079057E+00  0.746447504604143E-01  0.471370279685283E+00 
 0.456842053069275E+00  0.116246717408246E+00  0.473276248999628E+00 
 0.469171372748843E+00  0.457840993545425E-01  0.491133801064168E+00 
 0.462259180110483E+00  0.923818768175376E-01  0.500016750291581E+00 
 0.454961787610808E+00  0.123400699247290E+00  0.508312771822613E+00 
 0.446327889405593E+00  0.151688417156645E+00  0.502456120562233E+00 
 0.435168956594234E+00  0.181234488929196E+00  0.500314874779941E+00 
 0.422497416861766E+00  0.209078677788716E+00  0.500331611438144E+00 
 0.408199165178720E+00  0.235778290578539E+00  0.498537173370348E+00 
 0.392061077701466E+00  0.261736646483259E+00  0.492909567603050E+00 
 0.374230140319563E+00  0.286652686778154E+00  0.488981370509804E+00 
 0.356047790873697E+00  0.308946486263713E+00  0.488313526565837E+00 
 0.338394863996498E+00  0.328187258712962E+00  0.486164583007978E+00 
 0.469492257106969E+00  0.423672193723214E-01  0.432419830845708E+00 
 0.465396498885037E+00  0.749937303132540E-01  0.436405472739116E+00 
 0.458396227186102E+00  0.109958445161303E+00  0.440628838263569E+00 
 0.450158277643770E+00  0.139912421998673E+00  0.441135927431920E+00 
 0.438383042745116E+00  0.173315517465326E+00  0.449847773298852E+00 
 0.424751326002228E+00  0.204460929813232E+00  0.448392289992822E+00 
 0.407124983343144E+00  0.237628299448078E+00  0.465497615328009E+00 
 0.390008825679268E+00  0.264784963041740E+00  0.460089676816455E+00 
 0.370168760321131E+00  0.291878484378433E+00  0.455831690351198E+00 
 0.351571906610838E+00  0.314030500497571E+00  0.462945243076655E+00 
 0.336927549814695E+00  0.329693474209915E+00  0.452031143980167E+00 
 0.469104275999350E+00  0.464665363446213E-01  0.408365815611866E+00 
 0.465945755797245E+00  0.715018420411730E-01  0.397129963289900E+00 
 0.458984994944814E+00  0.107474346596074E+00  0.410904848188827E+00 
 0.450961431847987E+00  0.137301666946739E+00  0.412046479981719E+00 
 0.439430875413014E+00  0.170641338762013E+00  0.415070329660384E+00 
 0.425655874666836E+00  0.202571066844091E+00  0.420703335059655E+00 
 0.409692098003036E+00  0.233174496020926E+00  0.425430041933520E+00 
 0.387584270997181E+00  0.268321437153875E+00  0.428637965527878E+00 
 0.371184494098368E+00  0.290585670847123E+00  0.424210752145442E+00 
 0.355070492292096E+00  0.310069195929203E+00  0.435348294152487E+00 
 0.340257295809825E+00  0.326255932373531E+00  0.420104708524825E+00 
 0.469399106424201E+00  0.433870908093798E-01  0.381388956058916E+00 
 0.467220041869047E+00  0.626369957503656E-01  0.369543126070233E+00 
 0.462502135284420E+00  0.911577512782048E-01  0.374300013438436E+00 
 0.452930928913911E+00  0.130658082007668E+00  0.380573846655591E+00 
 0.441320417380509E+00  0.165693240549616E+00  0.375663597324889E+00 
 0.393456558924451E+00  0.259634159925207E+00  0.203502502885093E-01 
 0.377545980045984E+00  0.282271135102142E+00  0.313852481288180E-01 
 0.364273006636841E+00  0.299204173427594E+00  0.581265576572232E-01 
 0.354276797165162E+00  0.310975741419052E+00  0.809059169758428E-01 
 0.338890706641048E+00  0.327675219864226E+00  0.950763185937492E-01 
 0.426664339733262E+00  0.200438274690045E+00  0.393541796599354E+00 
 0.412164417852213E+00  0.228775989599627E+00  0.391843780442175E+00 
 0.397338754721962E+00  0.253653059821362E+00  0.398857690188353E+00 
 0.381022157216232E+00  0.277560941904700E+00  0.403522798210560E+00 
 0.361586048519260E+00  0.302445846850244E+00  0.397705317655563E+00 
 0.342787008995435E+00  0.323597013621417E+00  0.395740017440119E+00 
 0.385760146122875E+00  0.270937392074248E+00  0.372945242232862E+00 
 0.367987193788445E+00  0.294624143559959E+00  0.362997157269669E+00 
 0.345463477872025E+00  0.320738127164983E+00  0.366242523865060E+00 
 0.470062891186749E+00  0.354801224616105E-01  0.349461582830524E+00 
 0.466478908212646E+00  0.679366539762192E-01  0.344945894714013E+00 
 0.460302097460055E+00  0.101685494710994E+00  0.345448430730911E+00 
 0.450813865675820E+00  0.137785410240575E+00  0.344886556597915E+00 
 0.439281051929946E+00  0.171026659255394E+00  0.343106908802564E+00 
 0.427161656149278E+00  0.199376227962483E+00  0.344084891075567E+00 
 0.414155319974507E+00  0.225151797011607E+00  0.345255750667826E+00 
 0.399200796352803E+00  0.250712355004749E+00  0.343929911140131E+00 
 0.382128866282648E+00  0.276035306282137E+00  0.340755869653594E+00 
 0.363227310103771E+00  0.300472764082725E+00  0.335794607741086E+00 
 0.342545063491235E+00  0.323853115221271E+00  0.330937879377305E+00 
 0.449555483384871E+00  0.141837329780755E+00  0.276687626815189E+00 
 0.437656283776830E+00  0.175142621972480E+00  0.283411900182980E+00 
 0.422493809641933E+00  0.209085966948976E+00  0.298747975874910E+00 
 0.408107193725108E+00  0.235937447622369E+00  0.293974762113811E+00 
 0.469525628954934E+00  0.419957678250150E-01  0.292171792560443E+00 
 0.465075605223069E+00  0.769587044273984E-01  0.285914107742056E+00 
 0.457792739810286E+00  0.112444511372208E+00  0.283985013280180E+00 
 0.469909608040807E+00  0.374555874559672E-01  0.319505718071566E+00 
 0.465737664164469E+00  0.728449650927999E-01  0.316584922887413E+00 
 0.458728204268902E+00  0.108565166462232E+00  0.314629961327616E+00 
 0.447663047538188E+00  0.147701579644774E+00  0.309832015446706E+00 
 0.433361132412616E+00  0.185515739695574E+00  0.316964580030164E+00 
 0.421836229175782E+00  0.210409497208420E+00  0.324555965995929E+00 
 0.410249901094710E+00  0.232191686785987E+00  0.320054320834200E+00 
 0.395461663475066E+00  0.256569743894857E+00  0.316609635360997E+00 
 0.378724642737546E+00  0.280687737074588E+00  0.312111753921943E+00 
 0.360554937775846E+00  0.303674328197478E+00  0.306676492442488E+00 
 0.356600826046455E+00  0.308307981771021E+00  0.294450296713867E-01 
 0.342154148149303E+00  0.324266093918191E+00  0.602929384590722E-01 
 0.341360717443367E+00  0.325101247840248E+00  0.300406027936304E+00 
 0.376356261981711E+00  0.283855464678572E+00  0.283874341075208E+00 
 0.358857102177495E+00  0.305678819968778E+00  0.278069301532471E+00 
 0.340499650983575E+00  0.326002988392439E+00  0.272587715029874E+00 
 0.448268860891959E+00  0.145852628071505E+00  0.213689965224622E+00 
 0.434352317811493E+00  0.183183036257522E+00  0.227965836448231E+00 
 0.419522119287601E+00  0.214986400009820E+00  0.230509203721115E+00 
 0.405912657955135E+00  0.239693293340758E+00  0.244019055519566E+00 
 0.469445699592660E+00  0.428800174288353E-01  0.230140544377679E+00 
 0.465697398288403E+00  0.731019424376647E-01  0.220367103998661E+00 
 0.458263078209410E+00  0.110512044188767E+00  0.226162142043522E+00 
 0.469797787401835E+00  0.388329719835796E-01  0.258266292544754E+00 
 0.464137993868844E+00  0.824250168829378E-01  0.252601719184975E+00 
 0.455903958764417E+00  0.119873020916612E+00  0.256957944568021E+00 
 0.446470227029533E+00  0.151268956289573E+00  0.247739292779517E+00 
 0.435510500343600E+00  0.180412208154570E+00  0.255759754391165E+00 
 0.421234528673665E+00  0.211611513424525E+00  0.263668117289061E+00 
 0.404082191737155E+00  0.242766437304743E+00  0.270426626949395E+00 
 0.390772363372707E+00  0.263656823892056E+00  0.262084242161367E+00 
 0.374779043057749E+00  0.285934659748433E+00  0.255677109490575E+00 
 0.357497068080370E+00  0.307268298193409E+00  0.249883424162057E+00 
 0.339691995683286E+00  0.326844471927312E+00  0.244155095269585E+00 
 0.373245587534923E+00  0.287933485628964E+00  0.228045967515465E+00 
 0.356098426207411E+00  0.308888121515444E+00  0.222073771426107E+00 
 0.339259124502406E+00  0.327293762853187E+00  0.214600457124225E+00 
 0.470096750887581E+00  0.350286392210028E-01  0.168719274963918E+00 
 0.466947951664622E+00  0.646341333736256E-01  0.168709133918769E+00 
 0.459384909620622E+00  0.105751905768159E+00  0.165777343182400E+00 
 0.338144013903974E+00  0.328445713355566E+00  0.272914404242625E-01 
 0.469625994552109E+00  0.408581203884900E-01  0.195286363564300E+00 
 0.463469634742012E+00  0.861037654975278E-01  0.194994962166846E+00 
 0.456507334260169E+00  0.117554304589057E+00  0.197178233538900E+00 
 0.449873250824837E+00  0.140826201230569E+00  0.183071794163036E+00 
 0.438951447226633E+00  0.171870846097832E+00  0.194669770075598E+00 
 0.425483733275725E+00  0.202932386470208E+00  0.203348710786846E+00 
 0.407705785325348E+00  0.236630415147721E+00  0.211261738169591E+00 
 0.387887222559176E+00  0.267883301711893E+00  0.199783831633361E+00 
 0.369804212695017E+00  0.292340221375289E+00  0.203807996608322E+00 
 0.355988851171423E+00  0.309014398697512E+00  0.193320517033488E+00 
 0.340059644768598E+00  0.326461940753577E+00  0.182792796061625E+00 
 0.484789301917739E+00  0.000000000000000E+00  0.977494944801375E+00 
 0.485541914432372E+00  0.000000000000000E+00  0.945478615160797E+00 
 0.485627200351491E+00  0.000000000000000E+00  0.911000750463265E+00 
 0.485675930014108E+00  0.000000000000000E+00  0.880084271201664E+00 
 0.485808628532999E+00  0.000000000000000E+00  0.849988607602611E+00 
 0.485713198412607E+00  0.000000000000000E+00  0.819029118658006E+00 
 0.485732561119206E+00  0.000000000000000E+00  0.785205938844842E+00 
 0.485757251094810E+00  0.000000000000000E+00  0.750867880164017E+00 
 0.485656904689596E+00  0.000000000000000E+00  0.717450473051854E+00 
 0.485748543492696E+00  0.000000000000000E+00  0.686171998867323E+00 
 0.485671872887901E+00  0.000000000000000E+00  0.655363189489647E+00 
 0.485750385034314E+00  0.000000000000000E+00  0.625121009855674E+00 
 0.485657586497032E+00  0.000000000000000E+00  0.594247066983294E+00 
 0.485728235132413E+00  0.000000000000000E+00  0.563558201398487E+00 
 0.485702490869742E+00  0.000000000000000E+00  0.532695890575282E+00 
 0.485628538333101E+00  0.000000000000000E+00  0.500629235448788E+00 
 0.485701062609753E+00  0.000000000000000E+00  0.469354011004617E+00 
 0.485658434932966E+00  0.000000000000000E+00  0.439116008421095E+00 
 0.485746407978487E+00  0.000000000000000E+00  0.410433753848613E+00 
 0.485753687741751E+00  0.000000000000000E+00  0.382925302006052E+00 
 0.485725903249650E+00  0.000000000000000E+00  0.355272742537910E+00 
 0.485706911383773E+00  0.000000000000000E+00  0.327023206176907E+00 
 0.485692588656257E+00  0.000000000000000E+00  0.298178584899694E+00 
 0.485579106376230E+00  0.000000000000000E+00  0.268643144473438E+00 
 0.485730552243024E+00  0.000000000000000E+00  0.252274414880810E-01 
 0.485752375100103E+00  0.000000000000000E+00  0.239356859577194E+00 
 0.485640395829694E+00  0.000000000000000E+00  0.209128236071774E+00 
 0.485642382225321E+00  0.000000000000000E+00  0.180074658409594E+00 
 0.485636396052978E+00  0.000000000000000E+00  0.151492227805191E+00 
 0.485802849681837E+00  0.000000000000000E+00  0.121770532868447E+00 
 0.485721997341268E+00  0.000000000000000E+00  0.907043204669444E-01 
 0.485700606853287E+00  0.000000000000000E+00  0.590012496519067E-01 
