 0.500000000000000E+00 -0.462592926927149E-17  0.000000000000000E+00 
 0.324578179213572E+00  0.380327497794207E+00  0.000000000000000E+00 
 0.336470453917205E+00  0.369848122397221E+00  0.000000000000000E+00 
 0.351507129952371E+00  0.355587876048448E+00  0.000000000000000E+00 
 0.368509326247123E+00  0.337936201773192E+00  0.000000000000000E+00 
 0.386395438541643E+00  0.317330372126923E+00  0.000000000000000E+00 
 0.404561913815941E+00  0.293819090410380E+00  0.000000000000000E+00 
 0.421545565146756E+00  0.268885359410107E+00  0.000000000000000E+00 
 0.434683876252585E+00  0.247082835757621E+00  0.000000000000000E+00 
 0.446843189244313E+00  0.224346081369771E+00  0.000000000000000E+00 
 0.460598338683181E+00  0.194548632486310E+00  0.000000000000000E+00 
 0.472360754858559E+00  0.163936930767452E+00  0.000000000000000E+00 
 0.481804057622131E+00  0.133659455553472E+00  0.000000000000000E+00 
 0.488897790158654E+00  0.104780488536680E+00  0.000000000000000E+00 
 0.493265230840539E+00  0.817888259105742E-01  0.000000000000000E+00 
 0.496408501368018E+00  0.598213989267915E-01  0.000000000000000E+00 
 0.498734910969286E+00  0.355455845423596E-01  0.000000000000000E+00 
 0.499770555017815E+00  0.151457035883299E-01  0.000000000000000E+00 
 0.313000013679266E+00  0.389911517445663E+00  0.000000000000000E+00 
 0.313000013679266E+00  0.348912482993691E+00  0.000000000000000E+00 
 0.313000013679266E+00  0.358186144680900E+00  0.000000000000000E+00 
 0.313000013679266E+00  0.368731141127974E+00  0.000000000000000E+00 
 0.313000013679266E+00  0.379599737990914E+00  0.000000000000000E+00 
 0.313000013679266E+00  0.341174448198833E+00  0.000000000000000E+00 
 0.461426135978693E+00  0.381435932073812E-01  0.000000000000000E+00 
 0.457454834199091E+00  0.714428956221951E-01  0.000000000000000E+00 
 0.451171218331954E+00  0.103988193636874E+00  0.000000000000000E+00 
 0.442696718669232E+00  0.135604675238325E+00  0.000000000000000E+00 
 0.431964964014328E+00  0.166659180758513E+00  0.000000000000000E+00 
 0.418357974946116E+00  0.198357297486093E+00  0.000000000000000E+00 
 0.401744850484401E+00  0.230152314297008E+00  0.000000000000000E+00 
 0.383832477557616E+00  0.258924007845898E+00  0.000000000000000E+00 
 0.366327840028433E+00  0.283148240833489E+00  0.000000000000000E+00 
 0.349366630564472E+00  0.303828850037357E+00  0.000000000000000E+00 
 0.333811621796890E+00  0.320840792014243E+00  0.000000000000000E+00 
 0.321546412960713E+00  0.333131981321363E+00  0.000000000000000E+00 
 0.463000013679276E+00 -0.115648231731787E-17  0.000000000000000E+00 
 0.488184347282119E+00  0.000000000000000E+00  0.000000000000000E+00 
 0.475419701693484E+00  0.000000000000000E+00  0.000000000000000E+00 
 0.473705620395096E+00  0.279709014613949E-01  0.000000000000000E+00 
 0.333378205880690E+00  0.356113645410422E+00  0.000000000000000E+00 
 0.332222039497650E+00  0.341141430103756E+00  0.000000000000000E+00 
 0.350680313938965E+00  0.338864463810952E+00  0.000000000000000E+00 
 0.350366823349036E+00  0.321006549886029E+00  0.000000000000000E+00 
 0.368209685960821E+00  0.319516079369518E+00  0.000000000000000E+00 
 0.367452259922437E+00  0.301128966070172E+00  0.000000000000000E+00 
 0.385916579528461E+00  0.297855093022024E+00  0.000000000000000E+00 
 0.384959311651564E+00  0.278323073450820E+00  0.000000000000000E+00 
 0.403702369652750E+00  0.273251793938313E+00  0.000000000000000E+00 
 0.403139394004148E+00  0.250959437125090E+00  0.000000000000000E+00 
 0.423205817358975E+00  0.240972734832921E+00  0.000000000000000E+00 
 0.421340310896740E+00  0.218944918932291E+00  0.000000000000000E+00 
 0.441656651790238E+00  0.206335513623391E+00  0.000000000000000E+00 
 0.484956953796447E+00  0.462045382182401E-01  0.000000000000000E+00 
 0.471173353505271E+00  0.587747814435449E-01  0.000000000000000E+00 
 0.436755299865001E+00  0.186657565361362E+00  0.000000000000000E+00 
 0.454802930367443E+00  0.175411823698017E+00  0.000000000000000E+00 
 0.448768768213369E+00  0.155564218240050E+00  0.000000000000000E+00 
 0.465497775517906E+00  0.144619065323664E+00  0.000000000000000E+00 
 0.458348958593309E+00  0.124556895000193E+00  0.000000000000000E+00 
 0.473923558892840E+00  0.113927262184740E+00  0.000000000000000E+00 
 0.465868401933479E+00  0.920877141904709E-01  0.000000000000000E+00 
 0.480577254958363E+00  0.789440396707452E-01  0.000000000000000E+00 
 0.486516500453964E+00  0.211753426068731E-01  0.000000000000000E+00 
 0.313000013679266E+00  0.389911517445663E+00  0.100000000000000E+01 
 0.499478789989716E+00  0.228240739222824E-01  0.100000000000000E+01 
 0.496945646480430E+00  0.551817401333788E-01  0.100000000000000E+01 
 0.492343115031062E+00  0.871679819745248E-01  0.100000000000000E+01 
 0.484967538602435E+00  0.121681907044130E+00  0.100000000000000E+01 
 0.475243880931505E+00  0.155380995096443E+00  0.100000000000000E+01 
 0.466844829693827E+00  0.179041629204331E+00  0.100000000000000E+01 
 0.456829471970001E+00  0.203240826458687E+00  0.100000000000000E+01 
 0.441627854987171E+00  0.234445809728881E+00  0.100000000000000E+01 
 0.424165661522135E+00  0.264732868351267E+00  0.100000000000000E+01 
 0.408001052165290E+00  0.289024465109818E+00  0.100000000000000E+01 
 0.392489827176836E+00  0.309760771503910E+00  0.100000000000000E+01 
 0.379665957253749E+00  0.325351749499821E+00  0.100000000000000E+01 
 0.366704984045929E+00  0.339893298957004E+00  0.100000000000000E+01 
 0.352225493018361E+00  0.354876319395888E+00  0.100000000000000E+01 
 0.338749158427558E+00  0.367762161817419E+00  0.100000000000000E+01 
 0.325887931493069E+00  0.379205822881412E+00  0.100000000000000E+01 
 0.500000000000000E+00 -0.462592926927149E-17  0.100000000000000E+01 
 0.474943192390285E+00  0.000000000000000E+00  0.100000000000000E+01 
 0.487957058882413E+00  0.000000000000000E+00  0.100000000000000E+01 
 0.463000013679276E+00 -0.115648231731787E-17  0.100000000000000E+01 
 0.329600653686985E+00  0.325165222242645E+00  0.100000000000000E+01 
 0.348363114000287E+00  0.304978939389294E+00  0.100000000000000E+01 
 0.366415722463178E+00  0.283034504961469E+00  0.100000000000000E+01 
 0.383887452280748E+00  0.258842493900049E+00  0.100000000000000E+01 
 0.403555600144998E+00  0.226962310216065E+00  0.100000000000000E+01 
 0.419421607930091E+00  0.196098259727969E+00  0.100000000000000E+01 
 0.431388276753364E+00  0.168146267715824E+00  0.100000000000000E+01 
 0.442961339228118E+00  0.134737762398778E+00  0.100000000000000E+01 
 0.451533751353590E+00  0.102402558833039E+00  0.100000000000000E+01 
 0.457288590313188E+00  0.724993643860325E-01  0.100000000000000E+01 
 0.460947986989361E+00  0.435426912059244E-01  0.100000000000000E+01 
 0.462646564599605E+00  0.180878116747021E-01  0.100000000000000E+01 
 0.313000013679266E+00  0.341174448198833E+00  0.100000000000000E+01 
 0.313000013679266E+00  0.378968888992683E+00  0.100000000000000E+01 
 0.313000013679266E+00  0.366297655069924E+00  0.100000000000000E+01 
 0.313000013679266E+00  0.353423736880659E+00  0.100000000000000E+01 
 0.331117397195405E+00  0.340566695630936E+00  0.100000000000000E+01 
 0.474691895254771E+00  0.272347757613454E-01  0.100000000000000E+01 
 0.485987881053788E+00  0.407459659713948E-01  0.100000000000000E+01 
 0.471643766397739E+00  0.572133905091274E-01  0.100000000000000E+01 
 0.482159582440687E+00  0.719927445510593E-01  0.100000000000000E+01 
 0.466871255922440E+00  0.878121233326451E-01  0.100000000000000E+01 
 0.476233254338011E+00  0.104306439481769E+00  0.100000000000000E+01 
 0.459685728582914E+00  0.119724324486026E+00  0.100000000000000E+01 
 0.467644325136305E+00  0.137756836000411E+00  0.100000000000000E+01 
 0.449259631301915E+00  0.153765670835228E+00  0.100000000000000E+01 
 0.454651053490283E+00  0.174741749345727E+00  0.100000000000000E+01 
 0.436407775431510E+00  0.187550503550207E+00  0.100000000000000E+01 
 0.439385122330665E+00  0.211380603259502E+00  0.100000000000000E+01 
 0.421419121520443E+00  0.219149770862949E+00  0.100000000000000E+01 
 0.422967689574068E+00  0.242205472677233E+00  0.100000000000000E+01 
 0.330540944879958E+00  0.357103820970233E+00  0.100000000000000E+01 
 0.404007117915001E+00  0.249463367626287E+00  0.100000000000000E+01 
 0.405729848382089E+00  0.269995098078987E+00  0.100000000000000E+01 
 0.386245688221254E+00  0.276444448948653E+00  0.100000000000000E+01 
 0.388801662725800E+00  0.293898550648251E+00  0.100000000000000E+01 
 0.368178073015017E+00  0.300058519974005E+00  0.100000000000000E+01 
 0.369218700446664E+00  0.317756361392660E+00  0.100000000000000E+01 
 0.349325437901784E+00  0.321811030438831E+00  0.100000000000000E+01 
 0.349898570639672E+00  0.339196763368276E+00  0.100000000000000E+01 
 0.500000000000000E+00 -0.138777878078145E-16  0.980663795761124E+00 
 0.500000000000000E+00 -0.138777878078145E-16  0.953818673708296E+00 
 0.500000000000000E+00 -0.138777878078145E-16  0.926488325240470E+00 
 0.500000000000000E+00 -0.138777878078145E-16  0.897602746271369E+00 
 0.500000000000000E+00 -0.138777878078145E-16  0.867179386771849E+00 
 0.500000000000000E+00 -0.138777878078145E-16  0.835542522793767E+00 
 0.500000000000000E+00 -0.138777878078145E-16  0.803280258097109E+00 
 0.500000000000000E+00 -0.138777878078145E-16  0.767915212871693E+00 
 0.500000000000000E+00 -0.138777878078145E-16  0.733930338649026E+00 
 0.500000000000000E+00 -0.138777878078145E-16  0.702003401951984E+00 
 0.500000000000000E+00 -0.138777878078145E-16  0.670647116453931E+00 
 0.500000000000000E+00 -0.138777878078145E-16  0.639631736566207E+00 
 0.500000000000000E+00 -0.138777878078145E-16  0.608877508567944E+00 
 0.500000000000000E+00 -0.138777878078145E-16  0.578279869985250E+00 
 0.500000000000000E+00 -0.138777878078145E-16  0.547727533347136E+00 
 0.500000000000000E+00 -0.138777878078145E-16  0.517141352795249E+00 
 0.500000000000000E+00 -0.138777878078145E-16  0.486506158620709E+00 
 0.500000000000000E+00 -0.138777878078145E-16  0.455891952689594E+00 
 0.500000000000000E+00 -0.138777878078145E-16  0.425492796789160E+00 
 0.500000000000000E+00 -0.138777878078145E-16  0.395772441300731E+00 
 0.500000000000000E+00 -0.138777878078145E-16  0.366900817530943E+00 
 0.500000000000000E+00 -0.138777878078145E-16  0.338545086611896E+00 
 0.500000000000000E+00 -0.138777878078145E-16  0.310349845699011E+00 
 0.500000000000000E+00 -0.138777878078145E-16  0.282356642102474E+00 
 0.500000000000000E+00 -0.138777878078145E-16  0.255717842051392E+00 
 0.500000000000000E+00 -0.138777878078145E-16  0.226063915896790E+00 
 0.500000000000000E+00 -0.138777878078145E-16  0.197105489619489E+00 
 0.500000000000000E+00 -0.138777878078145E-16  0.171288015758759E+00 
 0.500000000000000E+00 -0.138777878078145E-16  0.142775998070426E+00 
 0.500000000000000E+00 -0.138777878078145E-16  0.110477424593426E+00 
 0.500000000000000E+00 -0.138777878078145E-16  0.776065573716788E-01 
 0.500000000000000E+00 -0.138777878078145E-16  0.465205840993245E-01 
 0.500000000000000E+00 -0.138777878078145E-16  0.188343984220617E-01 
 0.313000013679266E+00  0.389911517445663E+00  0.235282832008451E-01 
 0.313000013679266E+00  0.389911517445663E+00  0.558008838804027E-01 
 0.313000013679266E+00  0.389911517445663E+00  0.795759267660194E-01 
 0.313000013679266E+00  0.389911517445663E+00  0.112358992597406E+00 
 0.313000013679266E+00  0.389911517445663E+00  0.146541666120893E+00 
 0.313000013679266E+00  0.389911517445663E+00  0.178319846727031E+00 
 0.313000013679266E+00  0.389911517445663E+00  0.215895019517702E+00 
 0.313000013679266E+00  0.389911517445663E+00  0.255746136283835E+00 
 0.313000013679266E+00  0.389911517445663E+00  0.286898722913961E+00 
 0.313000013679266E+00  0.389911517445663E+00  0.312978562361132E+00 
 0.313000013679266E+00  0.389911517445663E+00  0.345898371372824E+00 
 0.313000013679266E+00  0.389911517445663E+00  0.380172535138437E+00 
 0.313000013679266E+00  0.389911517445663E+00  0.412459197701683E+00 
 0.313000013679266E+00  0.389911517445663E+00  0.440816174077642E+00 
 0.313000013679266E+00  0.389911517445663E+00  0.468979991381836E+00 
 0.313000013679266E+00  0.389911517445663E+00  0.499505910359066E+00 
 0.313000013679266E+00  0.389911517445663E+00  0.535284769597603E+00 
 0.313000013679266E+00  0.389911517445663E+00  0.564082220312479E+00 
 0.313000013679266E+00  0.389911517445663E+00  0.586544201346037E+00 
 0.313000013679266E+00  0.389911517445663E+00  0.613098894699419E+00 
 0.313000013679266E+00  0.389911517445663E+00  0.641935294145391E+00 
 0.313000013679266E+00  0.389911517445663E+00  0.671159558579928E+00 
 0.313000013679266E+00  0.389911517445663E+00  0.699324724803115E+00 
 0.313000013679266E+00  0.389911517445663E+00  0.725557807632472E+00 
 0.313000013679266E+00  0.389911517445663E+00  0.751524763118238E+00 
 0.313000013679266E+00  0.389911517445663E+00  0.777829344049681E+00 
 0.313000013679266E+00  0.389911517445663E+00  0.811619023061951E+00 
 0.313000013679266E+00  0.389911517445663E+00  0.847795799843931E+00 
 0.313000013679266E+00  0.389911517445663E+00  0.880190158752946E+00 
 0.313000013679266E+00  0.389911517445663E+00  0.915659343223671E+00 
 0.313000013679266E+00  0.389911517445663E+00  0.946680958270176E+00 
 0.313000013679266E+00  0.389911517445663E+00  0.969154879356219E+00 
 0.313000013679266E+00  0.389911517445663E+00  0.987238034442880E+00 
 0.449777289617249E+00  0.218404188935472E+00  0.895947570785590E+00 
 0.441147647170278E+00  0.235348153585551E+00  0.862250117612782E+00 
 0.424324732240164E+00  0.264477828199858E+00  0.892290987935715E+00 
 0.436605125309404E+00  0.243671837834329E+00  0.895122336862835E+00 
 0.428958797367991E+00  0.256893655352963E+00  0.872219107338637E+00 
 0.456041083818106E+00  0.205003731356303E+00  0.868271199642083E+00 
 0.461967566240683E+00  0.191274587286602E+00  0.898000678517036E+00 
 0.435773299974340E+00  0.245156339974055E+00  0.829437172877739E+00 
 0.449984685409952E+00  0.217976565016761E+00  0.835070536407624E+00 
 0.439111628310452E+00  0.239125443820903E+00  0.795942814805729E+00 
 0.448186853413110E+00  0.221649598302492E+00  0.245386116969603E+00 
 0.447533478164170E+00  0.222965885108643E+00  0.195091492214861E+00 
 0.446447237499931E+00  0.225132992092853E+00  0.163467608679568E+00 
 0.438442896602294E+00  0.240349384062015E+00  0.133921271606536E+00 
 0.329160256590590E+00  0.376368868905515E+00  0.173378554187441E-01 
 0.452016737712870E+00  0.213730832655034E+00  0.126890538932849E+00 
 0.436409333917874E+00  0.244022321252295E+00  0.101783760458090E+00 
 0.450533877487371E+00  0.216839169054382E+00  0.900810958086675E-01 
 0.427659962915945E+00  0.259050103491068E+00  0.764538746516535E-01 
 0.475221107470543E+00  0.155450632081282E+00  0.773855255827874E+00 
 0.385593358782461E+00  0.318304510905611E+00  0.231987975473284E+00 
 0.436573109222363E+00  0.243729194607291E+00  0.953952658833119E+00 
 0.426709408042012E+00  0.260612895092388E+00  0.920407348852622E+00 
 0.443227677114069E+00  0.231407057455184E+00  0.925221292260837E+00 
 0.456378198792388E+00  0.204252147276389E+00  0.925784531975345E+00 
 0.467260712350777E+00  0.177953439678598E+00  0.923883618885599E+00 
 0.480528496546769E+00  0.138175120794235E+00  0.807195562716114E+00 
 0.342797097454715E+00  0.363991964164901E+00  0.209242604955616E-01 
 0.329768715773841E+00  0.375835860578620E+00  0.384607410684636E-01 
 0.481951913649283E+00  0.133125327904927E+00  0.846795562055199E+00 
 0.477701540589707E+00  0.147652423340156E+00  0.876563254916164E+00 
 0.483182266040088E+00  0.128588093478227E+00  0.779976312452835E+00 
 0.488294071944864E+00  0.107558817878892E+00  0.828451368662073E+00 
 0.490451600332615E+00  0.972482788083006E-01  0.797323986735713E+00 
 0.339626685704986E+00  0.366951923768015E+00  0.764534688715169E+00 
 0.348186415905428E+00  0.358840103359327E+00  0.788365112010025E+00 
 0.353659368369202E+00  0.353447381040936E+00  0.764513696835681E+00 
 0.362747663301650E+00  0.344113546332011E+00  0.790699990222037E+00 
 0.368334555845172E+00  0.338126684794826E+00  0.764594638910570E+00 
 0.371716336133901E+00  0.334405390882367E+00  0.817249692511072E+00 
 0.378661583231820E+00  0.326520145449513E+00  0.791596740451670E+00 
 0.383610613277984E+00  0.320691280487152E+00  0.764028980628588E+00 
 0.378975703812871E+00  0.326155508798394E+00  0.840068215802973E+00 
 0.390469012162671E+00  0.312304259562222E+00  0.822766261562633E+00 
 0.394922892522207E+00  0.306652749803248E+00  0.791211592628188E+00 
 0.398941138834161E+00  0.301406648476279E+00  0.762493145305125E+00 
 0.390711127237394E+00  0.312001306171760E+00  0.855929781709735E+00 
 0.401935297052872E+00  0.297402113279344E+00  0.877057603943710E+00 
 0.405612103064072E+00  0.292367614225550E+00  0.848039729130673E+00 
 0.407959542685400E+00  0.289083053000205E+00  0.817431549538944E+00 
 0.410211233850458E+00  0.285878896777788E+00  0.787795998492145E+00 
 0.413791348106472E+00  0.280671908519945E+00  0.760135094219382E+00 
 0.412625405254194E+00  0.282383205837055E+00  0.899080341316370E+00 
 0.416004088662174E+00  0.277381683274787E+00  0.871823154913147E+00 
 0.358677781923482E+00  0.348353626010195E+00  0.232090367346021E-01 
 0.347240719908926E+00  0.359755309115975E+00  0.440078943053674E-01 
 0.335246717697158E+00  0.370957731114048E+00  0.631220841779385E-01 
 0.326646345706655E+00  0.378552723985033E+00  0.832422044849631E-01 
 0.423015878729473E+00  0.266566251319877E+00  0.844052407076045E+00 
 0.423438315899549E+00  0.265894702143825E+00  0.810072890089868E+00 
 0.423341693564623E+00  0.266048511534714E+00  0.782778487740279E+00 
 0.428397468815468E+00  0.257828642149200E+00  0.759440842268697E+00 
 0.472497802172933E+00  0.163541514429050E+00  0.900243938706283E+00 
 0.467749524421353E+00  0.176664604274874E+00  0.873704133588527E+00 
 0.463283772436001E+00  0.188064207645866E+00  0.843930599800803E+00 
 0.458237330853940E+00  0.200046366155091E+00  0.809478219824809E+00 
 0.450391522703083E+00  0.217134696161619E+00  0.781510501774948E+00 
 0.441876830922964E+00  0.233976208819355E+00  0.759672041758823E+00 
 0.460062205682268E+00  0.195813091755294E+00  0.781125441166282E+00 
 0.454234394572223E+00  0.208976349828410E+00  0.757764477725591E+00 
 0.473043643017491E+00  0.161955894615603E+00  0.852857470896331E+00 
 0.471874019523740E+00  0.165332724221520E+00  0.824685743292034E+00 
 0.469140150897039E+00  0.172937904509981E+00  0.793544540243956E+00 
 0.465658378542513E+00  0.182105119349122E+00  0.761974042978492E+00 
 0.353177579470041E+00  0.353928802670371E+00  0.219344546802202E+00 
 0.360384683548352E+00  0.346587477938477E+00  0.197472147609092E+00 
 0.372103031066304E+00  0.333975050372433E+00  0.219303999436826E+00 
 0.374358716737825E+00  0.331444642742056E+00  0.186276497660371E+00 
 0.392352258831342E+00  0.309935001234038E+00  0.209887340673614E+00 
 0.389268323989760E+00  0.313799572877662E+00  0.168805249186558E+00 
 0.414766578950144E+00  0.279228732379020E+00  0.234141471642690E+00 
 0.407369833303105E+00  0.289913467977258E+00  0.194262263661260E+00 
 0.405604993639215E+00  0.292377477133469E+00  0.164956500018131E+00 
 0.398408910325669E+00  0.302109814758000E+00  0.139769145647363E+00 
 0.433720977442314E+00  0.248769197704386E+00  0.241058932399485E+00 
 0.425176656695700E+00  0.263106082409866E+00  0.208136626725281E+00 
 0.419823083008622E+00  0.271566895944878E+00  0.175588599053828E+00 
 0.414814747411619E+00  0.279157169583435E+00  0.145756208929496E+00 
 0.408823953320075E+00  0.287859297560015E+00  0.117434221221020E+00 
 0.440945260671104E+00  0.235727124217160E+00  0.216522836296647E+00 
 0.435011084310482E+00  0.246506301191306E+00  0.185381698981736E+00 
 0.430002329760237E+00  0.255143090050992E+00  0.154906826447280E+00 
 0.375836164076179E+00  0.329768369878773E+00  0.254054398925795E-01 
 0.364397545767184E+00  0.342365927975978E+00  0.482376024751741E-01 
 0.352846667652337E+00  0.354258703670978E+00  0.690243298494422E-01 
 0.342321965733828E+00  0.364438845042797E+00  0.886850889621930E-01 
 0.332082985822029E+00  0.373792576875901E+00  0.106790874802631E+00 
 0.424752418399898E+00  0.263790415033295E+00  0.124667695772587E+00 
 0.419190212271016E+00  0.272542778176529E+00  0.962528575364385E-01 
 0.497418935383522E+00  0.507385723283858E-01  0.236739816210803E+00 
 0.494526202965555E+00  0.737823459946254E-01  0.246099064054674E+00 
 0.494409954856492E+00  0.745573372566461E-01  0.217825942491762E+00 
 0.490022497863464E+00  0.993878845114020E-01  0.226726738541479E+00 
 0.490295892113637E+00  0.980302921371382E-01  0.197388660254823E+00 
 0.485298503977045E+00  0.120355149609985E+00  0.175279542586553E+00 
 0.483971785246972E+00  0.125583880672876E+00  0.233278914918350E+00 
 0.484434340305926E+00  0.123787600075139E+00  0.203606833916351E+00 
 0.478032317053962E+00  0.146577978741762E+00  0.180335773778645E+00 
 0.479565388345240E+00  0.141481582904912E+00  0.152466729771157E+00 
 0.476268443778932E+00  0.152211594369137E+00  0.238037005606252E+00 
 0.476916669074311E+00  0.150168208216867E+00  0.208955450653429E+00 
 0.467480878401680E+00  0.177374260615214E+00  0.243050886746759E+00 
 0.467670880192380E+00  0.176872688168875E+00  0.214284245757909E+00 
 0.469043991696848E+00  0.173198538830694E+00  0.185118710447742E+00 
 0.471001171378558E+00  0.167803148242296E+00  0.157139176969470E+00 
 0.473112019921643E+00  0.161756040399308E+00  0.129242818235715E+00 
 0.458960712218966E+00  0.198381109583196E+00  0.250404558200778E+00 
 0.456072973378573E+00  0.204932776669881E+00  0.221614954595510E+00 
 0.458435297769941E+00  0.199592278805031E+00  0.189919739054204E+00 
 0.460246592933971E+00  0.195379307227432E+00  0.160330438897330E+00 
 0.464212690198483E+00  0.185759463443151E+00  0.135389072973731E+00 
 0.464001275274665E+00  0.186286919947388E+00  0.105179084554666E+00 
 0.460013163931989E+00  0.195928275165380E+00  0.765533485338148E-01 
 0.439713396014153E+00  0.238017077886653E+00  0.677353209297068E-01 
 0.451825095996946E+00  0.214135664071520E+00  0.574547747097146E-01 
 0.324788626425769E+00  0.380147797763530E+00  0.980654610131573E+00 
 0.324569275431077E+00  0.380335096258741E+00  0.958862762235832E+00 
 0.334753393593199E+00  0.371402969129000E+00  0.972403706033623E+00 
 0.325717402325579E+00  0.379352308312836E+00  0.933715710595591E+00 
 0.337312692071039E+00  0.369080137324929E+00  0.951551311715818E+00 
 0.346959666903745E+00  0.360026373397898E+00  0.973181430445882E+00 
 0.326922741329594E+00  0.378314051023146E+00  0.900037709237842E+00 
 0.339489050896606E+00  0.367079261633400E+00  0.925663605682218E+00 
 0.350859364245324E+00  0.356227043500865E+00  0.947142387631926E+00 
 0.361305959933062E+00  0.345626971338825E+00  0.971825201976763E+00 
 0.373656908895644E+00  0.332235630892523E+00  0.981844224031885E+00 
 0.324346573004555E+00  0.380525032790487E+00  0.866096640473249E+00 
 0.335580001697276E+00  0.370656259168594E+00  0.879247685384749E+00 
 0.343272732881579E+00  0.363543437377175E+00  0.899248844008394E+00 
 0.354017080494745E+00  0.353089091757275E+00  0.920573006980324E+00 
 0.365060735965738E+00  0.341658687956495E+00  0.941580271195906E+00 
 0.375957545861740E+00  0.329629979992138E+00  0.960320135911528E+00 
 0.386030791146083E+00  0.317773863442431E+00  0.978857785769930E+00 
 0.325769622111895E+00  0.379307465401187E+00  0.837269998753410E+00 
 0.337242565803168E+00  0.369144215463951E+00  0.855791794573287E+00 
 0.348036157913833E+00  0.358985839253553E+00  0.874291620454711E+00 
 0.357918350518585E+00  0.349133863098462E+00  0.894634996414177E+00 
 0.368776162432177E+00  0.337644994071875E+00  0.915219021590332E+00 
 0.379886349422837E+00  0.325094388635348E+00  0.935440929656817E+00 
 0.393744361620469E+00  0.308164530230345E+00  0.280585832416451E-01 
 0.381714801764123E+00  0.322945521898316E+00  0.525960811620796E-01 
 0.369941322165294E+00  0.336367980275463E+00  0.748927160335250E-01 
 0.358646849927110E+00  0.348385471909150E+00  0.957011401872478E-01 
 0.347532569615255E+00  0.359473382959876E+00  0.115131553873163E+00 
 0.335604676048813E+00  0.370633918326658E+00  0.132619055569661E+00 
 0.326683562018415E+00  0.378520607506329E+00  0.152826390819668E+00 
 0.390637640024632E+00  0.312093310078871E+00  0.955579890887811E+00 
 0.399994002568601E+00  0.300007996408680E+00  0.977102449042807E+00 
 0.322694098235133E+00  0.381927373939358E+00  0.790891965293455E+00 
 0.328409029864112E+00  0.377024547083758E+00  0.811107092243361E+00 
 0.339732279539195E+00  0.366854164810899E+00  0.829722514957331E+00 
 0.350932483675098E+00  0.356155011057864E+00  0.848318333605937E+00 
 0.361751445077379E+00  0.345160675605475E+00  0.868827148692014E+00 
 0.372545501641359E+00  0.333481407587872E+00  0.889250143356947E+00 
 0.383715516085445E+00  0.320565754121180E+00  0.909699773993974E+00 
 0.394992391174805E+00  0.306563224986315E+00  0.930532870813285E+00 
 0.405589782589453E+00  0.292398577730878E+00  0.952427444642378E+00 
 0.414624859708469E+00  0.279439127023638E+00  0.975895501736095E+00 
 0.325542692046791E+00  0.379502247233041E+00  0.764830454111464E+00 
 0.334558975180278E+00  0.371578110397157E+00  0.787848570442418E+00 
 0.341145398819496E+00  0.365540444909023E+00  0.807282898866967E+00 
 0.354783510265418E+00  0.352318975991569E+00  0.817708805129080E+00 
 0.365146300591673E+00  0.341567239594513E+00  0.842728835369189E+00 
 0.376032527260597E+00  0.329544440769388E+00  0.863556057259240E+00 
 0.387343796470247E+00  0.316172078678710E+00  0.883297676005766E+00 
 0.398556592271834E+00  0.301914959478101E+00  0.904350066326189E+00 
 0.410310400668594E+00  0.285736548420354E+00  0.926144333719729E+00 
 0.420842883863140E+00  0.269983827481862E+00  0.950242668317386E+00 
 0.428069371321791E+00  0.258373012012026E+00  0.975374259875693E+00 
 0.498710917420548E+00  0.358806472287590E-01  0.979349823326713E+00 
 0.499549315729326E+00  0.212245413227687E-01  0.961743615301352E+00 
 0.495741758922207E+00  0.651161152151818E-01  0.975477097910880E+00 
 0.497950153540548E+00  0.452288026476943E-01  0.955178364940895E+00 
 0.499429875868475E+00  0.238704648048584E-01  0.938756179977771E+00 
 0.491068860559240E+00  0.940817420600296E-01  0.970778784187465E+00 
 0.494736234964013E+00  0.723606095443700E-01  0.948271915267079E+00 
 0.497439393469879E+00  0.505376080193581E-01  0.928565919705064E+00 
 0.499290701195161E+00  0.266232173120470E-01  0.911735879520874E+00 
 0.479559251419215E+00  0.141502382941920E+00  0.977736670620409E+00 
 0.485295328763803E+00  0.120367952047181E+00  0.962139261372380E+00 
 0.489952757394983E+00  0.997311161125437E-01  0.940738737759712E+00 
 0.493774543865342E+00  0.786555772375626E-01  0.919502064980736E+00 
 0.496884960716320E+00  0.557255400506881E-01  0.899695440136883E+00 
 0.499109255757480E+00  0.298320434635976E-01  0.881984799542280E+00 
 0.462294803534323E+00  0.190482321030488E+00  0.976812229261386E+00 
 0.471515483440645E+00  0.166352483827970E+00  0.972013208478681E+00 
 0.478576099303612E+00  0.144792669618799E+00  0.952573003137201E+00 
 0.483780547644279E+00  0.126318572351819E+00  0.932730797354029E+00 
 0.488378408662158E+00  0.107175230126269E+00  0.911137390117663E+00 
 0.492508140138018E+00  0.862306899995027E-01  0.889509079658301E+00 
 0.496079900381682E+00  0.624878583190422E-01  0.868666544400810E+00 
 0.498797971087440E+00  0.346494450035414E-01  0.849582477856162E+00 
 0.480151340141777E+00  0.139480072268606E+00  0.756718932242365E+00 
 0.487212643784461E+00  0.112355862048029E+00  0.760023694592658E+00 
 0.494503313623673E+00  0.739355991062995E-01  0.769215416968880E+00 
 0.497998802712110E+00  0.446899596923610E-01  0.756349420384188E+00 
 0.451546399711977E+00  0.214722725642051E+00  0.961741613842139E+00 
 0.498946916271824E+00  0.324341601222680E-01  0.783815725745836E+00 
 0.412630079701131E+00  0.282376375296940E+00  0.320868768561444E-01 
 0.398911578604693E+00  0.301445770338732E+00  0.580000724173344E-01 
 0.386943314106332E+00  0.316662078039680E+00  0.810953676309181E-01 
 0.375475517670791E+00  0.330178944861497E+00  0.103066211139929E+00 
 0.364171388701533E+00  0.342606479289573E+00  0.123920480115862E+00 
 0.352629830337592E+00  0.354474544581245E+00  0.143131799606385E+00 
 0.341653937098430E+00  0.365065182214276E+00  0.161664915123321E+00 
 0.330653866482322E+00  0.375057356387380E+00  0.179251148228474E+00 
 0.463440275972354E+00  0.187678210260723E+00  0.950692138026667E+00 
 0.471673122789245E+00  0.165904988587571E+00  0.945182738465363E+00 
 0.476343197793797E+00  0.151977491476796E+00  0.926008635956893E+00 
 0.481292563055082E+00  0.135489736688320E+00  0.904362815167529E+00 
 0.486022762597880E+00  0.117396227523396E+00  0.880919795411286E+00 
 0.490621757965939E+00  0.963861536239109E-01  0.858381037362408E+00 
 0.494658882946305E+00  0.728875128009843E-01  0.835122457755776E+00 
 0.498047206461839E+00  0.441472551305020E-01  0.812537716593818E+00 
 0.321682092524232E+00  0.382780134475696E+00  0.740569054780072E+00 
 0.332619730941596E+00  0.373315033970426E+00  0.741024247226088E+00 
 0.344876102651505E+00  0.362022753179836E+00  0.740092836308028E+00 
 0.358346753848899E+00  0.348694141054817E+00  0.738965077466643E+00 
 0.372730338464530E+00  0.333274803710267E+00  0.737812660505131E+00 
 0.387703795263642E+00  0.315730529309675E+00  0.736420922123661E+00 
 0.402805544285088E+00  0.296222371695985E+00  0.734762727634788E+00 
 0.417733001627141E+00  0.274771067166067E+00  0.733279639509394E+00 
 0.432157284595252E+00  0.251475806731500E+00  0.732447060354528E+00 
 0.445754836732925E+00  0.226500828981272E+00  0.732064057454726E+00 
 0.458698655743974E+00  0.198986289021809E+00  0.732893292986696E+00 
 0.471657948019191E+00  0.165948124636364E+00  0.738508278215893E+00 
 0.481290928255078E+00  0.135495543762018E+00  0.731928984309383E+00 
 0.488975224748302E+00  0.104418530837909E+00  0.732420114650334E+00 
 0.494882919361286E+00  0.713505159368217E-01  0.732967549488232E+00 
 0.498586851899001E+00  0.375652913397906E-01  0.730853895330435E+00 
 0.323815800463780E+00  0.380976806866247E+00  0.719640814002347E+00 
 0.335490806595160E+00  0.370736993959503E+00  0.716697820459737E+00 
 0.348117857555007E+00  0.358906613551927E+00  0.714380132689314E+00 
 0.361749088314225E+00  0.345163145633810E+00  0.712413471276239E+00 
 0.376196116219575E+00  0.329357681163364E+00  0.710551979632411E+00 
 0.391149638667243E+00  0.311451376896114E+00  0.708778136908144E+00 
 0.406239509145237E+00  0.291495216443489E+00  0.707112029993846E+00 
 0.421123358121296E+00  0.269546131941533E+00  0.705748194966151E+00 
 0.435482591465684E+00  0.245672368267846E+00  0.704850825326245E+00 
 0.449091268214133E+00  0.219811357335835E+00  0.704550315199671E+00 
 0.461800281087114E+00  0.191678116611841E+00  0.705069013244590E+00 
 0.473136398523733E+00  0.161684719104777E+00  0.705476625361253E+00 
 0.482483878492668E+00  0.131184248271936E+00  0.703548062671311E+00 
 0.489921286294161E+00  0.998856007434246E-01  0.703014952089985E+00 
 0.495410333601651E+00  0.675914296394200E-01  0.702540914040003E+00 
 0.498820532305449E+00  0.343231197665408E-01  0.701766014663118E+00 
 0.324808048656526E+00  0.380131203044343E+00  0.694272388929512E+00 
 0.337204550120975E+00  0.369178942218690E+00  0.690621105488914E+00 
 0.350333410922491E+00  0.356744307861265E+00  0.687697043814743E+00 
 0.364303310614290E+00  0.342466199610222E+00  0.685172530899930E+00 
 0.378939000206296E+00  0.326198151623599E+00  0.682921304751642E+00 
 0.393986862334120E+00  0.307854433634006E+00  0.680901476614931E+00 
 0.409094587328739E+00  0.287474552992659E+00  0.679143819860712E+00 
 0.423929687412778E+00  0.265110580947091E+00  0.677723627681085E+00 
 0.438177555591332E+00  0.240832783848058E+00  0.676713257164949E+00 
 0.451557892921882E+00  0.214698554582816E+00  0.676132088786714E+00 
 0.463774993050781E+00  0.186849553975244E+00  0.675815191330903E+00 
 0.474488676227053E+00  0.157672115899732E+00  0.675234812236300E+00 
 0.483456628054286E+00  0.127552690251439E+00  0.674101740762487E+00 
 0.490576903410032E+00  0.966141906793410E-01  0.673237302140715E+00 
 0.495765582291525E+00  0.649344855615687E-01  0.672410205770301E+00 
 0.498934055525294E+00  0.326313995575243E-01  0.671526255240151E+00 
 0.325514989172014E+00  0.379526009417462E+00  0.666873204037073E+00 
 0.338452086053714E+00  0.368035576331813E+00  0.663341444016092E+00 
 0.352010087888701E+00  0.355089985812876E+00  0.660230257065359E+00 
 0.366278176634832E+00  0.340353194962326E+00  0.657440856464789E+00 
 0.381111280482466E+00  0.323657522528080E+00  0.654920327361298E+00 
 0.396256814516916E+00  0.304927101040406E+00  0.652703526108059E+00 
 0.411379326834012E+00  0.284195442351906E+00  0.650804900829998E+00 
 0.426146497756829E+00  0.261532335380520E+00  0.649252117098460E+00 
 0.440237646109042E+00  0.237046018630075E+00  0.648045229154112E+00 
 0.453351588271373E+00  0.210884654282438E+00  0.647122990459057E+00 
 0.465202692285357E+00  0.183266077304162E+00  0.646318683605324E+00 
 0.475542402560373E+00  0.154464958379266E+00  0.645405019601510E+00 
 0.484194592835972E+00  0.124722076106869E+00  0.644326789142499E+00 
 0.491042103518601E+00  0.942212957458550E-01  0.643268241823674E+00 
 0.495998766521092E+00  0.631286274962131E-01  0.642183663434294E+00 
 0.498998518813150E+00  0.316303370561021E-01  0.641010838134162E+00 
 0.326071240064468E+00  0.379048211185358E+00  0.638647053380588E+00 
 0.339433403893755E+00  0.367130718302213E+00  0.635461041823598E+00 
 0.353317676928723E+00  0.353788947212446E+00  0.632316124173277E+00 
 0.367818585876020E+00  0.338687891552333E+00  0.629323776806117E+00 
 0.382805327745187E+00  0.321652111838085E+00  0.626583080489830E+00 
 0.398027593702384E+00  0.302612020004972E+00  0.624173595392428E+00 
 0.413150830567422E+00  0.281613904488839E+00  0.622115285484524E+00 
 0.427842202918629E+00  0.258749008503869E+00  0.620401459985524E+00 
 0.323295575781523E+00  0.381418366993638E+00  0.235245834340877E+00 
 0.441780617875672E+00  0.234157822140089E+00  0.618992210401588E+00 
 0.454672014474510E+00  0.208022496989367E+00  0.617805145380130E+00 
 0.466258165396451E+00  0.180563903372562E+00  0.616715036503092E+00 
 0.476331013979929E+00  0.152015673931513E+00  0.615601953843660E+00 
 0.484738715743899E+00  0.122590282889613E+00  0.614421467136084E+00 
 0.491372269702796E+00  0.924840124947158E-01  0.613198375512266E+00 
 0.496155798825894E+00  0.618823342436172E-01  0.611903379245236E+00 
 0.499039183453332E+00  0.309821461204942E-01  0.610496433341446E+00 
 0.326540818641408E+00  0.378643755740140E+00  0.610655405386224E+00 
 0.340221486193714E+00  0.366400519011833E+00  0.607536934342215E+00 
 0.354327974935331E+00  0.352777105518807E+00  0.604172708092050E+00 
 0.368995934811685E+00  0.337404801525483E+00  0.600907245233282E+00 
 0.384097810207896E+00  0.320107594713870E+00  0.597932710393757E+00 
 0.399377761029953E+00  0.300827864392084E+00  0.595338219187045E+00 
 0.414496497884612E+00  0.279629492796078E+00  0.593124648186787E+00 
 0.429119869623788E+00  0.256624506807248E+00  0.591260319919392E+00 
 0.442932109765401E+00  0.231972296058755E+00  0.589682978188978E+00 
 0.455652125328985E+00  0.205866803256812E+00  0.588307057790932E+00 
 0.467042256887103E+00  0.178525993294538E+00  0.587032145623398E+00 
 0.476916847660921E+00  0.150167641045498E+00  0.585768515956459E+00 
 0.485138400062281E+00  0.120998895800788E+00  0.584464877202642E+00 
 0.491609980870463E+00  0.912119877458183E-01  0.583094110757455E+00 
 0.496265666818262E+00  0.609949828873290E-01  0.581628025234155E+00 
 0.499067021889353E+00  0.305304382951126E-01  0.580041164630665E+00 
 0.326915828330761E+00  0.378320024829261E+00  0.583703493353784E+00 
 0.340776607027025E+00  0.365884276928032E+00  0.579758629619647E+00 
 0.355049315197985E+00  0.352051109609729E+00  0.575803649273940E+00 
 0.369859143658021E+00  0.336458338955293E+00  0.572186282217772E+00 
 0.385065373724568E+00  0.318943032465609E+00  0.568985592748026E+00 
 0.400398571553778E+00  0.299467834495951E+00  0.566233562913721E+00 
 0.415516692332467E+00  0.278111269805965E+00  0.563893268009738E+00 
 0.427755033695713E+00  0.258893088258414E+00  0.230568407121376E-01 
 0.430087854965065E+00  0.254998896098688E+00  0.561909626358698E+00 
 0.443803190371659E+00  0.230301385614454E+00  0.560208272473775E+00 
 0.456393505816257E+00  0.204217942034353E+00  0.558702722947542E+00 
 0.467636531056768E+00  0.176963484428828E+00  0.557300818514237E+00 
 0.477360302328926E+00  0.148751947081160E+00  0.555922489292884E+00 
 0.485439956136909E+00  0.119783341854349E+00  0.554505020304018E+00 
 0.491787706097210E+00  0.902488345168187E-01  0.553005923633620E+00 
 0.496347384405629E+00  0.603263954972466E-01  0.551388021754269E+00 
 0.499087731953158E+00  0.301899952608896E-01  0.549638364980830E+00 
 0.326972885334484E+00  0.378270712924015E+00  0.557016405572727E+00 
 0.341043952746827E+00  0.365635094451860E+00  0.551523097116039E+00 
 0.355522536759295E+00  0.351573215498899E+00  0.546982932279675E+00 
 0.370494402081023E+00  0.335758690172905E+00  0.543098068189819E+00 
 0.385804469084164E+00  0.318048599485497E+00  0.539755148930839E+00 
 0.401191791780133E+00  0.298404333427393E+00  0.536903185756934E+00 
 0.416316137977134E+00  0.276913115001446E+00  0.534480533170365E+00 
 0.430850317375680E+00  0.253708502059501E+00  0.532419074880662E+00 
 0.444492560542654E+00  0.228968040613172E+00  0.530637589763443E+00 
 0.456983444984123E+00  0.202894383880982E+00  0.529048401506640E+00 
 0.468111552666540E+00  0.175703085516793E+00  0.527562512136969E+00 
 0.477716639332449E+00  0.147603565352977E+00  0.526097593706732E+00 
 0.485682704188121E+00  0.118795247600710E+00  0.524586859510434E+00 
 0.491931643914893E+00  0.894609284279508E-01  0.522971690141514E+00 
 0.496413971874123E+00  0.597759862165214E-01  0.521208788444841E+00 
 0.499104977369481E+00  0.299035376671402E-01  0.519274869549094E+00 
 0.326999880583769E+00  0.378247376855677E+00  0.527456017386597E+00 
 0.341285124204734E+00  0.365409994385156E+00  0.521984653145226E+00 
 0.355933212155588E+00  0.351157441163654E+00  0.517508920847493E+00 
 0.371031146671082E+00  0.335165463912889E+00  0.513638749666932E+00 
 0.386426796585178E+00  0.317292185344861E+00  0.510278862532658E+00 
 0.401862147427365E+00  0.297500948679271E+00  0.507399730231200E+00 
 0.416996941966683E+00  0.275886843452955E+00  0.504946686096731E+00 
 0.431505497907558E+00  0.252592567736168E+00  0.502850893638742E+00 
 0.445090428019429E+00  0.227803667410079E+00  0.501030785288307E+00 
 0.457499793640078E+00  0.201727387380311E+00  0.499397795002724E+00 
 0.468531639709505E+00  0.174579788610030E+00  0.497861232793191E+00 
 0.478034309097226E+00  0.146571481966777E+00  0.496338392625431E+00 
 0.485901630527739E+00  0.117896587950986E+00  0.494752508919847E+00 
 0.492062678403210E+00  0.887373682428042E-01  0.493036430028727E+00 
 0.455528494784767E+00  0.206140220333453E+00  0.278464309697709E-01 
 0.463374403722233E+00  0.187840788901306E+00  0.520279903025648E-01 
 0.469619986784233E+00  0.171630615021845E+00  0.769313658860036E-01 
 0.475441411216484E+00  0.154775529398152E+00  0.101736033353587E+00 
 0.481430845750223E+00  0.134997558349123E+00  0.125293439971904E+00 
 0.486568214272247E+00  0.115114607500166E+00  0.148087740105107E+00 
 0.490953742639447E+00  0.946806347059434E-01  0.170013118054611E+00 
 0.494647411874859E+00  0.729653200191944E-01  0.190481196653800E+00 
 0.497458819082352E+00  0.503460357644099E-01  0.209397932006223E+00 
 0.499149555884629E+00  0.291499718726769E-01  0.227242220151901E+00 
 0.499810705299116E+00  0.137571388159107E-01  0.241272934344085E+00 
 0.496475744817841E+00  0.592607358001075E-01  0.491124026075827E+00 
 0.499121310011586E+00  0.296296792476471E-01  0.488969627166287E+00 
 0.327284375594308E+00  0.378001240066542E+00  0.495745429170265E+00 
 0.341655876036248E+00  0.365063367608835E+00  0.491659679844519E+00 
 0.356385116993959E+00  0.350698800090908E+00  0.487633062278802E+00 
 0.371556666063418E+00  0.334582790806458E+00  0.483930699359787E+00 
 0.387022813150948E+00  0.316564909774799E+00  0.480635469183267E+00 
 0.402504693200683E+00  0.296631036729847E+00  0.477789123871501E+00 
 0.417655508312155E+00  0.274888843674158E+00  0.475353042950891E+00 
 0.432145358769349E+00  0.251496299961075E+00  0.473265587301131E+00 
 0.445680326630968E+00  0.226647405575520E+00  0.471445622234865E+00 
 0.458014877843470E+00  0.200555158682172E+00  0.469803698173602E+00 
 0.468954918939463E+00  0.173439568733556E+00  0.468247796771003E+00 
 0.478358295939222E+00  0.145510620595625E+00  0.466690738039756E+00 
 0.486126996361042E+00  0.116963855139061E+00  0.465053502726488E+00 
 0.492199510729392E+00  0.879752330928843E-01  0.463251982079386E+00 
 0.496540965109100E+00  0.587117532400727E-01  0.461196134075860E+00 
 0.499138876464788E+00  0.293322689451184E-01  0.458790253339846E+00 
 0.327494580794703E+00  0.377819136029532E+00  0.465558817906560E+00 
 0.341996386289485E+00  0.364744392369414E+00  0.461636803126541E+00 
 0.356832129770111E+00  0.350243959496415E+00  0.457737168460055E+00 
 0.372108612628102E+00  0.333968831491786E+00  0.454122588612468E+00 
 0.387664310061578E+00  0.315779009284152E+00  0.450914894903095E+00 
 0.403208720017203E+00  0.295673346959257E+00  0.448141399477133E+00 
 0.418383459157064E+00  0.273779621417974E+00  0.445764216790519E+00 
 0.432857538895012E+00  0.250268557796926E+00  0.443723228501786E+00 
 0.446341060849628E+00  0.225343421025839E+00  0.441940768495726E+00 
 0.458595855634046E+00  0.199223094030981E+00  0.440323654189088E+00 
 0.469436380244055E+00  0.172132172772433E+00  0.438774510473676E+00 
 0.478729291883526E+00  0.144285359938898E+00  0.437207702567524E+00 
 0.486387457766458E+00  0.115875972174917E+00  0.435542600310268E+00 
 0.441139655596562E+00  0.235363132754786E+00  0.322969740516280E-01 
 0.427545506259404E+00  0.259238963270165E+00  0.497485774697347E-01 
 0.414652563998448E+00  0.279398015686427E+00  0.665723937559197E-01 
 0.403454533259014E+00  0.295337839757711E+00  0.882014672767076E-01 
 0.392333413543072E+00  0.309958856330386E+00  0.110358842994862E+00 
 0.381373671356816E+00  0.323348299509713E+00  0.132988357304088E+00 
 0.369963219187762E+00  0.336343896106691E+00  0.154242332447155E+00 
 0.357380948238910E+00  0.349683939916974E+00  0.171981774668804E+00 
 0.345390649245874E+00  0.361531878834376E+00  0.190931973912167E+00 
 0.333683024557838E+00  0.372364927352098E+00  0.215929633342993E+00 
 0.492358606839349E+00  0.870804356397880E-01  0.433687260409337E+00 
 0.496617448919089E+00  0.580612558346425E-01  0.431513885132364E+00 
 0.499159460580942E+00  0.289798708165257E-01  0.428869753338020E+00 
 0.327649976694999E+00  0.377684382483267E+00  0.436230300282916E+00 
 0.342310924032311E+00  0.364449216336303E+00  0.431820565900571E+00 
 0.357317472312877E+00  0.349748801255896E+00  0.427811376741005E+00 
 0.372753903591878E+00  0.333248446893630E+00  0.424271245775179E+00 
 0.388440763622893E+00  0.314823399949978E+00  0.421186308893743E+00 
 0.404068562601878E+00  0.294497193054283E+00  0.418528493846359E+00 
 0.419273150422450E+00  0.272415170896985E+00  0.416243401741264E+00 
 0.433726211324449E+00  0.248760072379269E+00  0.414284592554273E+00 
 0.447147182486783E+00  0.223739574492604E+00  0.412578807694233E+00 
 0.459306374205174E+00  0.197579489356806E+00  0.411020094273251E+00 
 0.470026705176801E+00  0.170513625322554E+00  0.409500023069021E+00 
 0.479186055365850E+00  0.142761074326709E+00  0.407939204162927E+00 
 0.486709225580626E+00  0.114516940819720E+00  0.406276743530531E+00 
 0.492556505924163E+00  0.859539904354641E-01  0.404416800245570E+00 
 0.496712847913477E+00  0.572393808289656E-01  0.402190979236993E+00 
 0.499184901622451E+00  0.285382899309657E-01  0.399398205574495E+00 
 0.327777869439731E+00  0.377573394594416E+00  0.406379307906573E+00 
 0.342685396586354E+00  0.364097128478725E+00  0.401651443243381E+00 
 0.357946670322941E+00  0.349104828389296E+00  0.397721956950470E+00 
 0.373607132356434E+00  0.332291604847913E+00  0.394397108100368E+00 
 0.389463311097936E+00  0.313557537476988E+00  0.391531418651426E+00 
 0.405188396356583E+00  0.292954541623748E+00  0.389025733580277E+00 
 0.420415589233187E+00  0.270648724973372E+00  0.386849357085315E+00 
 0.434831507158832E+00  0.246822933257789E+00  0.385006557129397E+00 
 0.448168749643646E+00  0.221686201291039E+00  0.383430467746453E+00 
 0.460205269588532E+00  0.195476622241502E+00  0.381968380395174E+00 
 0.470772693437805E+00  0.168443079743022E+00  0.380483887670824E+00 
 0.479763106849633E+00  0.140809663397040E+00  0.378928563781198E+00 
 0.487117820823395E+00  0.112766256638533E+00  0.377299707682830E+00 
 0.492810010588844E+00  0.844884220673113E-01  0.375522409396783E+00 
 0.473466162107853E+00  0.160716499896123E+00  0.506108469769719E-01 
 0.478719122713243E+00  0.144319096271641E+00  0.751595971416349E-01 
 0.483659512697550E+00  0.126781212240491E+00  0.989766569490914E-01 
 0.488180364023603E+00  0.108073734930289E+00  0.121940021285632E+00 
 0.492012840776890E+00  0.890132827765310E-01  0.143973121792175E+00 
 0.495073041521476E+00  0.700191656525183E-01  0.164752499815565E+00 
 0.497657672017222E+00  0.483408883079231E-01  0.183074952163501E+00 
 0.499355499235983E+00  0.253788373016302E-01  0.201689916266825E+00 
 0.496836912608415E+00  0.561523131290041E-01  0.373333454769747E+00 
 0.499218248502338E+00  0.279488883903762E-01  0.370498148210085E+00 
 0.328060598975826E+00  0.377327766536763E+00  0.374949283152743E+00 
 0.343301030522683E+00  0.363516715491962E+00  0.370868618405473E+00 
 0.358885197377526E+00  0.348139936093655E+00  0.367462266396570E+00 
 0.374811928585086E+00  0.330932044671301E+00  0.364621838932145E+00 
 0.390861587016312E+00  0.311812796073365E+00  0.362087729107795E+00 
 0.406671405253841E+00  0.290892365229591E+00  0.359712386576323E+00 
 0.421892669123886E+00  0.268340410187364E+00  0.357611398899470E+00 
 0.436246303183098E+00  0.244313656922982E+00  0.355937864722402E+00 
 0.449471573537094E+00  0.219032656428417E+00  0.354590228374068E+00 
 0.461345643742377E+00  0.192769803132989E+00  0.353268120350385E+00 
 0.471712162964596E+00  0.165793954386950E+00  0.351783893362925E+00 
 0.480488957029222E+00  0.138312552477966E+00  0.350185338465380E+00 
 0.487637338470619E+00  0.110498082016346E+00  0.348627266185637E+00 
 0.493138383573854E+00  0.825501947070198E-01  0.347107476096329E+00 
 0.497001440479396E+00  0.546769435997040E-01  0.345049942524803E+00 
 0.499263003580029E+00  0.271376722702537E-01  0.342148530061173E+00 
 0.328591152198796E+00  0.376865831160995E+00  0.342854237572960E+00 
 0.344307795879481E+00  0.362563293366294E+00  0.339895026972334E+00 
 0.360298524762019E+00  0.346677044314032E+00  0.337240375780165E+00 
 0.376528439298982E+00  0.328977711097687E+00  0.335255873608464E+00 
 0.392770803147191E+00  0.309404421744601E+00  0.333099434799094E+00 
 0.408589367649296E+00  0.288192173113616E+00  0.330600365562360E+00 
 0.423758502606991E+00  0.265384120603100E+00  0.328467485658894E+00 
 0.438044322450294E+00  0.241075033068675E+00  0.327126857722554E+00 
 0.451123414307611E+00  0.215609983682211E+00  0.326225996974234E+00 
 0.462769097065034E+00  0.189327131710205E+00  0.325066534320714E+00 
 0.472861944842529E+00  0.162485633579529E+00  0.323427403964922E+00 
 0.481378058039034E+00  0.135185669501500E+00  0.321633707896971E+00 
 0.488296753312472E+00  0.107546644320031E+00  0.320193395768254E+00 
 0.493568292408058E+00  0.799396067628187E-01  0.319408637613083E+00 
 0.467525905339033E+00  0.177255543882038E+00  0.257303418083163E-01 
 0.497219835833768E+00  0.526539158414654E-01  0.317519653104891E+00 
 0.499318776420356E+00  0.260913685742711E-01  0.314235432008868E+00 
 0.329455278842364E+00  0.376110647606393E+00  0.311703882826013E+00 
 0.345840948288864E+00  0.361101147168849E+00  0.309272196224554E+00 
 0.362429870236379E+00  0.344448238724546E+00  0.306993759430356E+00 
 0.379007928449500E+00  0.326118061708361E+00  0.307108544962072E+00 
 0.395303313370309E+00  0.306162196292186E+00  0.304879104533353E+00 
 0.410846829197150E+00  0.284964704724371E+00  0.301300863141079E+00 
 0.426053201949625E+00  0.261684292819558E+00  0.299195344431044E+00 
 0.440354303020766E+00  0.236829237661012E+00  0.298709434738112E+00 
 0.453207714489072E+00  0.211193673029264E+00  0.298702692806758E+00 
 0.464482060994234E+00  0.185084885970056E+00  0.297560993487471E+00 
 0.474177960075337E+00  0.158604105176352E+00  0.295319322961173E+00 
 0.482414926559886E+00  0.131437584549549E+00  0.292994541087933E+00 
 0.489161600993237E+00  0.103541914767563E+00  0.291668787350162E+00 
 0.494161313185891E+00  0.761879029137565E-01  0.293197494796388E+00 
 0.497496453626734E+00  0.499727788783340E-01  0.290997708319105E+00 
 0.499365333464067E+00  0.251845931934870E-01  0.286349411259433E+00 
 0.333676893769383E+00  0.372370421172810E+00  0.253872889329424E+00 
 0.349117058292860E+00  0.357934742109424E+00  0.248063747842111E+00 
 0.364030716197568E+00  0.342755944754698E+00  0.242730816275803E+00 
 0.380287143625693E+00  0.324625458633502E+00  0.254183244124450E+00 
 0.398552268930400E+00  0.301920666616960E+00  0.245819960590172E+00 
 0.330649291361203E+00  0.375061389804835E+00  0.282529748263654E+00 
 0.348062157444085E+00  0.358960630926804E+00  0.278813043923872E+00 
 0.365988048470329E+00  0.340665155800943E+00  0.274434237295238E+00 
 0.383355427922971E+00  0.320996286399073E+00  0.283054112648516E+00 
 0.397445039199913E+00  0.303376730840352E+00  0.275947908091808E+00 
 0.413117600840489E+00  0.281662649060535E+00  0.270606924276616E+00 
 0.429008995556997E+00  0.256809816267169E+00  0.269612266527100E+00 
 0.443509489274454E+00  0.230866482893281E+00  0.271153532014308E+00 
 0.455812736404268E+00  0.205510946987390E+00  0.272826118708973E+00 
 0.466356101294476E+00  0.180310806069454E+00  0.270811368561201E+00 
 0.475443362185667E+00  0.154769536258233E+00  0.267002440050216E+00 
 0.483498971811218E+00  0.127392088677024E+00  0.263682529549160E+00 
 0.490494737523918E+00  0.970304718186147E-01  0.261460173949009E+00 
 0.495152133363632E+00  0.694576477102718E-01  0.271180233115990E+00 
 0.497627844260826E+00  0.486469795190119E-01  0.264145656952740E+00 
 0.499335907775580E+00  0.257614286470692E-01  0.257032395405961E+00 
 0.499555827610663E+00  0.210707166519329E-01  0.231010632821415E-01 
 0.477452219655136E+00  0.148456653425786E+00  0.249330121919061E-01 
 0.481973938020438E+00  0.133045567641583E+00  0.494775735815390E-01 
 0.486161481474701E+00  0.116820434558020E+00  0.734688462217135E-01 
 0.490011259626734E+00  0.994432774953740E-01  0.967222438202296E-01 
 0.493353468746046E+00  0.812548760151912E-01  0.119157851953037E+00 
 0.495995694532758E+00  0.631527592822898E-01  0.140470784544062E+00 
 0.497702754436515E+00  0.478745049719166E-01  0.159658709235077E+00 
 0.499437460900060E+00  0.237112346726457E-01  0.170505079675909E+00 
 0.499298570047477E+00  0.264752327382633E-01  0.479810119784413E-01 
 0.498014862177374E+00  0.445106397443401E-01  0.239026427684620E-01 
 0.499561098884097E+00  0.209453689801180E-01  0.935897876279309E-01 
 0.498766291128236E+00  0.351025189150728E-01  0.712928224442304E-01 
 0.497180912166004E+00  0.530201902842722E-01  0.478216620346320E-01 
 0.495218711023589E+00  0.689813616285961E-01  0.241615731222975E-01 
 0.499298686787915E+00  0.264730310290163E-01  0.116672897990069E+00 
 0.497912176469363E+00  0.456449835528699E-01  0.942120835714241E-01 
 0.496060013551404E+00  0.626455342014169E-01  0.713745772028203E-01 
 0.493682670179361E+00  0.792301783702179E-01  0.481051796541005E-01 
 0.491121555952737E+00  0.938062752621758E-01  0.243265125411208E-01 
 0.498766454765795E+00  0.351001937367878E-01  0.140625907818267E+00 
 0.497062475677152E+00  0.541192689686418E-01  0.117547198596367E+00 
 0.494737193453577E+00  0.723540559587213E-01  0.951086820619328E-01 
 0.491900177776265E+00  0.896337832721499E-01  0.721858674295475E-01 
 0.488683341101332E+00  0.105776141591756E+00  0.486469087419790E-01 
 0.485317329105837E+00  0.120279217114083E+00  0.244660957185300E-01 
 0.313000013679266E+00  0.341174448198833E+00  0.201295688713282E-01 
 0.313000013679266E+00  0.341174448198833E+00  0.537817048653847E-01 
 0.313000013679266E+00  0.341174448198833E+00  0.833870462143415E-01 
 0.313000013679266E+00  0.341174448198833E+00  0.117929260249660E+00 
 0.313000013679266E+00  0.341174448198833E+00  0.154123436885522E+00 
 0.313000013679266E+00  0.341174448198833E+00  0.184491568476676E+00 
 0.313000013679266E+00  0.341174448198833E+00  0.212206841135293E+00 
 0.313000013679266E+00  0.341174448198833E+00  0.242037047750896E+00 
 0.313000013679266E+00  0.341174448198833E+00  0.268712460765633E+00 
 0.313000013679266E+00  0.341174448198833E+00  0.296362703737707E+00 
 0.313000013679266E+00  0.341174448198833E+00  0.329928680022030E+00 
 0.313000013679266E+00  0.341174448198833E+00  0.369608356859312E+00 
 0.313000013679266E+00  0.341174448198833E+00  0.405027226889980E+00 
 0.313000013679266E+00  0.341174448198833E+00  0.431162353018468E+00 
 0.313000013679266E+00  0.341174448198833E+00  0.454392483233640E+00 
 0.313000013679266E+00  0.341174448198833E+00  0.482075982572108E+00 
 0.313000013679266E+00  0.341174448198833E+00  0.512775494304157E+00 
 0.313000013679266E+00  0.341174448198833E+00  0.539465616147808E+00 
 0.313000013679266E+00  0.341174448198833E+00  0.564901223787676E+00 
 0.313000013679266E+00  0.341174448198833E+00  0.593081632228930E+00 
 0.313000013679266E+00  0.341174448198833E+00  0.624473057002402E+00 
 0.313000013679266E+00  0.341174448198833E+00  0.658407153833672E+00 
 0.313000013679266E+00  0.341174448198833E+00  0.689950854617029E+00 
 0.313000013679266E+00  0.341174448198833E+00  0.720857264124772E+00 
 0.313000013679266E+00  0.341174448198833E+00  0.752610881169210E+00 
 0.313000013679266E+00  0.341174448198833E+00  0.788305619343249E+00 
 0.313000013679266E+00  0.341174448198833E+00  0.824882079992732E+00 
 0.313000013679266E+00  0.341174448198833E+00  0.857011727025737E+00 
 0.313000013679266E+00  0.341174448198833E+00  0.886546139138703E+00 
 0.313000013679266E+00  0.341174448198833E+00  0.913906500153612E+00 
 0.313000013679266E+00  0.341174448198833E+00  0.938709967405186E+00 
 0.313000013679266E+00  0.341174448198833E+00  0.961253750894355E+00 
 0.313000013679266E+00  0.341174448198833E+00  0.983211763040605E+00 
 0.313000013679266E+00  0.352160909189121E+00  0.656481966258879E-01 
 0.313000013679266E+00  0.352441260871267E+00  0.261535755385997E+00 
 0.313000013679266E+00  0.351933254956123E+00  0.282528438017421E+00 
 0.313000013679266E+00  0.352810592962356E+00  0.423707065379055E+00 
 0.313000013679266E+00  0.352332925361485E+00  0.443535541225898E+00 
 0.313000013679266E+00  0.352505322508700E+00  0.532575023925059E+00 
 0.313000013679266E+00  0.353450634073756E+00  0.556375782576606E+00 
 0.313000013679266E+00  0.352045761122011E+00  0.580251810018408E+00 
 0.313000013679266E+00  0.352344799422159E+00  0.929694321906894E+00 
 0.313000013679266E+00  0.353183731470093E+00  0.951230736601511E+00 
 0.313000013679266E+00  0.351096688150184E+00  0.972104367891058E+00 
 0.313000013679266E+00  0.363108664360738E+00  0.969170974229817E+00 
 0.313000013679266E+00  0.375810366974468E+00  0.961101925366958E+00 
 0.313000013679266E+00  0.379624879852255E+00  0.982669806838410E+00 
 0.313000013679266E+00  0.365583489351685E+00  0.938548299048924E+00 
 0.313000013679266E+00  0.378948008559414E+00  0.935469991375948E+00 
 0.313000013679266E+00  0.373249568272570E+00  0.917170854636332E+00 
 0.313000013679266E+00  0.358094995303782E+00  0.907405964382142E+00 
 0.313000013679266E+00  0.373998184410953E+00  0.892707145992480E+00 
 0.313000013679266E+00  0.357464409156689E+00  0.842266386650907E+00 
 0.313000013679266E+00  0.357540158581423E+00  0.874195624947776E+00 
 0.313000013679266E+00  0.373750430662666E+00  0.860907537838078E+00 
 0.313000013679266E+00  0.373750318675776E+00  0.827321977337022E+00 
 0.313000013679266E+00  0.357235697929431E+00  0.774300644389004E+00 
 0.313000013679266E+00  0.357359471144369E+00  0.808379102446948E+00 
 0.313000013679266E+00  0.373637589823711E+00  0.793150583299772E+00 
 0.313000013679266E+00  0.373452543663144E+00  0.762009174206375E+00 
 0.313000013679266E+00  0.357261690198518E+00  0.712443618064060E+00 
 0.313000013679266E+00  0.357238223194219E+00  0.742490063881943E+00 
 0.313000013679266E+00  0.374354227519127E+00  0.250436468340109E-01 
 0.313000013679266E+00  0.373476998666526E+00  0.733383224447895E+00 
 0.313000013679266E+00  0.373492280578160E+00  0.705188791808424E+00 
 0.313000013679266E+00  0.357180844839121E+00  0.650793067745431E+00 
 0.313000013679266E+00  0.357279974924233E+00  0.682338010525453E+00 
 0.313000013679266E+00  0.373503630294264E+00  0.676098876755223E+00 
 0.313000013679266E+00  0.373272612631500E+00  0.645452762046106E+00 
 0.313000013679266E+00  0.356675173760073E+00  0.611393098655926E+00 
 0.313000013679266E+00  0.373276098416279E+00  0.614017197545210E+00 
 0.313000013679266E+00  0.359761984605173E+00  0.229468732369181E-01 
 0.313000013679266E+00  0.352461931497524E+00  0.438492014049634E-01 
 0.313000013679266E+00  0.365263315881861E+00  0.579725568415658E+00 
 0.313000013679266E+00  0.378564532046978E+00  0.591916167473774E+00 
 0.313000013679266E+00  0.364932826041904E+00  0.545498896128071E+00 
 0.313000013679266E+00  0.377196265706484E+00  0.562805580748799E+00 
 0.313000013679266E+00  0.374955013017665E+00  0.531795905656327E+00 
 0.313000013679266E+00  0.359569488184225E+00  0.513001522867627E+00 
 0.313000013679266E+00  0.374625689648089E+00  0.504406391521619E+00 
 0.313000013679266E+00  0.357200939785552E+00  0.470754645160184E+00 
 0.313000013679266E+00  0.373903848592729E+00  0.471651585221590E+00 
 0.313000013679266E+00  0.365733843621405E+00  0.440769723519603E+00 
 0.313000013679266E+00  0.378108227943119E+00  0.555652631638750E-01 
 0.313000013679266E+00  0.365188473806801E+00  0.553683451713804E-01 
 0.313000013679266E+00  0.378991434397348E+00  0.449224764632716E+00 
 0.313000013679266E+00  0.376482014561278E+00  0.423519269042028E+00 
 0.313000013679266E+00  0.360054848942804E+00  0.402976590220792E+00 
 0.313000013679266E+00  0.374468900221081E+00  0.389510104527711E+00 
 0.313000013679266E+00  0.357311243842307E+00  0.360234512472495E+00 
 0.313000013679266E+00  0.373440406733396E+00  0.351808560659847E+00 
 0.313000013679266E+00  0.357054301177390E+00  0.313953926166813E+00 
 0.313000013679266E+00  0.373679579157851E+00  0.314080451625294E+00 
 0.313000013679266E+00  0.374718288236419E+00  0.870409205565157E-01 
 0.313000013679266E+00  0.358223265806967E+00  0.951837316273870E-01 
 0.313000013679266E+00  0.364957308634895E+00  0.277733805837625E+00 
 0.313000013679266E+00  0.377995666549948E+00  0.283842612926948E+00 
 0.313000013679266E+00  0.374330834517418E+00  0.256587523144648E+00 
 0.313000013679266E+00  0.357783484865779E+00  0.203554924103957E+00 
 0.313000013679266E+00  0.359458006348971E+00  0.240030871157637E+00 
 0.313000013679266E+00  0.374590612260875E+00  0.227492163855194E+00 
 0.313000013679266E+00  0.373926441872964E+00  0.191999256852942E+00 
 0.313000013679266E+00  0.357293458831029E+00  0.138323148912206E+00 
 0.313000013679266E+00  0.357507680214101E+00  0.171894364600333E+00 
 0.313000013679266E+00  0.373669033801014E+00  0.158681268999932E+00 
 0.313000013679266E+00  0.373667459714669E+00  0.123738044592318E+00 
 0.463000013679276E+00 -0.346944695195361E-17  0.190760107169639E-01 
 0.463000013679276E+00 -0.346944695195361E-17  0.449510791214882E-01 
 0.463000013679276E+00 -0.346944695195361E-17  0.741660070367373E-01 
 0.463000013679276E+00 -0.346944695195361E-17  0.105019972767500E+00 
 0.463000013679276E+00 -0.346944695195361E-17  0.134045306690719E+00 
 0.463000013679276E+00 -0.346944695195361E-17  0.163350017417255E+00 
 0.463000013679276E+00 -0.346944695195361E-17  0.193060758877533E+00 
 0.463000013679276E+00 -0.346944695195361E-17  0.222910179296520E+00 
 0.463000013679276E+00 -0.346944695195361E-17  0.252458636030357E+00 
 0.463000013679276E+00 -0.346944695195361E-17  0.281748153469409E+00 
 0.463000013679276E+00 -0.346944695195361E-17  0.310657374377924E+00 
 0.463000013679276E+00 -0.346944695195361E-17  0.338925543486096E+00 
 0.463000013679276E+00 -0.346944695195361E-17  0.364745707199457E+00 
 0.463000013679276E+00 -0.346944695195361E-17  0.390297979572198E+00 
 0.463000013679276E+00 -0.346944695195361E-17  0.423424230510135E+00 
 0.463000013679276E+00 -0.346944695195361E-17  0.455217567727612E+00 
 0.463000013679276E+00 -0.346944695195361E-17  0.486670081532042E+00 
 0.463000013679276E+00 -0.346944695195361E-17  0.517753720864730E+00 
 0.463000013679276E+00 -0.346944695195361E-17  0.548376666111199E+00 
 0.463000013679276E+00 -0.346944695195361E-17  0.578739010362285E+00 
 0.463000013679276E+00 -0.346944695195361E-17  0.609116060808652E+00 
 0.463000013679276E+00 -0.346944695195361E-17  0.639341369762107E+00 
 0.463000013679276E+00 -0.346944695195361E-17  0.670846676037010E+00 
 0.463000013679276E+00 -0.346944695195361E-17  0.702168084875219E+00 
 0.463000013679276E+00 -0.346944695195361E-17  0.733868436647091E+00 
 0.463000013679276E+00 -0.346944695195361E-17  0.765288110493526E+00 
 0.463000013679276E+00 -0.346944695195361E-17  0.794082468051398E+00 
 0.463000013679276E+00 -0.346944695195361E-17  0.824378231127023E+00 
 0.463000013679276E+00 -0.346944695195361E-17  0.854349529596241E+00 
 0.463000013679276E+00 -0.346944695195361E-17  0.886195691203630E+00 
 0.463000013679276E+00 -0.346944695195361E-17  0.917449556376957E+00 
 0.463000013679276E+00 -0.346944695195361E-17  0.944771148784904E+00 
 0.463000013679276E+00 -0.346944695195361E-17  0.977194913190957E+00 
 0.434565908399429E+00  0.159754448839389E+00  0.897047442133647E+00 
 0.428193369614262E+00  0.176123396757453E+00  0.871737588373371E+00 
 0.421865986530357E+00  0.190782866305571E+00  0.900280353432606E+00 
 0.422008077942010E+00  0.190468356476059E+00  0.107899591167845E+00 
 0.414905918708608E+00  0.205480148159300E+00  0.830470189981091E-01 
 0.428318838556706E+00  0.175818045730334E+00  0.792609759839030E-01 
 0.459627935863759E+00  0.557778920417452E-01  0.820036932821921E+00 
 0.456161603076147E+00  0.792818046338589E-01  0.811353387265947E+00 
 0.454892727562409E+00  0.862648194679207E-01  0.840997080400272E+00 
 0.450571583859950E+00  0.106556372333780E+00  0.815530803840042E+00 
 0.449892298869650E+00  0.109388902932519E+00  0.870513227104345E+00 
 0.446167489655616E+00  0.123707654740535E+00  0.843659807933204E+00 
 0.441853664034604E+00  0.138326975844165E+00  0.817309411528992E+00 
 0.444879067245787E+00  0.128263900585924E+00  0.896748792708305E+00 
 0.440468530461709E+00  0.142676158975141E+00  0.870848960561845E+00 
 0.435647021492377E+00  0.156782286409588E+00  0.845166562280531E+00 
 0.431752284157161E+00  0.167209383086214E+00  0.820260848365690E+00 
 0.435270944969207E+00  0.157823373213892E+00  0.943141679434019E+00 
 0.425585959278352E+00  0.182333770684765E+00  0.950370345479354E+00 
 0.439882059940266E+00  0.144474170735483E+00  0.921351867289037E+00 
 0.429302706232494E+00  0.173401842805825E+00  0.923061227717669E+00 
 0.416948036671436E+00  0.201304116656457E+00  0.929042287060870E+00 
 0.460247235128572E+00  0.504132445246746E-01  0.200531923990816E-01 
 0.461988165551906E+00  0.305932599927013E-01  0.376105900599015E-01 
 0.420958651768256E+00  0.192776622463548E+00  0.843315439826450E+00 
 0.412538989498707E+00  0.210191804812623E+00  0.875942020833238E+00 
 0.407287655818355E+00  0.220194863893307E+00  0.906982466507080E+00 
 0.409683573463996E+00  0.215704386373512E+00  0.824995046323829E+00 
 0.395671582359162E+00  0.240443364600479E+00  0.886481109065972E+00 
 0.398279158333845E+00  0.236098972263511E+00  0.851233502293493E+00 
 0.382899207648159E+00  0.260302150297327E+00  0.871332483915914E+00 
 0.387203945842753E+00  0.253854519342877E+00  0.832361694854251E+00 
 0.376813278976535E+00  0.269036736253528E+00  0.847942364125108E+00 
 0.357211317490853E+00  0.294565930350822E+00  0.836188468059972E+00 
 0.426722715634220E+00  0.179657275468477E+00  0.778911054361337E+00 
 0.415644216406378E+00  0.203982592480168E+00  0.781325465959279E+00 
 0.401775518156820E+00  0.230098773740368E+00  0.782893224072180E+00 
 0.445171236645420E+00  0.127246150160170E+00  0.729496954643637E+00 
 0.392690640458094E+00  0.245281620925036E+00  0.732407976287947E+00 
 0.444360386345624E+00  0.130049451032156E+00  0.667753795521287E+00 
 0.390930511887228E+00  0.248077301546496E+00  0.675365079891611E+00 
 0.444664774741010E+00  0.129004847860552E+00  0.606437104675451E+00 
 0.388710543402505E+00  0.251541499786278E+00  0.615350866125369E+00 
 0.441488212519327E+00  0.139488963267659E+00  0.522573636188550E+00 
 0.386709567885728E+00  0.254606996707934E+00  0.524550414702267E+00 
 0.436498817440155E+00  0.154394932042291E+00  0.466819302616416E+00 
 0.425148037663924E+00  0.183352553125161E+00  0.469408428987730E+00 
 0.413915054939998E+00  0.207468889140085E+00  0.472703146291867E+00 
 0.424118929941165E+00  0.185720612567808E+00  0.365776872564495E+00 
 0.455356473822855E+00  0.837824230648444E-01  0.224778244990997E-01 
 0.458816975649444E+00  0.620966627356016E-01  0.427390197210057E-01 
 0.461541314045922E+00  0.367236721442887E-01  0.602300621244485E-01 
 0.411849375282931E+00  0.211539841982692E+00  0.368216110589652E+00 
 0.396218216286573E+00  0.239541515712180E+00  0.370907486021944E+00 
 0.441754552175321E+00  0.138643168960387E+00  0.288679078131741E+00 
 0.385688370510344E+00  0.256151309815265E+00  0.287695496955520E+00 
 0.439083783727147E+00  0.146882413974068E+00  0.233350239807815E+00 
 0.383699444879514E+00  0.259121108106138E+00  0.226436654881020E+00 
 0.346902189457474E+00  0.306639664128121E+00  0.165123948726925E+00 
 0.362596870745053E+00  0.287910614588784E+00  0.175938180633039E+00 
 0.362106984132814E+00  0.288526506077404E+00  0.147227683340958E+00 
 0.378833725797212E+00  0.266184185979562E+00  0.157651632382112E+00 
 0.376435226315098E+00  0.269565452267347E+00  0.127328942033886E+00 
 0.389299883498948E+00  0.250628436883580E+00  0.105161892403663E+00 
 0.395968942518317E+00  0.239953348024003E+00  0.165856160386111E+00 
 0.393763879149366E+00  0.243554963292160E+00  0.134508284227012E+00 
 0.410822557595990E+00  0.213527138409365E+00  0.172660685181070E+00 
 0.412656813147497E+00  0.209960394431793E+00  0.140035322077772E+00 
 0.406086350783631E+00  0.222402536798115E+00  0.109411032345876E+00 
 0.400091317771286E+00  0.233014913924063E+00  0.820840507281555E-01 
 0.457606498852991E+00  0.704649194600352E-01  0.140920699410981E+00 
 0.451142702610118E+00  0.104111836736454E+00  0.153911531484047E+00 
 0.451098341447308E+00  0.104303878214031E+00  0.124311112233840E+00 
 0.433537018171898E+00  0.162525894987897E+00  0.180891252721626E+00 
 0.440789227474303E+00  0.141682284035810E+00  0.151921253059766E+00 
 0.441325652916823E+00  0.140002431209378E+00  0.122436721555138E+00 
 0.446098259062195E+00  0.123957072927189E+00  0.983758099928200E-01 
 0.424895798833647E+00  0.183936328115239E+00  0.161709943641631E+00 
 0.430435860938916E+00  0.170569581944651E+00  0.131268769442018E+00 
 0.435248711156606E+00  0.157884679761879E+00  0.102111696858124E+00 
 0.440181416575271E+00  0.143559510896301E+00  0.754972091376739E-01 
 0.408492417424789E+00  0.217951732210263E+00  0.607997509997025E-01 
 0.420809137311620E+00  0.193102777354578E+00  0.552120858924391E-01 
 0.433560412049653E+00  0.162463478266142E+00  0.519242310723008E-01 
 0.462395850015379E+00  0.236450958033812E-01  0.924577857829712E+00 
 0.458937149991794E+00  0.612021651938092E-01  0.977874173425802E+00 
 0.448040047849586E+00  0.116743857182888E+00  0.240901680619475E-01 
 0.452869153660612E+00  0.963251905252269E-01  0.464971945067809E-01 
 0.456995392309603E+00  0.743251241155632E-01  0.670009344457907E-01 
 0.460196115076162E+00  0.508777784087341E-01  0.847846974120047E-01 
 0.462028052270209E+00  0.299848558841580E-01  0.100768610583281E+00 
 0.461788767371943E+00  0.334685971635939E-01  0.962973020066813E+00 
 0.461425417080317E+00  0.381522887813258E-01  0.903548268560509E+00 
 0.459965561968698E+00  0.529215879374358E-01  0.928422956563570E+00 
 0.457583199501229E+00  0.706160619209272E-01  0.952481980814052E+00 
 0.454496929893433E+00  0.883264025331292E-01  0.975680071497533E+00 
 0.462374315378961E+00  0.240625257367800E-01  0.854535766714561E+00 
 0.460886329180331E+00  0.441905447090034E-01  0.877323368905833E+00 
 0.458285512925214E+00  0.659044862651643E-01  0.900886251246524E+00 
 0.455318621673913E+00  0.839878885552474E-01  0.925532733224385E+00 
 0.451681264627368E+00  0.101749928017768E+00  0.949784433704356E+00 
 0.447390173828965E+00  0.119210087779040E+00  0.974249094536901E+00 
 0.461916322035433E+00  0.316595025901443E-01  0.829052548734615E+00 
 0.459909644598792E+00  0.534053505934872E-01  0.849286415948073E+00 
 0.456658378951034E+00  0.763684332745872E-01  0.872668774720210E+00 
 0.452779387090099E+00  0.967462624255535E-01  0.898214859117598E+00 
 0.448544448195763E+00  0.114790638380300E+00  0.923207847718509E+00 
 0.443760948591627E+00  0.132080404194022E+00  0.947539918484298E+00 
 0.436183217050149E+00  0.155284300013813E+00  0.971104221785908E+00 
 0.333111925282607E+00  0.321567190337433E+00  0.976543130088166E+00 
 0.373135520528050E+00  0.274114749671117E+00  0.979529313613311E+00 
 0.355248235347908E+00  0.296930469890163E+00  0.971125111496451E+00 
 0.334953825846023E+00  0.319648161606020E+00  0.950015867865948E+00 
 0.386807521565042E+00  0.254458157518502E+00  0.972658137636997E+00 
 0.327794795633069E+00  0.326985603081957E+00  0.896567150611534E+00 
 0.372470287530812E+00  0.275017994999804E+00  0.954492388456924E+00 
 0.355738796985694E+00  0.296342573698359E+00  0.938096185824936E+00 
 0.336375995202436E+00  0.318151225863687E+00  0.919792433705653E+00 
 0.399239287973756E+00  0.234471754386772E+00  0.962014502036731E+00 
 0.388057792464509E+00  0.252547346797730E+00  0.944245861453457E+00 
 0.374430972126211E+00  0.272342541259383E+00  0.925998109962580E+00 
 0.359372773930194E+00  0.291925028088915E+00  0.907190588247630E+00 
 0.344729358293193E+00  0.309080381450779E+00  0.888882001663051E+00 
 0.329641855846388E+00  0.325123452770092E+00  0.871776781981920E+00 
 0.462205094586437E+00  0.271194248710947E-01  0.797571165514586E+00 
 0.459354600890959E+00  0.579858888636605E-01  0.789524643376417E+00 
 0.438343497267841E+00  0.149077131277724E+00  0.254473324276727E-01 
 0.444401796663482E+00  0.129907874238888E+00  0.493277481160806E-01 
 0.449856834096350E+00  0.109534658824535E+00  0.719720876085435E-01 
 0.454625661974395E+00  0.876613948174659E-01  0.936813934239554E-01 
 0.458834370654157E+00  0.619679995917666E-01  0.111931844045139E+00 
 0.461813128350791E+00  0.331307583651992E-01  0.126206725375421E+00 
 0.454469323482558E+00  0.884683371625526E-01  0.788430330865681E+00 
 0.447332068461930E+00  0.119427941423141E+00  0.789373523372208E+00 
 0.436426780001706E+00  0.154598442308905E+00  0.789760034878720E+00 
 0.421811038998049E+00  0.190904321706941E+00  0.806656278600789E+00 
 0.409159723027708E+00  0.216696409104748E+00  0.801706134673845E+00 
 0.395801972408317E+00  0.240228664619124E+00  0.812405218909035E+00 
 0.376707995773890E+00  0.269184135095324E+00  0.817881657263129E+00 
 0.361876351724676E+00  0.288815717594169E+00  0.801994336733003E+00 
 0.338348749263059E+00  0.316052426883768E+00  0.811711080730656E+00 
 0.422089215476091E+00  0.190288483218977E+00  0.976537565217164E+00 
 0.412594793689500E+00  0.210082243150917E+00  0.958131302943503E+00 
 0.402961926397853E+00  0.228014689309120E+00  0.935740164345535E+00 
 0.391404525236475E+00  0.247328749423538E+00  0.915904181187868E+00 
 0.378133886425565E+00  0.267177425325750E+00  0.897093684618487E+00 
 0.364125681660793E+00  0.285974650313729E+00  0.873191411735012E+00 
 0.346278398985080E+00  0.307343916587469E+00  0.862142064032381E+00 
 0.332937788184528E+00  0.321747481522064E+00  0.842872506572083E+00 
 0.383406712978798E+00  0.259554050459233E+00  0.786776845630184E+00 
 0.367268120369500E+00  0.281927544640908E+00  0.775254984566822E+00 
 0.347997941353394E+00  0.305395555764644E+00  0.779598697900252E+00 
 0.436528898344181E+00  0.154309862216946E+00  0.720954673715671E+00 
 0.421578990299783E+00  0.191416215626619E+00  0.728450055363852E+00 
 0.405608727115011E+00  0.223272419154590E+00  0.738050549827186E+00 
 0.462014960359356E+00  0.301859084862358E-01  0.729899575280126E+00 
 0.459386043599283E+00  0.577362590855926E-01  0.723143945466430E+00 
 0.453640304529506E+00  0.926255190181251E-01  0.734626955213380E+00 
 0.461983842205675E+00  0.306584769334432E-01  0.762413737651777E+00 
 0.458341051333141E+00  0.655171224172134E-01  0.756990389674212E+00 
 0.452278442984923E+00  0.990617114637829E-01  0.765561061568190E+00 
 0.445246516244397E+00  0.126982488710944E+00  0.759969532251175E+00 
 0.434236292108004E+00  0.160648234609940E+00  0.752876024789818E+00 
 0.422026942342599E+00  0.190426554356154E+00  0.758930308193424E+00 
 0.410425968427185E+00  0.214288443709898E+00  0.758945200947424E+00 
 0.395903563324729E+00  0.240061203058271E+00  0.759017252374107E+00 
 0.379878116564192E+00  0.264691573765849E+00  0.755423132472092E+00 
 0.361604931374691E+00  0.289155470763569E+00  0.751526008650362E+00 
 0.339807915500966E+00  0.314483057142804E+00  0.752222825029298E+00 
 0.376527723926051E+00  0.269436236950537E+00  0.727699812102141E+00 
 0.357732298534516E+00  0.293933011504676E+00  0.724208759710766E+00 
 0.336464457458532E+00  0.318057670138816E+00  0.722489590737938E+00 
 0.432317610101661E+00  0.165742259737782E+00  0.661576213324987E+00 
 0.418560334620970E+00  0.197929934443942E+00  0.666196082456694E+00 
 0.406480042219172E+00  0.221682177778240E+00  0.683277564748776E+00 
 0.461928986635985E+00  0.314741794563260E-01  0.667844586713285E+00 
 0.459154227258843E+00  0.595517275764198E-01  0.665045575512266E+00 
 0.453411701296695E+00  0.937381554877037E-01  0.673952351280679E+00 
 0.461924713984514E+00  0.315368241476739E-01  0.698674072485104E+00 
 0.458131032700767E+00  0.669699152122093E-01  0.695835621929320E+00 
 0.451596360514809E+00  0.102126097726184E+00  0.707090311652248E+00 
 0.444530008496790E+00  0.129468468025390E+00  0.698825511562176E+00 
 0.434061639600590E+00  0.161119538524182E+00  0.693604675026808E+00 
 0.420631442487666E+00  0.193489540434997E+00  0.692914205716006E+00 
 0.406827650689970E+00  0.221043604976671E+00  0.712455909976354E+00 
 0.409407512855598E+00  0.216227891550550E+00  0.312417845125589E-01 
 0.395493445143891E+00  0.240736261321841E+00  0.543524761609762E-01 
 0.384379443411851E+00  0.258111325108752E+00  0.772859661638169E-01 
 0.372406195296470E+00  0.275104777079216E+00  0.991480687074018E-01 
 0.359482189273592E+00  0.291790281301591E+00  0.119428303395499E+00 
 0.345854552250419E+00  0.307820794220693E+00  0.137862332209082E+00 
 0.332568768538772E+00  0.322128897895860E+00  0.154071974384917E+00 
 0.391624441069979E+00  0.246980383479393E+00  0.704726236013588E+00 
 0.374554675143551E+00  0.272172386540419E+00  0.699234964333640E+00 
 0.355576899967833E+00  0.296536812008664E+00  0.695159356017547E+00 
 0.334971103365262E+00  0.319630055810237E+00  0.692164176785069E+00 
 0.373297977867851E+00  0.273893469047313E+00  0.669842436383620E+00 
 0.354314321374790E+00  0.298044248955952E+00  0.665232008342881E+00 
 0.334173547770970E+00  0.320463808623001E+00  0.661347098433098E+00 
 0.436549869837516E+00  0.154250522890021E+00  0.599370177204849E+00 
 0.422397974298499E+00  0.189602120176767E+00  0.608642752159628E+00 
 0.403700999535124E+00  0.226703585417930E+00  0.621929006782581E+00 
 0.462262968006150E+00  0.261143844871173E-01  0.602774202477256E+00 
 0.458846862322911E+00  0.618754361877190E-01  0.612488860281935E+00 
 0.452485993628893E+00  0.981093177872172E-01  0.610578368893026E+00 
 0.461603881394117E+00  0.359286702910582E-01  0.635357242798651E+00 
 0.457609109957735E+00  0.704479605857450E-01  0.644665844906942E+00 
 0.452360519698645E+00  0.986862345262593E-01  0.641400108413809E+00 
 0.444399178774417E+00  0.129916829439532E+00  0.636162373285658E+00 
 0.434805016416036E+00  0.159102515273797E+00  0.626684503391279E+00 
 0.423813787073864E+00  0.186415896728552E+00  0.641291259352908E+00 
 0.408150576024814E+00  0.218591216560994E+00  0.649374474882819E+00 
 0.390062071651355E+00  0.249440559905671E+00  0.645344381684780E+00 
 0.372255648496747E+00  0.275308453973473E+00  0.639936525336570E+00 
 0.353425013674815E+00  0.299098265417827E+00  0.634865844786820E+00 
 0.333622284631278E+00  0.321037667360705E+00  0.629963723700663E+00 
 0.371290380568034E+00  0.276608868195946E+00  0.609890582471389E+00 
 0.352746537173592E+00  0.299898138005282E+00  0.604547108572663E+00 
 0.333298228940095E+00  0.321374086155670E+00  0.599208402291497E+00 
 0.461877658157263E+00  0.322186523951467E-01  0.577085487091116E+00 
 0.458053659592777E+00  0.674970932756787E-01  0.579574533105136E+00 
 0.451639214389336E+00  0.101936414949626E+00  0.581543054258016E+00 
 0.443661649179131E+00  0.132413570734465E+00  0.578668078601397E+00 
 0.433943997637148E+00  0.161436116100731E+00  0.575554613085105E+00 
 0.426047764769229E+00  0.181252075304376E+00  0.270750176631380E-01 
 0.422629366678809E+00  0.189085777063399E+00  0.574202217028519E+00 
 0.406872309000140E+00  0.220961392184014E+00  0.589137500126222E+00 
 0.387916820584852E+00  0.252763828453244E+00  0.585665172413578E+00 
 0.370483984929294E+00  0.277688007623498E+00  0.579928738489807E+00 
 0.352199677029843E+00  0.300540180619947E+00  0.574640517903682E+00 
 0.333048149566399E+00  0.321633242587569E+00  0.569780901885726E+00 
 0.430112118677392E+00  0.171384299262925E+00  0.520912289537234E+00 
 0.417434896220851E+00  0.200292586193521E+00  0.515887333579773E+00 
 0.402484798496115E+00  0.228855849054693E+00  0.533766327390947E+00 
 0.461743826089899E+00  0.340830124087976E-01  0.516524642259044E+00 
 0.458507272017268E+00  0.643435635808597E-01  0.512929696753749E+00 
 0.451624540583692E+00  0.102001406899945E+00  0.524506552275811E+00 
 0.461679075726348E+00  0.349491588376946E-01  0.547484611982673E+00 
 0.457091236325744E+00  0.737334004451441E-01  0.546734307114055E+00 
 0.449822840447762E+00  0.109674175987359E+00  0.556589854559990E+00 
 0.442316218995380E+00  0.136840692341965E+00  0.551143881011815E+00 
 0.431703071645183E+00  0.167336399504448E+00  0.548748429163936E+00 
 0.416589278990876E+00  0.202045503035490E+00  0.548908205707389E+00 
 0.400620610277018E+00  0.232103725278747E+00  0.563266787439318E+00 
 0.386475502117517E+00  0.254962151955959E+00  0.555771596398465E+00 
 0.369733351768706E+00  0.278686672190967E+00  0.549811703680452E+00 
 0.351625988034440E+00  0.301211183732941E+00  0.545143281882851E+00 
 0.391025932694883E+00  0.247926869514174E+00  0.265820774734100E-01 
 0.379346582280166E+00  0.265452788983949E+00  0.503466895027245E-01 
 0.367538402225839E+00  0.281575097542866E+00  0.724523963245700E-01 
 0.355152872886242E+00  0.297044524520558E+00  0.929550508678212E-01 
 0.342731201472972E+00  0.311294613194461E+00  0.112134933469767E+00 
 0.329015699676731E+00  0.325757090534079E+00  0.129985362981389E+00 
 0.332717665287001E+00  0.321975104430395E+00  0.541570303221386E+00 
 0.369109872482893E+00  0.279511922290731E+00  0.519417169665393E+00 
 0.350733342821460E+00  0.302250119768843E+00  0.515845296714638E+00 
 0.332063305685243E+00  0.322649924352053E+00  0.513562923219325E+00 
 0.461150920410141E+00  0.413381333864766E-01  0.455356489560907E+00 
 0.455123180208468E+00  0.850405991508233E-01  0.462033131500265E+00 
 0.446863604088146E+00  0.121169022478316E+00  0.465694460225432E+00 
 0.461529919345084E+00  0.368666002815286E-01  0.486140711448708E+00 
 0.456979172973807E+00  0.744247817274387E-01  0.488473463835798E+00 
 0.449423420940765E+00  0.111299601872146E+00  0.493826851831384E+00 
 0.439521934807011E+00  0.145566072594195E+00  0.494356298211676E+00 
 0.428634680200082E+00  0.175046632634771E+00  0.493935549387082E+00 
 0.418417381405588E+00  0.198231954045488E+00  0.490864176816451E+00 
 0.404545136246405E+00  0.225193795221760E+00  0.497746211040753E+00 
 0.386278979814569E+00  0.255259793975503E+00  0.491132429275033E+00 
 0.367460569775270E+00  0.281676662731279E+00  0.489279205788642E+00 
 0.348897010338165E+00  0.304368015474830E+00  0.486630271592679E+00 
 0.330757001196453E+00  0.323988917752639E+00  0.485444184137192E+00 
 0.461759532736707E+00  0.338695526066516E-01  0.427924588095090E+00 
 0.458774568662850E+00  0.624091965596185E-01  0.425955826956601E+00 
 0.452352700415626E+00  0.987220699422905E-01  0.438146880935986E+00 
 0.444040206685980E+00  0.131138505074861E+00  0.437240003649241E+00 
 0.431662879150143E+00  0.167440053245355E+00  0.439822522493901E+00 
 0.418818932377013E+00  0.197382153574177E+00  0.450263730237320E+00 
 0.403446755554466E+00  0.227155735343790E+00  0.459605042293443E+00 
 0.383437433774886E+00  0.259508664686037E+00  0.455365990487793E+00 
 0.363273009018467E+00  0.287057021488179E+00  0.462434181517215E+00 
 0.346196441476509E+00  0.307436231722934E+00  0.455214554476598E+00 
 0.327626788698031E+00  0.327153939292213E+00  0.460962910490474E+00 
 0.462099178212100E+00  0.288680127944069E-01  0.404021183949764E+00 
 0.459877260420054E+00  0.536834985404851E-01  0.394787653932882E+00 
 0.453635187539905E+00  0.926505763211208E-01  0.401297638057844E+00 
 0.441257385878365E+00  0.140217445686293E+00  0.408737931012648E+00 
 0.431527829492189E+00  0.167787797651555E+00  0.412912663649908E+00 
 0.417789953734833E+00  0.199550913867233E+00  0.420183763733994E+00 
 0.400127910114468E+00  0.232952072784148E+00  0.432098380360791E+00 
 0.387943017940138E+00  0.252723618798280E+00  0.422809046819033E+00 
 0.373502305467790E+00  0.273614766555542E+00  0.244975173305813E-01 
 0.362143511513811E+00  0.288480657471940E+00  0.470328794189661E-01 
 0.349915515209913E+00  0.303196544971041E+00  0.678059538985840E-01 
 0.337127196394118E+00  0.317355110433782E+00  0.870485755918910E-01 
 0.327055710743305E+00  0.327724846078518E+00  0.105768140257744E+00 
 0.368850058294505E+00  0.279854689371355E+00  0.427930269129233E+00 
 0.350439023306406E+00  0.302591314500347E+00  0.426874657646744E+00 
 0.331613382262898E+00  0.323112329339438E+00  0.429325565950627E+00 
 0.462265001615850E+00  0.260783616834765E-01  0.371343899358702E+00 
 0.459404614015007E+00  0.575883086114151E-01  0.368209828701977E+00 
 0.454948811881095E+00  0.859685479404024E-01  0.366396588506995E+00 
 0.447841750833572E+00  0.117502250520228E+00  0.375284068506566E+00 
 0.433103841035449E+00  0.163676741009034E+00  0.382785512676747E+00 
 0.418421085505402E+00  0.198224135441380E+00  0.389089740223175E+00 
 0.402926291768772E+00  0.228077653592957E+00  0.400167474539010E+00 
 0.385014146844440E+00  0.257163604339043E+00  0.397725239808852E+00 
 0.370664130580715E+00  0.277447499480245E+00  0.398597917309462E+00 
 0.353356621518944E+00  0.299179061258828E+00  0.396719143777805E+00 
 0.334113573254527E+00  0.320526337192574E+00  0.400026101597217E+00 
 0.376174447951384E+00  0.269929245128182E+00  0.371509459999616E+00 
 0.359543513687276E+00  0.291714714117069E+00  0.363100852701481E+00 
 0.337364833439517E+00  0.317102478428225E+00  0.370042685798723E+00 
 0.461962803886384E+00  0.309738678958042E-01  0.340051318875101E+00 
 0.458552659619968E+00  0.640193019522645E-01  0.339666375860047E+00 
 0.452704706714746E+00  0.970951141165982E-01  0.343973304833130E+00 
 0.444261644384906E+00  0.130386364300168E+00  0.347516891877804E+00 
 0.433087134226908E+00  0.163720941953441E+00  0.344895967090544E+00 
 0.420724352131097E+00  0.193287434125631E+00  0.342576729626076E+00 
 0.406896457056932E+00  0.220916920813050E+00  0.343886027426084E+00 
 0.391208846746680E+00  0.247638145070856E+00  0.343452918954145E+00 
 0.373867911290254E+00  0.273114989655384E+00  0.340395427514307E+00 
 0.355209751160165E+00  0.296976506390201E+00  0.336708812594666E+00 
 0.334649348614584E+00  0.319966914131494E+00  0.335258248054701E+00 
 0.432283029375228E+00  0.165832431029561E+00  0.281390852027448E+00 
 0.416459835697383E+00  0.202312179361281E+00  0.287521049133471E+00 
 0.399140270412597E+00  0.234640271909920E+00  0.294987984176560E+00 
 0.461713680369652E+00  0.344889841327287E-01  0.280168197038956E+00 
 0.458318336430640E+00  0.656758338999346E-01  0.276501846488798E+00 
 0.451487088701050E+00  0.102608096187630E+00  0.291053134858813E+00 
 0.461729607148802E+00  0.342751010094766E-01  0.310336257607966E+00 
 0.457199502411708E+00  0.730590696730227E-01  0.309860000886706E+00 
 0.356030745309102E+00  0.295991758435334E+00  0.228527770540740E-01 
 0.344633808189561E+00  0.309186919063140E+00  0.438667506334511E-01 
 0.331263712524912E+00  0.323470810787015E+00  0.631733105398616E-01 
 0.450085897912675E+00  0.108589581301062E+00  0.321804599371341E+00 
 0.442181830473553E+00  0.137274329231852E+00  0.317824289672288E+00 
 0.429768023182393E+00  0.172245345124031E+00  0.312585900111497E+00 
 0.415874523983542E+00  0.203512635893853E+00  0.320137611593335E+00 
 0.402942403625915E+00  0.228049187736272E+00  0.318474283544452E+00 
 0.387666313062162E+00  0.253147866638829E+00  0.315961864397914E+00 
 0.371071182437972E+00  0.276902853418095E+00  0.311543833405108E+00 
 0.352797486106308E+00  0.299838200474965E+00  0.307414756084236E+00 
 0.333273421945213E+00  0.321399811592857E+00  0.303149446608893E+00 
 0.369258185721298E+00  0.279315958986973E+00  0.282435340511793E+00 
 0.351241155273424E+00  0.301659847359880E+00  0.278017929386857E+00 
 0.332417621757759E+00  0.322284869970516E+00  0.273468966558908E+00 
 0.427785684198258E+00  0.177111323923762E+00  0.227083502018587E+00 
 0.416812315416391E+00  0.201584985512883E+00  0.226524778969625E+00 
 0.402846541967416E+00  0.228218483677150E+00  0.231239305560997E+00 
 0.461235804190347E+00  0.403800148573838E-01  0.220940935745988E+00 
 0.456826230035392E+00  0.753578676625900E-01  0.220603122590322E+00 
 0.449436521962426E+00  0.111246687111647E+00  0.235651518669722E+00 
 0.461487516911731E+00  0.373936411926253E-01  0.250683212478898E+00 
 0.456224297295088E+00  0.789202333030263E-01  0.251762426102637E+00 
 0.448541215065439E+00  0.114803271097202E+00  0.265986575525318E+00 
 0.440510720510038E+00  0.142545844494761E+00  0.260285095162278E+00 
 0.429560517813360E+00  0.172762189737561E+00  0.255645933357207E+00 
 0.416503237547673E+00  0.202222812212936E+00  0.251415843002156E+00 
 0.401439390006470E+00  0.230684695674065E+00  0.267341419749400E+00 
 0.385415122909735E+00  0.256562264761352E+00  0.257949909861972E+00 
 0.367825319414843E+00  0.281200190370429E+00  0.253320957385194E+00 
 0.338309756885837E+00  0.316094164866803E+00  0.211354014651117E-01 
 0.327936747440732E+00  0.326843238181533E+00  0.401515003985755E-01 
 0.349697855996304E+00  0.303447560838085E+00  0.249324895868714E+00 
 0.331492067893833E+00  0.323236788733069E+00  0.245040943910150E+00 
 0.365271050881741E+00  0.284510231898161E+00  0.225238637727707E+00 
 0.347451699142276E+00  0.306016877688373E+00  0.221539491736883E+00 
 0.330399653538678E+00  0.324353328345060E+00  0.215778621317518E+00 
 0.461391350110940E+00  0.385620890227956E-01  0.155655432592312E+00 
 0.456100551141187E+00  0.796322793577219E-01  0.171672134578810E+00 
 0.446133916475813E+00  0.123828676957116E+00  0.182291401759430E+00 
 0.460436438280375E+00  0.486548966773303E-01  0.190147788123822E+00 
 0.453041772935166E+00  0.955100237815985E-01  0.201603706567153E+00 
 0.445729143948820E+00  0.125277862775708E+00  0.212092142411283E+00 
 0.437741428063647E+00  0.150835853906809E+00  0.206771122743811E+00 
 0.429613642783577E+00  0.172630039683782E+00  0.203255593931225E+00 
 0.418372447439954E+00  0.198326770482717E+00  0.197541922769353E+00 
 0.399073859279442E+00  0.234753205530435E+00  0.198227450831283E+00 
 0.378622507069976E+00  0.266484539527240E+00  0.193552080578124E+00 
 0.360290238595031E+00  0.290791947344028E+00  0.201751153483213E+00 
 0.345878129349196E+00  0.307794301937019E+00  0.193090384503666E+00 
 0.329357645065581E+00  0.325411361669889E+00  0.182615233454681E+00 
 0.487233864987302E+00  0.000000000000000E+00  0.971833582457098E+00 
 0.475091470346097E+00  0.000000000000000E+00  0.958928177999601E+00 
 0.487619102964033E+00  0.000000000000000E+00  0.942158846807207E+00 
 0.475298104666126E+00  0.000000000000000E+00  0.929472604836834E+00 
 0.487682134092438E+00  0.000000000000000E+00  0.913342692036199E+00 
 0.475227246880707E+00  0.000000000000000E+00  0.900046292884217E+00 
 0.487678625719085E+00  0.000000000000000E+00  0.883485559637795E+00 
 0.475240097293737E+00  0.000000000000000E+00  0.869170527001487E+00 
 0.487729367111998E+00  0.000000000000000E+00  0.852569168662403E+00 
 0.475302951726201E+00  0.000000000000000E+00  0.838187859701973E+00 
 0.487759508253474E+00  0.000000000000000E+00  0.821131008421121E+00 
 0.475332676533761E+00  0.000000000000000E+00  0.807239540367181E+00 
 0.487836611779339E+00  0.000000000000000E+00  0.788914890721478E+00 
 0.475397627574718E+00  0.000000000000000E+00  0.776305719817218E+00 
 0.487775581031817E+00  0.000000000000000E+00  0.755932305615775E+00 
 0.475305880324760E+00  0.000000000000000E+00  0.744751349874446E+00 
 0.487698079078313E+00  0.000000000000000E+00  0.723455994811096E+00 
 0.475269160861252E+00  0.000000000000000E+00  0.712879659661068E+00 
 0.487686516557520E+00  0.000000000000000E+00  0.691771291028017E+00 
 0.475269751524900E+00  0.000000000000000E+00  0.681381722050997E+00 
 0.487677079465279E+00  0.000000000000000E+00  0.660486745414790E+00 
 0.475259843415525E+00  0.000000000000000E+00  0.650116281171772E+00 
 0.487687680034807E+00  0.000000000000000E+00  0.629572183694974E+00 
 0.475286129884787E+00  0.000000000000000E+00  0.619371544849227E+00 
 0.487690791581458E+00  0.000000000000000E+00  0.598940539252081E+00 
 0.475282060389186E+00  0.000000000000000E+00  0.588912709950281E+00 
 0.487687907351428E+00  0.000000000000000E+00  0.568420154326190E+00 
 0.475282003573153E+00  0.000000000000000E+00  0.558462652193736E+00 
 0.487685488802342E+00  0.000000000000000E+00  0.537872917179287E+00 
 0.475666993784896E+00  0.000000000000000E+00  0.265748453159091E-01 
 0.487761645161129E+00  0.000000000000000E+00  0.366815095464345E-01 
 0.475276695326808E+00  0.000000000000000E+00  0.527896716240979E+00 
 0.487678867095309E+00  0.000000000000000E+00  0.507209635334486E+00 
 0.475264937891312E+00  0.000000000000000E+00  0.497079390231126E+00 
 0.487671053046378E+00  0.000000000000000E+00  0.476418582845701E+00 
 0.475253482358962E+00  0.000000000000000E+00  0.466030719752026E+00 
 0.487660043265251E+00  0.000000000000000E+00  0.445596287895917E+00 
 0.475232722003866E+00  0.000000000000000E+00  0.434834674128230E+00 
 0.475296172801280E+00  0.000000000000000E+00  0.556058574106206E-01 
 0.487708398326709E+00  0.000000000000000E+00  0.664565644835703E-01 
 0.487617567708842E+00  0.000000000000000E+00  0.414974763744686E+00 
 0.475180814795644E+00  0.000000000000000E+00  0.403597852414028E+00 
 0.487695465166099E+00  0.000000000000000E+00  0.385449479633458E+00 
 0.475371018556085E+00  0.000000000000000E+00  0.374790266532012E+00 
 0.487752351268036E+00  0.000000000000000E+00  0.357147361548607E+00 
 0.475365278887886E+00  0.000000000000000E+00  0.347702368898927E+00 
 0.487697320893588E+00  0.000000000000000E+00  0.329180576265137E+00 
 0.475282287899999E+00  0.000000000000000E+00  0.319964521156669E+00 
 0.487652166276794E+00  0.000000000000000E+00  0.301033931955912E+00 
 0.475242049351100E+00  0.000000000000000E+00  0.291563365474662E+00 
 0.487605126251812E+00  0.000000000000000E+00  0.272952336626908E+00 
 0.475237697169737E+00  0.000000000000000E+00  0.262851602852878E+00 
 0.487689115282995E+00  0.000000000000000E+00  0.244546580766336E+00 
 0.475272189798422E+00  0.000000000000000E+00  0.233770929695807E+00 
 0.487660110943497E+00  0.000000000000000E+00  0.215326329351496E+00 
 0.475214031750888E+00  0.000000000000000E+00  0.204473610634805E+00 
 0.475299530408753E+00  0.000000000000000E+00  0.858023706036322E-01 
 0.487760407980474E+00  0.000000000000000E+00  0.976374746634016E-01 
 0.487568589890563E+00  0.000000000000000E+00  0.186879548290815E+00 
 0.475194243812616E+00  0.000000000000000E+00  0.175394442743287E+00 
 0.487665619703455E+00  0.000000000000000E+00  0.158747526534644E+00 
 0.475291234076014E+00  0.000000000000000E+00  0.146204901702377E+00 
 0.487777131371344E+00  0.000000000000000E+00  0.128947257605623E+00 
 0.475354267415504E+00  0.000000000000000E+00  0.116423847171423E+00 
