 0.500000000000000E+00 -0.462592926927149E-17  0.000000000000000E+00 
 0.340703833020450E+00  0.365952043531900E+00  0.000000000000000E+00 
 0.353776818365238E+00  0.353329821537002E+00  0.000000000000000E+00 
 0.369333295288759E+00  0.337035483282022E+00  0.000000000000000E+00 
 0.386518305245315E+00  0.317180705135558E+00  0.000000000000000E+00 
 0.404365982741037E+00  0.294088680506196E+00  0.000000000000000E+00 
 0.422188584483559E+00  0.267874595905937E+00  0.000000000000000E+00 
 0.439401788841757E+00  0.238591843872887E+00  0.000000000000000E+00 
 0.455738747929337E+00  0.205674970854015E+00  0.000000000000000E+00 
 0.468951873345298E+00  0.173447803347104E+00  0.000000000000000E+00 
 0.478270307465467E+00  0.145799564460556E+00  0.000000000000000E+00 
 0.485466472215495E+00  0.119675830285994E+00  0.000000000000000E+00 
 0.491109069207055E+00  0.938716258652255E-01  0.000000000000000E+00 
 0.495419132603277E+00  0.675269061235352E-01  0.000000000000000E+00 
 0.498372424029609E+00  0.403103828665985E-01  0.000000000000000E+00 
 0.499721005178085E+00  0.167008078787887E-01  0.000000000000000E+00 
 0.329000014439225E+00  0.376508951419471E+00  0.000000000000000E+00 
 0.329000014439225E+00  0.357478400401036E+00  0.000000000000000E+00 
 0.329000014439225E+00  0.366998868414555E+00  0.000000000000000E+00 
 0.329000014439225E+00  0.348137909931918E+00  0.000000000000000E+00 
 0.478500563434198E+00  0.218683475811250E-01  0.000000000000000E+00 
 0.475382392478632E+00  0.587587844842838E-01  0.000000000000000E+00 
 0.470569879950571E+00  0.894706762916432E-01  0.000000000000000E+00 
 0.464934368342750E+00  0.115226068953619E+00  0.000000000000000E+00 
 0.457779457582025E+00  0.140992843962667E+00  0.000000000000000E+00 
 0.446970908874466E+00  0.172215041307979E+00  0.000000000000000E+00 
 0.430212721216198E+00  0.210613457159161E+00  0.000000000000000E+00 
 0.413470261163643E+00  0.241833324763253E+00  0.000000000000000E+00 
 0.396007239912682E+00  0.269479646299153E+00  0.000000000000000E+00 
 0.378275051298544E+00  0.293852002541852E+00  0.000000000000000E+00 
 0.360364831823462E+00  0.315560139779440E+00  0.000000000000000E+00 
 0.341886242140364E+00  0.335491894489142E+00  0.000000000000000E+00 
 0.479000014439235E+00  0.150342701251323E-16  0.000000000000000E+00 
 0.489623274989256E+00  0.000000000000000E+00  0.000000000000000E+00 
 0.464715891255337E+00  0.153841470326749E+00  0.000000000000000E+00 
 0.471718981762137E+00  0.130350732324064E+00  0.000000000000000E+00 
 0.478029520127274E+00  0.104860108287102E+00  0.000000000000000E+00 
 0.482604783058258E+00  0.817153074967928E-01  0.000000000000000E+00 
 0.329000014439225E+00  0.376508951419471E+00  0.100000000000000E+01 
 0.499600986250977E+00  0.199713428955502E-01  0.100000000000000E+01 
 0.497773745850528E+00  0.471306475866103E-01  0.100000000000000E+01 
 0.494371592188238E+00  0.748112881674043E-01  0.100000000000000E+01 
 0.489215576356590E+00  0.103286590853267E+00  0.100000000000000E+01 
 0.482288682950558E+00  0.131900061780943E+00  0.100000000000000E+01 
 0.473754616638866E+00  0.159864202413677E+00  0.100000000000000E+01 
 0.462653799249876E+00  0.189608707710525E+00  0.100000000000000E+01 
 0.448137460523095E+00  0.221749445266299E+00  0.100000000000000E+01 
 0.430143262721215E+00  0.254905420765327E+00  0.100000000000000E+01 
 0.412360789342585E+00  0.282769481049069E+00  0.100000000000000E+01 
 0.393637750625132E+00  0.308300699452315E+00  0.100000000000000E+01 
 0.376021039545444E+00  0.329557548569538E+00  0.100000000000000E+01 
 0.360766173697178E+00  0.346190363695897E+00  0.100000000000000E+01 
 0.346995567133686E+00  0.359991772669281E+00  0.100000000000000E+01 
 0.337163733318701E+00  0.369216219760991E+00  0.100000000000000E+01 
 0.500000000000000E+00 -0.462592926927149E-17  0.100000000000000E+01 
 0.489234402807012E+00  0.000000000000000E+00  0.100000000000000E+01 
 0.479000014439235E+00 -0.462592926927149E-17  0.100000000000000E+01 
 0.329000014439225E+00  0.348137909931918E+00  0.100000000000000E+01 
 0.346388794068062E+00  0.330841075407583E+00  0.100000000000000E+01 
 0.365319820936304E+00  0.309810332726070E+00  0.100000000000000E+01 
 0.384614578313183E+00  0.285504185576580E+00  0.100000000000000E+01 
 0.403684896561060E+00  0.257836223446716E+00  0.100000000000000E+01 
 0.421274522447631E+00  0.227966643545281E+00  0.100000000000000E+01 
 0.437529863743444E+00  0.194958026676055E+00  0.100000000000000E+01 
 0.449791977435038E+00  0.164706377738852E+00  0.100000000000000E+01 
 0.461107488820526E+00  0.129695403104363E+00  0.100000000000000E+01 
 0.468715432122126E+00  0.987261744591901E-01  0.100000000000000E+01 
 0.473446217687995E+00  0.727302742309600E-01  0.100000000000000E+01 
 0.476831974222611E+00  0.455223262997827E-01  0.100000000000000E+01 
 0.478619452240339E+00  0.190901485047022E-01  0.100000000000000E+01 
 0.329000014439225E+00  0.365180386367845E+00  0.100000000000000E+01 
 0.329000014439225E+00  0.356495940153830E+00  0.100000000000000E+01 
 0.488391486136252E+00  0.328441040946086E-01  0.100000000000000E+01 
 0.485695725776614E+00  0.601895028193088E-01  0.100000000000000E+01 
 0.481593653646517E+00  0.873920827301660E-01  0.100000000000000E+01 
 0.476481599747501E+00  0.111676933310178E+00  0.100000000000000E+01 
 0.343814212796939E+00  0.347865078869000E+00  0.100000000000000E+01 
 0.500000000000000E+00 -0.138777878078145E-16  0.977825091943429E+00 
 0.500000000000000E+00 -0.138777878078145E-16  0.953156642627981E+00 
 0.500000000000000E+00 -0.138777878078145E-16  0.922166369572308E+00 
 0.500000000000000E+00 -0.138777878078145E-16  0.891226838148284E+00 
 0.500000000000000E+00 -0.138777878078145E-16  0.858961809672827E+00 
 0.500000000000000E+00 -0.138777878078145E-16  0.826836826137824E+00 
 0.500000000000000E+00 -0.138777878078145E-16  0.794696437050638E+00 
 0.500000000000000E+00 -0.138777878078145E-16  0.757338481968489E+00 
 0.500000000000000E+00 -0.138777878078145E-16  0.720929764314801E+00 
 0.500000000000000E+00 -0.138777878078145E-16  0.688968703172461E+00 
 0.500000000000000E+00 -0.138777878078145E-16  0.656869150612199E+00 
 0.500000000000000E+00 -0.138777878078145E-16  0.625460063438385E+00 
 0.500000000000000E+00 -0.138777878078145E-16  0.594950149704357E+00 
 0.500000000000000E+00 -0.138777878078145E-16  0.564472410052024E+00 
 0.500000000000000E+00 -0.138777878078145E-16  0.535400652268994E+00 
 0.500000000000000E+00 -0.138777878078145E-16  0.506522406113105E+00 
 0.500000000000000E+00 -0.138777878078145E-16  0.475912457526323E+00 
 0.500000000000000E+00 -0.138777878078145E-16  0.444882939595325E+00 
 0.500000000000000E+00 -0.138777878078145E-16  0.415819710471631E+00 
 0.500000000000000E+00 -0.138777878078145E-16  0.387563962698074E+00 
 0.500000000000000E+00 -0.138777878078145E-16  0.358032635312354E+00 
 0.500000000000000E+00 -0.138777878078145E-16  0.328964787619846E+00 
 0.500000000000000E+00 -0.138777878078145E-16  0.300872326626409E+00 
 0.500000000000000E+00 -0.138777878078145E-16  0.272188225253998E+00 
 0.500000000000000E+00 -0.138777878078145E-16  0.242572521539169E+00 
 0.500000000000000E+00 -0.138777878078145E-16  0.213505566910158E+00 
 0.500000000000000E+00 -0.138777878078145E-16  0.185569883191777E+00 
 0.500000000000000E+00 -0.138777878078145E-16  0.160378994377878E+00 
 0.500000000000000E+00 -0.138777878078145E-16  0.132739033326450E+00 
 0.500000000000000E+00 -0.138777878078145E-16  0.101037186014007E+00 
 0.500000000000000E+00 -0.138777878078145E-16  0.681963223428328E-01 
 0.500000000000000E+00 -0.138777878078145E-16  0.387792090012017E-01 
 0.500000000000000E+00 -0.138777878078145E-16  0.162025200886350E-01 
 0.329000014439225E+00  0.376508951419471E+00  0.217853835626073E-01 
 0.329000014439225E+00  0.376508951419471E+00  0.491445073725029E-01 
 0.329000014439225E+00  0.376508951419471E+00  0.740907560632039E-01 
 0.329000014439225E+00  0.376508951419471E+00  0.105874591275997E+00 
 0.329000014439225E+00  0.376508951419471E+00  0.138819115664512E+00 
 0.329000014439225E+00  0.376508951419471E+00  0.172514153378527E+00 
 0.329000014439225E+00  0.376508951419471E+00  0.204507502977331E+00 
 0.329000014439225E+00  0.376508951419471E+00  0.237743148136215E+00 
 0.329000014439225E+00  0.376508951419471E+00  0.278663636007479E+00 
 0.329000014439225E+00  0.376508951419471E+00  0.316715841086762E+00 
 0.329000014439225E+00  0.376508951419471E+00  0.344288837385585E+00 
 0.329000014439225E+00  0.376508951419471E+00  0.373961312305073E+00 
 0.329000014439225E+00  0.376508951419471E+00  0.408106302784194E+00 
 0.329000014439225E+00  0.376508951419471E+00  0.433791140925081E+00 
 0.329000014439225E+00  0.376508951419471E+00  0.460659531614028E+00 
 0.329000014439225E+00  0.376508951419471E+00  0.490784594699793E+00 
 0.329000014439225E+00  0.376508951419471E+00  0.521602566961890E+00 
 0.329000014439225E+00  0.376508951419471E+00  0.552190904732197E+00 
 0.329000014439225E+00  0.376508951419471E+00  0.582191815221889E+00 
 0.329000014439225E+00  0.376508951419471E+00  0.612264127858238E+00 
 0.329000014439225E+00  0.376508951419471E+00  0.642948551899777E+00 
 0.329000014439225E+00  0.376508951419471E+00  0.674190109865813E+00 
 0.329000014439225E+00  0.376508951419471E+00  0.704942546506566E+00 
 0.329000014439225E+00  0.376508951419471E+00  0.734871231985835E+00 
 0.329000014439225E+00  0.376508951419471E+00  0.765250478820303E+00 
 0.329000014439225E+00  0.376508951419471E+00  0.798035274674929E+00 
 0.329000014439225E+00  0.376508951419471E+00  0.822582635492260E+00 
 0.329000014439225E+00  0.376508951419471E+00  0.847690232092583E+00 
 0.329000014439225E+00  0.376508951419471E+00  0.874592884446173E+00 
 0.329000014439225E+00  0.376508951419471E+00  0.906026892260753E+00 
 0.329000014439225E+00  0.376508951419471E+00  0.936938187138555E+00 
 0.329000014439225E+00  0.376508951419471E+00  0.959051766376886E+00 
 0.329000014439225E+00  0.376508951419471E+00  0.981930383171001E+00 
 0.443483855580592E+00  0.230915720208419E+00  0.915143574607386E+00 
 0.425976300324087E+00  0.261809456594302E+00  0.918147121901578E+00 
 0.438079011302700E+00  0.241011991104279E+00  0.823760416635295E+00 
 0.435364962755723E+00  0.245880762168797E+00  0.884039176082093E+00 
 0.443894087576135E+00  0.230126137183394E+00  0.855401234356931E+00 
 0.450760804400236E+00  0.216367042814871E+00  0.886279085268702E+00 
 0.457288223755974E+00  0.202206529108498E+00  0.914662974192952E+00 
 0.459940167201818E+00  0.196099573162116E+00  0.160500224768830E+00 
 0.461235487605881E+00  0.193033222459153E+00  0.129990264328721E+00 
 0.446959705482879E+00  0.224113858729571E+00  0.114458167432120E+00 
 0.458574433296692E+00  0.199272399309634E+00  0.961805950513291E-01 
 0.357381448295092E+00  0.349683428853159E+00  0.831487133752138E+00 
 0.356094777062618E+00  0.350993603572379E+00  0.806060155764187E+00 
 0.367520756473665E+00  0.339011052269723E+00  0.821587512256269E+00 
 0.346990069318190E+00  0.359997071924978E+00  0.166902255184275E-01 
 0.370424313609826E+00  0.335836013385535E+00  0.799909945395910E+00 
 0.372116304536168E+00  0.333960260956818E+00  0.847593447568321E+00 
 0.381035990474523E+00  0.323746156676955E+00  0.823720421557653E+00 
 0.385457084784284E+00  0.318469520974302E+00  0.797984219962673E+00 
 0.390044959645553E+00  0.312833708949497E+00  0.851628689320693E+00 
 0.396483342378977E+00  0.304632498620871E+00  0.823942720006467E+00 
 0.400887969152189E+00  0.298812376231363E+00  0.796310521987295E+00 
 0.400663842667839E+00  0.299112830180587E+00  0.880014774952852E+00 
 0.407780410811192E+00  0.289335681447442E+00  0.851184730511263E+00 
 0.411947777551019E+00  0.283370832251268E+00  0.822116477083631E+00 
 0.415988453099432E+00  0.277405131329508E+00  0.794119228702416E+00 
 0.410224088513420E+00  0.285860450575685E+00  0.904898696429930E+00 
 0.418572102206829E+00  0.273491124635071E+00  0.880298334255767E+00 
 0.426249186873731E+00  0.261364937758459E+00  0.847930378632330E+00 
 0.425064343699678E+00  0.263287492515619E+00  0.816690307189894E+00 
 0.430835699986682E+00  0.253733323820475E+00  0.793905076800719E+00 
 0.447361688258864E+00  0.223310366705576E+00  0.966712018420996E+00 
 0.437977910455784E+00  0.241195667359066E+00  0.946312361613258E+00 
 0.451730272019942E+00  0.214335627791530E+00  0.941762919666633E+00 
 0.463069970334828E+00  0.188590038374517E+00  0.940506719383289E+00 
 0.452025740727049E+00  0.213711791252056E+00  0.829073414067549E+00 
 0.458106997727086E+00  0.200344649625279E+00  0.859461749195085E+00 
 0.463735341101383E+00  0.186947943057910E+00  0.888725076442187E+00 
 0.468700114033422E+00  0.174126974088040E+00  0.916600531507102E+00 
 0.361446667555141E+00  0.345479820703443E+00  0.198082557833042E-01 
 0.350888538226233E+00  0.356198306763884E+00  0.372953314708428E-01 
 0.342028896430758E+00  0.364713907064644E+00  0.545752208879139E-01 
 0.445111677485007E+00  0.227762144717869E+00  0.797478836030364E+00 
 0.458569608252846E+00  0.199283502545573E+00  0.803364689387982E+00 
 0.464842838590299E+00  0.184176913350487E+00  0.833488404270247E+00 
 0.470147077350327E+00  0.170181449220958E+00  0.863149536646183E+00 
 0.474484474058174E+00  0.157684761082794E+00  0.892625478194235E+00 
 0.464420107522707E+00  0.185240286462199E+00  0.779978737602102E+00 
 0.470453510254439E+00  0.169332497440025E+00  0.807881140347095E+00 
 0.476109563116631E+00  0.152707838400294E+00  0.836773273887487E+00 
 0.480107224834208E+00  0.139631846875974E+00  0.868032234468690E+00 
 0.474004045050603E+00  0.159123113580855E+00  0.782935129739096E+00 
 0.481402666758804E+00  0.135098010486874E+00  0.806144687777068E+00 
 0.485403364430826E+00  0.119931537967435E+00  0.842488304388384E+00 
 0.487726363128618E+00  0.110104471795345E+00  0.787139080525261E+00 
 0.490454119832269E+00  0.972355713695102E-01  0.817626508613306E+00 
 0.494884121455207E+00  0.713421777878137E-01  0.786203803713879E+00 
 0.368377761463845E+00  0.338079613196192E+00  0.214202472724150E+00 
 0.389387159274542E+00  0.313652100570205E+00  0.223864461984230E+00 
 0.384359591702928E+00  0.319793221106950E+00  0.193681942869770E+00 
 0.402965395746633E+00  0.296004881430627E+00  0.204450382277377E+00 
 0.398194013062564E+00  0.302393002500274E+00  0.173329939090191E+00 
 0.418605337296140E+00  0.273440252317000E+00  0.216043001126043E+00 
 0.419316770130883E+00  0.272348024202498E+00  0.184424240224344E+00 
 0.410485239643400E+00  0.285485320174086E+00  0.150804579047020E+00 
 0.433923657167701E+00  0.248415498208561E+00  0.213214106267376E+00 
 0.439543266278110E+00  0.238331108060973E+00  0.183620747820191E+00 
 0.377622969956654E+00  0.327720753937122E+00  0.216221542956693E-01 
 0.367526169074824E+00  0.339005184392781E+00  0.419069063033551E-01 
 0.356953698883186E+00  0.350120060627225E+00  0.612455479892735E-01 
 0.344948091530775E+00  0.361954160287288E+00  0.814398419004833E-01 
 0.428791656794581E+00  0.257172539481490E+00  0.155149192243473E+00 
 0.420678328034623E+00  0.270240160453612E+00  0.126444571806941E+00 
 0.451181814047435E+00  0.215487750632992E+00  0.216708340985703E+00 
 0.454842147104897E+00  0.207650237700339E+00  0.185024185100341E+00 
 0.446910127374813E+00  0.224212707155122E+00  0.151100418117306E+00 
 0.435303893843846E+00  0.245988861545367E+00  0.129972667216929E+00 
 0.431656337461461E+00  0.252334710908661E+00  0.103219902890528E+00 
 0.497700479299565E+00  0.478981513733311E-01  0.206212983854758E+00 
 0.494555726670202E+00  0.735841913573054E-01  0.189433442623526E+00 
 0.490429977149331E+00  0.973572673882494E-01  0.168378970821571E+00 
 0.489808031963161E+00  0.100439493349854E+00  0.197147323150369E+00 
 0.485639982722440E+00  0.118969774234252E+00  0.146723315254198E+00 
 0.483197850375204E+00  0.128529519538438E+00  0.202230808290676E+00 
 0.484358119227110E+00  0.124085504144427E+00  0.174127247749600E+00 
 0.474840320712164E+00  0.156609928886930E+00  0.206534650473494E+00 
 0.476553354825464E+00  0.151317216484427E+00  0.178960579923477E+00 
 0.478427527238180E+00  0.145282831679316E+00  0.152287148494386E+00 
 0.479980630412302E+00  0.140066392932099E+00  0.125359850482131E+00 
 0.464534061218375E+00  0.184954334817985E+00  0.210659989578830E+00 
 0.466979337241690E+00  0.178690510630284E+00  0.183042504149117E+00 
 0.469591719719502E+00  0.171707940325660E+00  0.156510847322090E+00 
 0.472369336179540E+00  0.163912202832188E+00  0.132980937015707E+00 
 0.471551739576795E+00  0.166249682412021E+00  0.105069781833737E+00 
 0.444356495032146E+00  0.229231990181883E+00  0.795802044928805E-01 
 0.467125350691979E+00  0.178308459532618E+00  0.793902182991234E-01 
 0.458624254760913E+00  0.199157708726018E+00  0.650040849782431E-01 
 0.449217391876685E+00  0.219553489691030E+00  0.503930360930008E-01 
 0.340777609308710E+00  0.365883343422245E+00  0.978044656234703E+00 
 0.343193772767952E+00  0.363617978561703E+00  0.954350846393043E+00 
 0.353962029117711E+00  0.353144279215836E+00  0.975888818602042E+00 
 0.345173255642108E+00  0.361739441572837E+00  0.929146044094225E+00 
 0.358229535460365E+00  0.348814563806977E+00  0.950270172837334E+00 
 0.368739243060888E+00  0.337685313016251E+00  0.973881610413137E+00 
 0.340380160093985E+00  0.366253118231631E+00  0.885251173509821E+00 
 0.349205247661250E+00  0.357848704071770E+00  0.903883036566865E+00 
 0.394817765892743E+00  0.306788089298563E+00  0.229239173314906E-01 
 0.384504875307813E+00  0.319618523969627E+00  0.447993848469883E-01 
 0.373544369427549E+00  0.332362157997831E+00  0.657045529602696E-01 
 0.362061344226359E+00  0.344835588385250E+00  0.861387437758097E-01 
 0.350360896091186E+00  0.356717314536569E+00  0.106511029993961E+00 
 0.341791018237325E+00  0.364936843648723E+00  0.126335059004402E+00 
 0.361867647207035E+00  0.345038846950376E+00  0.923749247023250E+00 
 0.374280146261208E+00  0.331533365009751E+00  0.946142568512324E+00 
 0.385127899381033E+00  0.318867529106294E+00  0.971678235119709E+00 
 0.337568450846260E+00  0.368846229468672E+00  0.837161087064285E+00 
 0.341797136070444E+00  0.364931113737980E+00  0.860070347829512E+00 
 0.353255029508020E+00  0.353851500106030E+00  0.879071575297519E+00 
 0.365425181082547E+00  0.341268863260022E+00  0.896727697180780E+00 
 0.378491328652998E+00  0.326717483668211E+00  0.916845344332330E+00 
 0.391161222104711E+00  0.311436828781615E+00  0.941385123660587E+00 
 0.402951535429229E+00  0.296023749208111E+00  0.968659283384191E+00 
 0.343284920650414E+00  0.363531928795860E+00  0.817397592990279E+00 
 0.436949076178973E+00  0.243054530561235E+00  0.975699849220020E+00 
 0.347737711317885E+00  0.359274942248133E+00  0.840608171680471E+00 
 0.356784044850001E+00  0.350292942179075E+00  0.855244955931296E+00 
 0.366384636978417E+00  0.340238589501828E+00  0.872309322063032E+00 
 0.382015520854369E+00  0.322589742283237E+00  0.882194044494430E+00 
 0.395020437278385E+00  0.306527085479233E+00  0.910283284874452E+00 
 0.408565329828519E+00  0.288226250126725E+00  0.934934044863415E+00 
 0.422226685019166E+00  0.267814537427912E+00  0.963825607964651E+00 
 0.498984155833707E+00  0.318561175745391E-01  0.978297119367226E+00 
 0.499618610102941E+00  0.195254817816588E-01  0.959967579715281E+00 
 0.496593534995634E+00  0.582654357277077E-01  0.974443050121425E+00 
 0.498265419924409E+00  0.416121533635575E-01  0.953190485204852E+00 
 0.499518722656632E+00  0.219327543981007E-01  0.936142369854482E+00 
 0.492776522686310E+00  0.846835207651948E-01  0.969187383020943E+00 
 0.495553332173252E+00  0.665349154353320E-01  0.945792814238363E+00 
 0.497813823531353E+00  0.467054290323376E-01  0.925383172261787E+00 
 0.499398955210349E+00  0.245088460522223E-01  0.907523769993750E+00 
 0.483563806183103E+00  0.127145764183123E+00  0.975732799491834E+00 
 0.487755253407041E+00  0.109976419171717E+00  0.958863962098268E+00 
 0.491387599695787E+00  0.924025262923745E-01  0.937337981719122E+00 
 0.494647960253613E+00  0.729616023463071E-01  0.915695493293186E+00 
 0.497369791741526E+00  0.512180657872818E-01  0.895321152586427E+00 
 0.499274621031524E+00  0.269230903469145E-01  0.876575441483803E+00 
 0.468116541934108E+00  0.175689792440119E+00  0.981648555304327E+00 
 0.476051775616232E+00  0.152887890078425E+00  0.972898887456461E+00 
 0.481023786278819E+00  0.136440892088804E+00  0.949941540961436E+00 
 0.485603659828039E+00  0.119117948108647E+00  0.928681758154901E+00 
 0.489819982212073E+00  0.100381198567084E+00  0.906578981908341E+00 
 0.493631409514363E+00  0.795489254538603E-01  0.884540298108626E+00 
 0.496842995320466E+00  0.560984670110267E-01  0.863391594787954E+00 
 0.499126453735770E+00  0.295429040744781E-01  0.844218388518538E+00 
 0.343050324815019E+00  0.363753315647170E+00  0.787349670143668E+00 
 0.357706419563638E+00  0.349350994564152E+00  0.779415605616536E+00 
 0.373021315019401E+00  0.332949093017531E+00  0.774206858243272E+00 
 0.388752766306273E+00  0.314438049048172E+00  0.771047948227544E+00 
 0.404578012920059E+00  0.293796922144628E+00  0.768737852997100E+00 
 0.420223976939814E+00  0.270946137091650E+00  0.767205665764342E+00 
 0.435540994080502E+00  0.245568814134386E+00  0.767077303941846E+00 
 0.450836062297131E+00  0.216210186930260E+00  0.768685362143376E+00 
 0.460100445484586E+00  0.195723223110814E+00  0.754525025592366E+00 
 0.412354744287191E+00  0.282778296309751E+00  0.239883632409330E-01 
 0.401940096299601E+00  0.297395627046982E+00  0.470624577290599E-01 
 0.390906868183054E+00  0.311756027058526E+00  0.692046056736789E-01 
 0.379458846619211E+00  0.325593279602664E+00  0.905591305612678E-01 
 0.367924973960736E+00  0.338572316552892E+00  0.111286365461375E+00 
 0.356927629898096E+00  0.350146636447257E+00  0.131490509509751E+00 
 0.344484500926347E+00  0.362395403698123E+00  0.150649849666296E+00 
 0.469849378219867E+00  0.171001642642416E+00  0.756743715311468E+00 
 0.480396257956108E+00  0.138634178115528E+00  0.764098262257317E+00 
 0.488383846378384E+00  0.107150448420225E+00  0.757650727963908E+00 
 0.493546630623368E+00  0.800732377284748E-01  0.750302228064932E+00 
 0.497591216663786E+00  0.490202111282007E-01  0.753245529017536E+00 
 0.458815312832327E+00  0.198717157564650E+00  0.970264583793985E+00 
 0.499084293825887E+00  0.302467792717810E-01  0.780473921840525E+00 
 0.468057261535412E+00  0.175847661127383E+00  0.960845215164016E+00 
 0.473015624243464E+00  0.162037709257955E+00  0.942923948121300E+00 
 0.478102733023400E+00  0.146348135196712E+00  0.921351732782217E+00 
 0.483146553122142E+00  0.128722213336291E+00  0.898626507688679E+00 
 0.487932404887704E+00  0.109187766075242E+00  0.875227737548143E+00 
 0.492329917275194E+00  0.872424928334891E-01  0.851879444063709E+00 
 0.496134970719325E+00  0.620491001492744E-01  0.828994281379846E+00 
 0.498979754373550E+00  0.319249859093398E-01  0.811214823144525E+00 
 0.343999345937945E+00  0.362855963151036E+00  0.757679034270780E+00 
 0.359393766385453E+00  0.347614902849803E+00  0.751418105610122E+00 
 0.375244821087633E+00  0.330441105564835E+00  0.746670066211002E+00 
 0.391399729731008E+00  0.311137030207743E+00  0.743246532240218E+00 
 0.407541744586597E+00  0.289671756336915E+00  0.740776011556223E+00 
 0.423274713882692E+00  0.266155061172102E+00  0.739055901405592E+00 
 0.438106762286034E+00  0.240961542241181E+00  0.737636016579738E+00 
 0.451156398470553E+00  0.215540956941088E+00  0.734438018893125E+00 
 0.462646736371442E+00  0.189625940537821E+00  0.730517685210938E+00 
 0.473060005324672E+00  0.161908095419041E+00  0.730847612479578E+00 
 0.482167107981969E+00  0.132343794642228E+00  0.731015540872823E+00 
 0.489362199453194E+00  0.102589657111877E+00  0.727451194951326E+00 
 0.494820163472366E+00  0.717844399656412E-01  0.724535824517228E+00 
 0.498567061530701E+00  0.378270426631829E-01  0.724063085729344E+00 
 0.344772676347363E+00  0.362121252682408E+00  0.728226048589156E+00 
 0.360713495496921E+00  0.346245251471255E+00  0.722648389053313E+00 
 0.376958327282583E+00  0.328485036938240E+00  0.718192210777491E+00 
 0.393391947555463E+00  0.308614282881592E+00  0.714754597517566E+00 
 0.409665650343391E+00  0.286660173251755E+00  0.712145249176334E+00 
 0.425307095093892E+00  0.262895178470043E+00  0.710071777067906E+00 
 0.439816514376371E+00  0.237826478092369E+00  0.708014538267875E+00 
 0.452892516118462E+00  0.211868753816812E+00  0.705551605577520E+00 
 0.464580776757119E+00  0.184836960231853E+00  0.703442379542706E+00 
 0.474822125133076E+00  0.156665086998060E+00  0.702445945211455E+00 
 0.483458492439735E+00  0.127545623554470E+00  0.700999192100349E+00 
 0.490390110406653E+00  0.975578782843855E-01  0.698452619872720E+00 
 0.495584892797012E+00  0.662994270817962E-01  0.695908650824877E+00 
 0.498873616770377E+00  0.335427263418315E-01  0.693296863929588E+00 
 0.345306700543610E+00  0.361612060860372E+00  0.698548772791216E+00 
 0.361649812796909E+00  0.345267161635682E+00  0.693345521898066E+00 
 0.378178948576098E+00  0.327079016223721E+00  0.689111168936313E+00 
 0.394788674337034E+00  0.306825524712674E+00  0.685721322096291E+00 
 0.411124993892634E+00  0.284563243228604E+00  0.683031995182298E+00 
 0.426723748743118E+00  0.260589413174481E+00  0.680807488168647E+00 
 0.441180596255545E+00  0.235286381857518E+00  0.678753010220640E+00 
 0.454269811735083E+00  0.208899349319649E+00  0.676749986030181E+00 
 0.465897865434876E+00  0.181491539701513E+00  0.674979573945415E+00 
 0.475959762234388E+00  0.153174099422144E+00  0.673436174712031E+00 
 0.484370249474109E+00  0.124038145037683E+00  0.671546018025638E+00 
 0.429472619657493E+00  0.256033726224751E+00  0.248895717301732E-01 
 0.419335642011655E+00  0.272318966175097E+00  0.491023571285790E-01 
 0.408535789692452E+00  0.288268119188307E+00  0.723447062565978E-01 
 0.397163142696545E+00  0.303745679941960E+00  0.947830364319871E-01 
 0.385597485434039E+00  0.318299511823292E+00  0.116481236056214E+00 
 0.373919007353382E+00  0.331940621105435E+00  0.137299821578873E+00 
 0.361801450869742E+00  0.345108258592213E+00  0.157016990263976E+00 
 0.349153470877907E+00  0.357899222930017E+00  0.176613609995447E+00 
 0.491072775522075E+00  0.940613052272084E-01  0.669073607744228E+00 
 0.495990061249289E+00  0.631969868105006E-01  0.666122613932634E+00 
 0.498997629009571E+00  0.316443714241070E-01  0.662334155840197E+00 
 0.345670943100683E+00  0.361263891215112E+00  0.668404061305065E+00 
 0.362284891222341E+00  0.344600721984178E+00  0.663623359743995E+00 
 0.379000658634963E+00  0.326126510351833E+00  0.659619035785373E+00 
 0.395722375832976E+00  0.305620354795136E+00  0.656313004212220E+00 
 0.412104719966797E+00  0.283142543219998E+00  0.653623229065080E+00 
 0.427705713249191E+00  0.258974560244826E+00  0.651392144848562E+00 
 0.442153241666768E+00  0.233453444788396E+00  0.649428757455828E+00 
 0.455217397215666E+00  0.206826307011933E+00  0.647610642850709E+00 
 0.466763639074845E+00  0.179253187524261E+00  0.645890038886307E+00 
 0.476697903274960E+00  0.150861224352902E+00  0.644118452519919E+00 
 0.484953191817323E+00  0.121739072389235E+00  0.642008201234427E+00 
 0.491476764185051E+00  0.919270921230083E-01  0.639346756528761E+00 
 0.496200513858915E+00  0.615227603911629E-01  0.635972091455722E+00 
 0.499053133913453E+00  0.307566176807772E-01  0.631522600476019E+00 
 0.345923665418337E+00  0.361021907511916E+00  0.638018569737216E+00 
 0.362701257600824E+00  0.344162458346027E+00  0.633664975705708E+00 
 0.379528143144339E+00  0.325512501390361E+00  0.629874140441359E+00 
 0.396319696770383E+00  0.304845367279596E+00  0.626663754940014E+00 
 0.412737111169787E+00  0.282219909048279E+00  0.624014489985649E+00 
 0.428348689826146E+00  0.257909673964014E+00  0.621820993419296E+00 
 0.442790110642635E+00  0.232243230078044E+00  0.619925356769007E+00 
 0.455823116687081E+00  0.205487922500753E+00  0.618181937847970E+00 
 0.467306942355509E+00  0.177832003942892E+00  0.616453631929988E+00 
 0.477151620968214E+00  0.149419980616401E+00  0.614570386352369E+00 
 0.485299529198685E+00  0.120351015614886E+00  0.612306700733872E+00 
 0.491700882825472E+00  0.907206802700030E-01  0.609456937583520E+00 
 0.496307630412391E+00  0.606525844003141E-01  0.605799398978379E+00 
 0.499078539816308E+00  0.303415737037836E-01  0.601054335988565E+00 
 0.346080928553365E+00  0.360871155527344E+00  0.607758909552266E+00 
 0.362954072939478E+00  0.343895828611869E+00  0.603648091032739E+00 
 0.379847087148669E+00  0.325140262632409E+00  0.599998229502879E+00 
 0.396682336799187E+00  0.304373329435311E+00  0.596867247880155E+00 
 0.413124582626563E+00  0.281652408528008E+00  0.594263957004481E+00 
 0.428744563502821E+00  0.257251043276361E+00  0.592109675911415E+00 
 0.443179118706329E+00  0.231500040480950E+00  0.590257489048905E+00 
 0.456188351253622E+00  0.204675812397317E+00  0.588543366395774E+00 
 0.467628304618546E+00  0.176985221754768E+00  0.586804163203191E+00 
 0.477414958065325E+00  0.148576437618770E+00  0.584853894799234E+00 
 0.485492207290541E+00  0.119571387297121E+00  0.582495050784445E+00 
 0.491819447975730E+00  0.900756936850823E-01  0.579520827882224E+00 
 0.496360530366723E+00  0.602181359231999E-01  0.575729555138739E+00 
 0.499090900377670E+00  0.301375705757291E-01  0.570868061507287E+00 
 0.346160874571710E+00  0.360794469075883E+00  0.577671859244318E+00 
 0.363090797679111E+00  0.343751469292492E+00  0.573632281698111E+00 
 0.380027281988410E+00  0.324929630757956E+00  0.570060476399024E+00 
 0.396893124806922E+00  0.304098417425999E+00  0.566985307246004E+00 
 0.413351906866451E+00  0.281318682440163E+00  0.564420590655758E+00 
 0.428977014199002E+00  0.256863234599484E+00  0.562295731208287E+00 
 0.443405931492397E+00  0.231065315262502E+00  0.560468677507255E+00 
 0.456397805536418E+00  0.204208332595764E+00  0.558769363225505E+00 
 0.467810488246081E+00  0.176503107867717E+00  0.557019027134890E+00 
 0.477559877546897E+00  0.148109970486097E+00  0.555035175915717E+00 
 0.485595259121362E+00  0.119152189735889E+00  0.552622569767461E+00 
 0.491879216248025E+00  0.897487416247662E-01  0.549600281971748E+00 
 0.496385016076977E+00  0.600159629953529E-01  0.545800209061650E+00 
 0.499094548395699E+00  0.300770969625215E-01  0.541085492278204E+00 
 0.346189299084171E+00  0.360767195293045E+00  0.547573342095977E+00 
 0.363160803409460E+00  0.343677509981372E+00  0.543598136565743E+00 
 0.380131683146787E+00  0.324807486779463E+00  0.540095856822924E+00 
 0.397019092092099E+00  0.303933941037136E+00  0.537065889570075E+00 
 0.413489015771786E+00  0.281117117650419E+00  0.534526739132286E+00 
 0.429115967389904E+00  0.256631031894092E+00  0.532421217167212E+00 
 0.443539746189760E+00  0.230808348094092E+00  0.530608628489325E+00 
 0.456519926827638E+00  0.203935176978589E+00  0.528915858040435E+00 
 0.467914294719156E+00  0.176227729933387E+00  0.527161430200996E+00 
 0.477641590905365E+00  0.147846239848676E+00  0.525159202573388E+00 
 0.485651732978622E+00  0.118921798905251E+00  0.522727888782091E+00 
 0.491912318177985E+00  0.895671325027270E-01  0.519697049982912E+00 
 0.460657586071568E+00  0.194408303307023E+00  0.311786363497712E-01 
 0.469551888488805E+00  0.171816832751033E+00  0.537847826846312E-01 
 0.476009347771290E+00  0.153019936068314E+00  0.765611441357557E-01 
 0.481710054552109E+00  0.133997848279008E+00  0.987926216629795E-01 
 0.487090857073308E+00  0.112882668977974E+00  0.120175703002881E+00 
 0.491403448731239E+00  0.923182028369543E-01  0.141302014272067E+00 
 0.494806743981772E+00  0.718768816112474E-01  0.161588890135812E+00 
 0.497644382608060E+00  0.484775046660082E-01  0.178598078957058E+00 
 0.499423462535955E+00  0.240042718822718E-01  0.194626640888777E+00 
 0.496399323742787E+00  0.598975073580190E-01  0.515945159092509E+00 
 0.499098040925586E+00  0.300190863325689E-01  0.511444732489654E+00 
 0.346214145062594E+00  0.360743351648477E+00  0.517335097197581E+00 
 0.363220722411123E+00  0.343614183076226E+00  0.513564866167787E+00 
 0.380215742028329E+00  0.324709084433817E+00  0.510150535926978E+00 
 0.397116430802638E+00  0.303806748421712E+00  0.507149166274024E+00 
 0.413591344609915E+00  0.280966545452947E+00  0.504622500348115E+00 
 0.429218331023930E+00  0.256459790830907E+00  0.502525297840561E+00 
 0.443636309432380E+00  0.230622689588899E+00  0.500721897972840E+00 
 0.456606414384260E+00  0.203741459558798E+00  0.499033317276065E+00 
 0.467987044698763E+00  0.176034445476213E+00  0.497276598525234E+00 
 0.477697971763104E+00  0.147663969110331E+00  0.495268346573765E+00 
 0.485691893943297E+00  0.118757669890297E+00  0.492830074540816E+00 
 0.491937676846832E+00  0.894277479227884E-01  0.489801745945637E+00 
 0.496413954938413E+00  0.597761268601740E-01  0.486049772833145E+00 
 0.499104581883556E+00  0.299101377937476E-01  0.481470174127962E+00 
 0.346272472655476E+00  0.360687364182698E+00  0.487210512325101E+00 
 0.363313844809986E+00  0.343515720410850E+00  0.483673958664431E+00 
 0.380320725733963E+00  0.324586114270453E+00  0.480289831499401E+00 
 0.397228495353995E+00  0.303660208915823E+00  0.477274250315259E+00 
 0.413708385932548E+00  0.280794179799166E+00  0.474739034603082E+00 
 0.429333763797807E+00  0.256266500470134E+00  0.472647218606995E+00 
 0.443744942407429E+00  0.230413597879612E+00  0.470850232584932E+00 
 0.456701912989588E+00  0.203527302030098E+00  0.469167390917851E+00 
 0.468066536549020E+00  0.175822971659009E+00  0.467408851615150E+00 
 0.477759469000723E+00  0.147464876428751E+00  0.465397343350915E+00 
 0.485735587248548E+00  0.118578831501699E+00  0.462959259563141E+00 
 0.491965597391865E+00  0.892740218813158E-01  0.459933271824613E+00 
 0.496428714736383E+00  0.596534255947046E-01  0.456155045776148E+00 
 0.499109326429596E+00  0.298308610501824E-01  0.451373109633544E+00 
 0.346396018988672E+00  0.360568714711634E+00  0.457727601065748E+00 
 0.363448288466430E+00  0.343373472491430E+00  0.454088225149788E+00 
 0.445384589548458E+00  0.227228007500730E+00  0.254640055878178E-01 
 0.435822355864894E+00  0.245069121123764E+00  0.508989409795384E-01 
 0.426039038635279E+00  0.261707350983360E+00  0.755083960863717E-01 
 0.414757475139740E+00  0.279242254710328E+00  0.988159427489458E-01 
 0.403478031426236E+00  0.295305736748220E+00  0.121754586235248E+00 
 0.391919151609018E+00  0.310482493229598E+00  0.143849929913992E+00 
 0.379689349159401E+00  0.325324450564218E+00  0.164307553607977E+00 
 0.367619489587469E+00  0.338903984744129E+00  0.182372931863062E+00 
 0.357198424647015E+00  0.349870383756171E+00  0.195476035116021E+00 
 0.345401206544477E+00  0.361521792590184E+00  0.208196518958243E+00 
 0.380467885050160E+00  0.324413607059658E+00  0.450549461077882E+00 
 0.397397445974450E+00  0.303439071203732E+00  0.447457568256351E+00 
 0.413892251441746E+00  0.280523090308948E+00  0.444906678817631E+00 
 0.429519674497476E+00  0.255954779638088E+00  0.442822928957481E+00 
 0.443917600939213E+00  0.230080776199086E+00  0.441043092682988E+00 
 0.456853845416524E+00  0.203186032807709E+00  0.439365455702403E+00 
 0.468190925508491E+00  0.175491473500859E+00  0.437605547064142E+00 
 0.477855310950040E+00  0.147154007070281E+00  0.435585803664547E+00 
 0.485802551360014E+00  0.118304188818912E+00  0.433151212409742E+00 
 0.492006113880013E+00  0.890504570717539E-01  0.430146793094288E+00 
 0.496446258792921E+00  0.595072443532075E-01  0.426415026553680E+00 
 0.499111467597397E+00  0.297950148980137E-01  0.421735033580283E+00 
 0.346472428968254E+00  0.360495292569595E+00  0.429217786424014E+00 
 0.363576189824508E+00  0.343238043044027E+00  0.424718335417281E+00 
 0.380686381428658E+00  0.324157182543830E+00  0.420865742358712E+00 
 0.397688002812823E+00  0.303058166725050E+00  0.417694449832577E+00 
 0.414221675246587E+00  0.280036432908132E+00  0.415150045958707E+00 
 0.429849613465215E+00  0.255400293272747E+00  0.413104379511081E+00 
 0.444223952839367E+00  0.229488735505183E+00  0.411354942365746E+00 
 0.457118106727581E+00  0.202590810506775E+00  0.409693188869904E+00 
 0.468407414038443E+00  0.174912819638295E+00  0.407918621668025E+00 
 0.478019818658844E+00  0.146618733350706E+00  0.405880361392893E+00 
 0.485918340208140E+00  0.117827698990375E+00  0.403440631512218E+00 
 0.492076956140652E+00  0.886581594403543E-01  0.400481904618261E+00 
 0.496480233974762E+00  0.592231143419988E-01  0.396874477976973E+00 
 0.499120290428882E+00  0.296468494479393E-01  0.392515897555589E+00 
 0.346428103124474E+00  0.360537888945918E+00  0.400183935077522E+00 
 0.363793671828940E+00  0.343007528105751E+00  0.395069281135958E+00 
 0.381097170312308E+00  0.323674136717706E+00  0.391114965221560E+00 
 0.398227371854231E+00  0.302349070291397E+00  0.387979076765570E+00 
 0.414811722929912E+00  0.279161663771940E+00  0.385517235006330E+00 
 0.430430384889784E+00  0.254420289606849E+00  0.383551440886999E+00 
 0.444749843845144E+00  0.228467889209228E+00  0.381872069611525E+00 
 0.457569242800070E+00  0.201569809354899E+00  0.380227189672483E+00 
 0.468770195295480E+00  0.173938218924528E+00  0.378422114905422E+00 
 0.478295899493279E+00  0.145715587800052E+00  0.376323890913436E+00 
 0.486112267696067E+00  0.117025053708115E+00  0.373860237202756E+00 
 0.492199880991050E+00  0.879731615459889E-01  0.370946809757151E+00 
 0.496543621802604E+00  0.586892805131626E-01  0.367478168569519E+00 
 0.499140614622155E+00  0.293026762364355E-01  0.363274855449093E+00 
 0.346796621052085E+00  0.360183430527914E+00  0.369412946429490E+00 
 0.364381764273905E+00  0.342382724249686E+00  0.364973925756028E+00 
 0.381907094237230E+00  0.322718098921141E+00  0.361289449158234E+00 
 0.399188426472308E+00  0.301079059667993E+00  0.358377999166737E+00 
 0.415820833033070E+00  0.277656325005723E+00  0.356077244448074E+00 
 0.431389550011144E+00  0.252790538076849E+00  0.354258560919556E+00 
 0.445605059943289E+00  0.226795349495836E+00  0.352700670925905E+00 
 0.458287412380671E+00  0.199931607439717E+00  0.351087911822187E+00 
 0.469341968025990E+00  0.172389434274523E+00  0.349190591730122E+00 
 0.478724406768887E+00  0.144301567433542E+00  0.346964805616041E+00 
 0.486416108231395E+00  0.115755646311632E+00  0.344422886666311E+00 
 0.492394230996100E+00  0.868787734821308E-01  0.341561025828657E+00 
 0.496644699534691E+00  0.578276959950561E-01  0.338263776806518E+00 
 0.499170053242848E+00  0.287968391587048E-01  0.334218709353746E+00 
 0.347323565879814E+00  0.359675326627405E+00  0.339254088658210E+00 
 0.365383898287298E+00  0.341313062850483E+00  0.334826911566795E+00 
 0.383299180646548E+00  0.321063448738228E+00  0.331599966065401E+00 
 0.400784036506716E+00  0.298951762131257E+00  0.329036007739675E+00 
 0.417421406844328E+00  0.275244199045325E+00  0.326927700999457E+00 
 0.432875303061463E+00  0.250237830871847E+00  0.325323665607161E+00 
 0.446900111020693E+00  0.224232671057748E+00  0.324017374855588E+00 
 0.459355341837178E+00  0.197465617072060E+00  0.322424899976980E+00 
 0.470167587986494E+00  0.170124775406060E+00  0.320308350644121E+00 
 0.479338104048672E+00  0.142249717071862E+00  0.317808884990851E+00 
 0.486856088181295E+00  0.113890953990242E+00  0.315123551165066E+00 
 0.492685658816122E+00  0.852105720959822E-01  0.312331974626987E+00 
 0.496799865965931E+00  0.564791393014483E-01  0.309362047489753E+00 
 0.499216804646455E+00  0.279746663712592E-01  0.305619830572487E+00 
 0.348157199842785E+00  0.358868449710519E+00  0.308376909668715E+00 
 0.367198936088646E+00  0.339359604748954E+00  0.304507591032222E+00 
 0.385637713383979E+00  0.318250772215836E+00  0.302393176279026E+00 
 0.403250657204082E+00  0.295616148856040E+00  0.300155813118992E+00 
 0.473568618321333E+00  0.160414350172370E+00  0.263189402182930E-01 
 0.479104534105553E+00  0.143034420331265E+00  0.501365131165000E-01 
 0.484217139667094E+00  0.124634512285393E+00  0.728141658860051E-01 
 0.488807178399237E+00  0.105202387545993E+00  0.946231019279813E-01 
 0.492687116640119E+00  0.852021425601837E-01  0.115789809235955E+00 
 0.495656317828268E+00  0.657633225812306E-01  0.136069513863658E+00 
 0.497567458388406E+00  0.492607790529264E-01  0.154419999406570E+00 
 0.499416723647496E+00  0.241440705184593E-01  0.162510433334655E+00 
 0.419774679047625E+00  0.271641710402625E+00  0.298078503184074E+00 
 0.435038658263815E+00  0.246457634931482E+00  0.296864711039393E+00 
 0.448747632792732E+00  0.220512045165154E+00  0.296121906268726E+00 
 0.460815894600785E+00  0.194032758273643E+00  0.294444887805995E+00 
 0.471244663395566E+00  0.167118123556961E+00  0.291773378282468E+00 
 0.480134009891580E+00  0.139539716731232E+00  0.288800980129275E+00 
 0.487456121562448E+00  0.111294786721103E+00  0.285890803244580E+00 
 0.493110139648833E+00  0.827187413801053E-01  0.283230366372349E+00 
 0.497039870943476E+00  0.543264824233266E-01  0.280997050733411E+00 
 0.499295018814512E+00  0.265421209969409E-01  0.277476894593370E+00 
 0.350509922747851E+00  0.356570882231423E+00  0.275005419284210E+00 
 0.370816605264487E+00  0.335402810453523E+00  0.274492259574233E+00 
 0.389350945565300E+00  0.313697053201663E+00  0.274667686394153E+00 
 0.406630078988243E+00  0.290950131228730E+00  0.271617083397720E+00 
 0.422956683604190E+00  0.266660165368856E+00  0.269263781821155E+00 
 0.438140524284271E+00  0.240900147322296E+00  0.269109602651778E+00 
 0.451236610108159E+00  0.215372982748760E+00  0.269695398484879E+00 
 0.462591317711525E+00  0.189761093952146E+00  0.267235399456764E+00 
 0.472432561970151E+00  0.163729882398783E+00  0.263326302968924E+00 
 0.481075452904695E+00  0.136258609315309E+00  0.259819901548162E+00 
 0.488235854969912E+00  0.107822770887225E+00  0.256594979332110E+00 
 0.493737915655852E+00  0.788851737895992E-01  0.254009670756067E+00 
 0.497414656075910E+00  0.507805072925071E-01  0.253990901853695E+00 
 0.499415031661262E+00  0.241790436283390E-01  0.250120151628912E+00 
 0.356547808946296E+00  0.350533393467150E+00  0.242747190426538E+00 
 0.377505768182662E+00  0.327855753325785E+00  0.246703598645453E+00 
 0.394447347159542E+00  0.307264202794273E+00  0.250669673864538E+00 
 0.409149533258447E+00  0.287396345548086E+00  0.239108815765575E+00 
 0.427722619277868E+00  0.258946637278958E+00  0.241367946591433E+00 
 0.442736142232999E+00  0.232346096073598E+00  0.242289863754534E+00 
 0.454447958349612E+00  0.208511518031665E+00  0.246534972589553E+00 
 0.463839077536205E+00  0.186690412582871E+00  0.239179651364125E+00 
 0.473566433550132E+00  0.160420799819127E+00  0.234752341794213E+00 
 0.482122204817282E+00  0.132507281392847E+00  0.230890477892312E+00 
 0.489180286193350E+00  0.103453601192962E+00  0.227007010106995E+00 
 0.494785893362400E+00  0.720202730456609E-01  0.223143805852268E+00 
 0.498063019509933E+00  0.439684955013012E-01  0.231245915454653E+00 
 0.499475673376626E+00  0.228921756276351E-01  0.222597446590972E+00 
 0.499466812901471E+00  0.230846877831807E-01  0.208214392775741E-01 
 0.499174216453186E+00  0.287245823006617E-01  0.435471211267359E-01 
 0.497566046827744E+00  0.492750346951796E-01  0.221196620925941E-01 
 0.499494467370141E+00  0.224783688602877E-01  0.863300892652623E-01 
 0.498535907457412E+00  0.382354413550330E-01  0.658185733546339E-01 
 0.496629664761114E+00  0.579566741563294E-01  0.446902339612980E-01 
 0.494082761989231E+00  0.766956602754864E-01  0.228123914627891E-01 
 0.499231221383507E+00  0.277161973569935E-01  0.109730134745232E+00 
 0.497640651214787E+00  0.485157939079846E-01  0.888693129660214E-01 
 0.495429324778982E+00  0.674520878034351E-01  0.677053462513139E-01 
 0.492489812369196E+00  0.863353039755704E-01  0.460593728321246E-01 
 0.489051722745384E+00  0.104059658272420E+00  0.235987996813937E-01 
 0.498649056456338E+00  0.367303484220339E-01  0.134174968852097E+00 
 0.496753773673631E+00  0.568831112106788E-01  0.112490461831209E+00 
 0.494074412013795E+00  0.767494325270423E-01  0.914208901601065E-01 
 0.490685710938165E+00  0.960600493499149E-01  0.699447606895138E-01 
 0.486696115089158E+00  0.114572647508560E+00  0.477896222623795E-01 
 0.482363518298001E+00  0.131626122844874E+00  0.246315972076147E-01 
 0.329000014439225E+00  0.348137909931918E+00  0.179819206709916E-01 
 0.329000014439225E+00  0.348137909931918E+00  0.455652353997157E-01 
 0.329000014439225E+00  0.348137909931918E+00  0.774473502672546E-01 
 0.329000014439225E+00  0.348137909931918E+00  0.106666219360037E+00 
 0.329000014439225E+00  0.348137909931918E+00  0.137077879448016E+00 
 0.329000014439225E+00  0.348137909931918E+00  0.168037266632294E+00 
 0.329000014439225E+00  0.348137909931918E+00  0.198954008786220E+00 
 0.329000014439225E+00  0.348137909931918E+00  0.231349069462935E+00 
 0.329000014439225E+00  0.348137909931918E+00  0.265987954733166E+00 
 0.329000014439225E+00  0.348137909931918E+00  0.304707057610840E+00 
 0.329000014439225E+00  0.348137909931918E+00  0.333215610325795E+00 
 0.329000014439225E+00  0.348137909931918E+00  0.358199663558207E+00 
 0.329000014439225E+00  0.348137909931918E+00  0.396473816362882E+00 
 0.329000014439225E+00  0.348137909931918E+00  0.423821168912335E+00 
 0.329000014439225E+00  0.348137909931918E+00  0.446588156650277E+00 
 0.329000014439225E+00  0.348137909931918E+00  0.477416490652415E+00 
 0.329000014439225E+00  0.348137909931918E+00  0.508184474441055E+00 
 0.329000014439225E+00  0.348137909931918E+00  0.542016090624739E+00 
 0.329000014439225E+00  0.348137909931918E+00  0.571937110985733E+00 
 0.329000014439225E+00  0.348137909931918E+00  0.599679087641541E+00 
 0.329000014439225E+00  0.348137909931918E+00  0.630290043794353E+00 
 0.329000014439225E+00  0.348137909931918E+00  0.662435236145202E+00 
 0.329000014439225E+00  0.348137909931918E+00  0.697390013793800E+00 
 0.329000014439225E+00  0.348137909931918E+00  0.726465903273410E+00 
 0.329000014439225E+00  0.348137909931918E+00  0.753178600172368E+00 
 0.329000014439225E+00  0.348137909931918E+00  0.784860561415530E+00 
 0.329000014439225E+00  0.348137909931918E+00  0.816355938019299E+00 
 0.329000014439225E+00  0.348137909931918E+00  0.846199367990962E+00 
 0.329000014439225E+00  0.348137909931918E+00  0.878438320931099E+00 
 0.329000014439225E+00  0.348137909931918E+00  0.907865931531827E+00 
 0.329000014439225E+00  0.348137909931918E+00  0.933097189778335E+00 
 0.329000014439225E+00  0.348137909931918E+00  0.959976361826957E+00 
 0.329000014439225E+00  0.348137909931918E+00  0.983801762423656E+00 
 0.329000014439225E+00  0.361111125931021E+00  0.979938099962889E+00 
 0.329000014439225E+00  0.362328241586831E+00  0.953412661979089E+00 
 0.329000014439225E+00  0.362373262316698E+00  0.891582754064208E+00 
 0.329000014439225E+00  0.362472543228536E+00  0.921044256685980E+00 
 0.329000014439225E+00  0.362192574680247E+00  0.861310304848945E+00 
 0.329000014439225E+00  0.362418118599002E+00  0.819722247817734E+00 
 0.329000014439225E+00  0.362364440422663E+00  0.775360695836530E+00 
 0.329000014439225E+00  0.362346413366208E+00  0.715389597475286E+00 
 0.329000014439225E+00  0.362417685496234E+00  0.744494405270697E+00 
 0.329000014439225E+00  0.362306800763775E+00  0.652310577092942E+00 
 0.329000014439225E+00  0.362233958611437E+00  0.684606243580875E+00 
 0.329000014439225E+00  0.362383141426172E+00  0.591044979927414E+00 
 0.329000014439225E+00  0.362324275563706E+00  0.621065854236364E+00 
 0.329000014439225E+00  0.362326637636637E+00  0.561639258928655E+00 
 0.329000014439225E+00  0.362327276465984E+00  0.499264367168993E+00 
 0.329000014439225E+00  0.362251985756798E+00  0.530905621169089E+00 
 0.329000014439225E+00  0.362280518981731E+00  0.468256669474233E+00 
 0.329000014439225E+00  0.362322096736914E+00  0.428234714887970E+00 
 0.329000014439225E+00  0.362263924491863E+00  0.384292852586730E+00 
 0.329000014439225E+00  0.362299116803257E+00  0.338221023813992E+00 
 0.329000014439225E+00  0.362322421795012E+00  0.291325717401489E+00 
 0.329000014439225E+00  0.362417634766729E+00  0.252965347431740E+00 
 0.329000014439225E+00  0.362192351124052E+00  0.276057780132996E-01 
 0.329000014439225E+00  0.362344175730478E+00  0.185924566896187E+00 
 0.329000014439225E+00  0.362334262331720E+00  0.218091498342949E+00 
 0.329000014439225E+00  0.362374832069893E+00  0.122167805915051E+00 
 0.329000014439225E+00  0.362379873680236E+00  0.154039448198469E+00 
 0.329000014439225E+00  0.362154000733026E+00  0.614174766067553E-01 
 0.329000014439225E+00  0.362391196103873E+00  0.911825327790330E-01 
 0.479000014439235E+00 -0.138777878078145E-16  0.220138342281504E-01 
 0.479000014439235E+00 -0.138777878078145E-16  0.546955027433388E-01 
 0.479000014439235E+00 -0.138777878078145E-16  0.871291469747653E-01 
 0.479000014439235E+00 -0.138777878078145E-16  0.119852755821437E+00 
 0.479000014439235E+00 -0.138777878078145E-16  0.146599055800968E+00 
 0.479000014439235E+00 -0.138777878078145E-16  0.174665996707292E+00 
 0.479000014439235E+00 -0.138777878078145E-16  0.203040723160825E+00 
 0.479000014439235E+00 -0.138777878078145E-16  0.232073529066489E+00 
 0.479000014439235E+00 -0.138777878078145E-16  0.264653638743692E+00 
 0.479000014439235E+00 -0.138777878078145E-16  0.294214611436532E+00 
 0.479000014439235E+00 -0.138777878078145E-16  0.320165966484130E+00 
 0.479000014439235E+00 -0.138777878078145E-16  0.348270609949283E+00 
 0.479000014439235E+00 -0.138777878078145E-16  0.380557552134623E+00 
 0.479000014439235E+00 -0.138777878078145E-16  0.407220908868170E+00 
 0.479000014439235E+00 -0.138777878078145E-16  0.432742925985026E+00 
 0.479000014439235E+00 -0.138777878078145E-16  0.466097395169594E+00 
 0.479000014439235E+00 -0.138777878078145E-16  0.499387589081555E+00 
 0.479000014439235E+00 -0.138777878078145E-16  0.527211150813329E+00 
 0.479000014439235E+00 -0.138777878078145E-16  0.552961604303355E+00 
 0.479000014439235E+00 -0.138777878078145E-16  0.585438769688757E+00 
 0.479000014439235E+00 -0.138777878078145E-16  0.615273137102390E+00 
 0.479000014439235E+00 -0.138777878078145E-16  0.645908166427247E+00 
 0.479000014439235E+00 -0.138777878078145E-16  0.680614552718735E+00 
 0.479000014439235E+00 -0.138777878078145E-16  0.709407525303490E+00 
 0.479000014439235E+00 -0.138777878078145E-16  0.741417263592756E+00 
 0.479000014439235E+00 -0.138777878078145E-16  0.779150607103293E+00 
 0.479000014439235E+00 -0.138777878078145E-16  0.811305186327611E+00 
 0.479000014439235E+00 -0.138777878078145E-16  0.841084571922081E+00 
 0.479000014439235E+00 -0.138777878078145E-16  0.874610896653845E+00 
 0.479000014439235E+00 -0.138777878078145E-16  0.908050851946829E+00 
 0.479000014439235E+00 -0.138777878078145E-16  0.937845602577192E+00 
 0.479000014439235E+00 -0.138777878078145E-16  0.962770678130983E+00 
 0.479000014439235E+00 -0.138777878078145E-16  0.984231146167542E+00 
 0.444396898463896E+00  0.178752371923973E+00  0.899948615068271E+00 
 0.431223284950872E+00  0.208536549192122E+00  0.901875107240703E+00 
 0.438048380839022E+00  0.193790169712215E+00  0.867730473439202E+00 
 0.404188280421273E+00  0.257046392316393E+00  0.823250468555438E+00 
 0.445305808643252E+00  0.176475920797586E+00  0.106430828863700E+00 
 0.439359062384490E+00  0.190799968903037E+00  0.780084637736462E-01 
 0.451527053809295E+00  0.159888503373673E+00  0.775198636150191E-01 
 0.433126513871491E+00  0.204554239296839E+00  0.951907843826134E+00 
 0.449748594264135E+00  0.164824803322222E+00  0.927221487598089E+00 
 0.438688762844717E+00  0.192336120337677E+00  0.928494690890123E+00 
 0.425837772924455E+00  0.219324428606392E+00  0.931456712431389E+00 
 0.394305750566366E+00  0.271963212407618E+00  0.839032726593284E+00 
 0.391997810236974E+00  0.275279368282829E+00  0.865721174084787E+00 
 0.375714964414468E+00  0.297118291843178E+00  0.838571468941940E+00 
 0.473604205042237E+00  0.716942870742824E-01  0.823752153641665E+00 
 0.471746753767292E+00  0.830422431224059E-01  0.847082514828356E+00 
 0.468950867721391E+00  0.976017289607723E-01  0.823563602544697E+00 
 0.465611945246868E+00  0.112456792930456E+00  0.849864908230902E+00 
 0.462086013474306E+00  0.126164693889369E+00  0.823460639839083E+00 
 0.461154560703081E+00  0.129527931256249E+00  0.875898133915601E+00 
 0.457380505166827E+00  0.142281718172479E+00  0.849414801811297E+00 
 0.453026327738092E+00  0.155589717555221E+00  0.823327624371306E+00 
 0.477415195693165E+00  0.389325667537161E-01  0.217928816423731E-01 
 0.478376705300998E+00  0.244282962593817E-01  0.422239559018716E-01 
 0.455473266738657E+00  0.148273791073103E+00  0.901019616951344E+00 
 0.451273461141189E+00  0.160602855212559E+00  0.874359762064851E+00 
 0.448229289508548E+00  0.168912752210830E+00  0.848359429181583E+00 
 0.440583871441812E+00  0.187954425481610E+00  0.827360238819739E+00 
 0.416639759292872E+00  0.236330964558514E+00  0.908616138005517E+00 
 0.421615767827951E+00  0.227334903065120E+00  0.876514441584242E+00 
 0.426579189704899E+00  0.217878885492588E+00  0.844371926635060E+00 
 0.429375473954316E+00  0.212315134173913E+00  0.816431994781370E+00 
 0.405453933184881E+00  0.255045333024718E+00  0.885880221519514E+00 
 0.409324534446764E+00  0.248785930737089E+00  0.851188909970652E+00 
 0.417134060094981E+00  0.235457405365509E+00  0.820437808557299E+00 
 0.450932051266602E+00  0.161558964385358E+00  0.741607717308758E+00 
 0.439462551233752E+00  0.190561485867159E+00  0.743964567769793E+00 
 0.427937535225838E+00  0.215198698364126E+00  0.746764976298751E+00 
 0.436127863100077E+00  0.198074483113145E+00  0.698615430835689E+00 
 0.424732731005256E+00  0.221456815306275E+00  0.702116945084334E+00 
 0.410308413925251E+00  0.247159906325692E+00  0.703211342326870E+00 
 0.404595115652577E+00  0.256405550296511E+00  0.644372006557990E+00 
 0.452415567522225E+00  0.157356817762427E+00  0.590004018563753E+00 
 0.440756439649597E+00  0.187549392801438E+00  0.592805012797734E+00 
 0.428751461012473E+00  0.213572466653476E+00  0.597978394619486E+00 
 0.437609144980260E+00  0.194780004267441E+00  0.546900721568790E+00 
 0.425270531802481E+00  0.220422296089156E+00  0.549647697627157E+00 
 0.408829875668458E+00  0.249597969931033E+00  0.552269994585982E+00 
 0.450115147084076E+00  0.163821146981260E+00  0.472973435360848E+00 
 0.473722554619250E+00  0.709080748419491E-01  0.235140703579472E-01 
 0.476091376983710E+00  0.527068742625894E-01  0.459259514289488E-01 
 0.477977181386741E+00  0.312862255051728E-01  0.666378435944033E-01 
 0.438496748633038E+00  0.192773481763007E+00  0.473524387531244E+00 
 0.426513058778841E+00  0.218008312969706E+00  0.473972552962714E+00 
 0.437185542055229E+00  0.195728934117197E+00  0.395700489010226E+00 
 0.425801183652102E+00  0.219395455361431E+00  0.396449756153725E+00 
 0.411237026470430E+00  0.245611729957139E+00  0.396145424346551E+00 
 0.452881858472368E+00  0.156009730784297E+00  0.349640291932658E+00 
 0.441175832919795E+00  0.186560709369102E+00  0.349840444503409E+00 
 0.429846105868858E+00  0.211360684854489E+00  0.351812994127333E+00 
 0.438162550157427E+00  0.193531892649038E+00  0.304651609065753E+00 
 0.426524930803112E+00  0.217985084893854E+00  0.307623033208119E+00 
 0.411411380882883E+00  0.245319566102705E+00  0.310234055324036E+00 
 0.400092305641737E+00  0.263376462120398E+00  0.223127147628590E+00 
 0.363523110584030E+00  0.311916594467308E+00  0.157347426950690E+00 
 0.380132381675081E+00  0.291445340046473E+00  0.170327426438044E+00 
 0.381781071395208E+00  0.289282262430832E+00  0.139574249805590E+00 
 0.397224293515439E+00  0.267682413456577E+00  0.153568196820299E+00 
 0.398283869832570E+00  0.266103312388197E+00  0.120432605749094E+00 
 0.416515152764915E+00  0.236550504861012E+00  0.134827106177830E+00 
 0.413097801610502E+00  0.242469008612133E+00  0.972422632069567E-01 
 0.410463836634226E+00  0.246901706450747E+00  0.168181950335583E+00 
 0.441760373677449E+00  0.185172314564402E+00  0.166025152630658E+00 
 0.436156710273603E+00  0.198010954030545E+00  0.135601264677072E+00 
 0.429939202336349E+00  0.211171248344001E+00  0.104200485742594E+00 
 0.425069477050433E+00  0.220809767702545E+00  0.719336400871117E-01 
 0.426101066068289E+00  0.218812466117102E+00  0.166526879387015E+00 
 0.474557800372616E+00  0.650838531302771E-01  0.159662354125921E+00 
 0.472012520282704E+00  0.815180625944279E-01  0.137358310949663E+00 
 0.463820235619486E+00  0.119631947500074E+00  0.154320405889889E+00 
 0.464866900794061E+00  0.115497958332173E+00  0.122763559668146E+00 
 0.465375517038599E+00  0.113431221336247E+00  0.954162550604821E-01 
 0.454392408170258E+00  0.151553796488270E+00  0.172005208751337E+00 
 0.452963165790928E+00  0.155773503104458E+00  0.136929215190414E+00 
 0.457427163597254E+00  0.142131642628041E+00  0.102860412326852E+00 
 0.461234948072260E+00  0.129241388531517E+00  0.744489947508650E-01 
 0.468281710508043E+00  0.100763353638309E+00  0.245048098286995E-01 
 0.471601934843097E+00  0.838607708349171E-01  0.481801384755945E-01 
 0.474491760557623E+00  0.655635797963065E-01  0.716794973556840E-01 
 0.476938359972125E+00  0.443938579071093E-01  0.923101285553792E-01 
 0.478240191394054E+00  0.269691150791541E-01  0.112666910912441E+00 
 0.434791681117263E+00  0.200990566604512E+00  0.522404930285185E-01 
 0.446116783977438E+00  0.174415678442060E+00  0.516098037665094E-01 
 0.456616063847632E+00  0.144716219094714E+00  0.505348056966001E-01 
 0.477999550396453E+00  0.309425864071400E-01  0.965713361863827E+00 
 0.475163445874486E+00  0.605038307668483E-01  0.980388258594114E+00 
 0.478184980749641E+00  0.279309509010919E-01  0.927245850655246E+00 
 0.476160632307644E+00  0.520775006424346E-01  0.940305340570713E+00 
 0.474071239063647E+00  0.685381216947042E-01  0.958413025015304E+00 
 0.471275602465800E+00  0.856756695525410E-01  0.978189973804402E+00 
 0.477974039520594E+00  0.313341886306304E-01  0.897986951625299E+00 
 0.475649693266742E+00  0.565542494250706E-01  0.915766786951538E+00 
 0.472557379308536E+00  0.782977464160203E-01  0.934088183099269E+00 
 0.469144102461889E+00  0.966686348202296E-01  0.954635796846770E+00 
 0.465320641746564E+00  0.113656122568658E+00  0.976651051681080E+00 
 0.478429891378433E+00  0.233634943532635E-01  0.850989753738172E+00 
 0.477357798814872E+00  0.396301115743534E-01  0.871046714373438E+00 
 0.474904586974352E+00  0.625031767472580E-01  0.889906908176916E+00 
 0.471144082470996E+00  0.863959917203450E-01  0.907747354707505E+00 
 0.466925840744431E+00  0.106870356403836E+00  0.929368479034717E+00 
 0.462503073895705E+00  0.124627125738337E+00  0.951857165734246E+00 
 0.456886029167953E+00  0.143861635552757E+00  0.974529132241720E+00 
 0.478374411583396E+00  0.244731725571689E-01  0.824938340346199E+00 
 0.476290453929012E+00  0.508764909253111E-01  0.841456782690174E+00 
 0.474416312454911E+00  0.661073090472109E-01  0.865357526584845E+00 
 0.469631234380422E+00  0.942736311335197E-01  0.877166618933908E+00 
 0.464438864294103E+00  0.117207317032596E+00  0.902686599289301E+00 
 0.459389975345253E+00  0.135653471702946E+00  0.926449959960327E+00 
 0.454875990256152E+00  0.150096126936238E+00  0.948872017188046E+00 
 0.444749562734337E+00  0.177873101621331E+00  0.963689778668346E+00 
 0.349151051342995E+00  0.327924621184279E+00  0.975787161506170E+00 
 0.367859550798687E+00  0.306790424751099E+00  0.969702035329624E+00 
 0.353533058431270E+00  0.323195591598963E+00  0.948313475565445E+00 
 0.342866282806387E+00  0.334490247910613E+00  0.927995453629660E+00 
 0.395945006221556E+00  0.269571077604755E+00  0.975974390527948E+00 
 0.383526085170968E+00  0.286964729237246E+00  0.959421964063214E+00 
 0.461179838887302E+00  0.129437900309983E+00  0.250717477119741E-01 
 0.465113617307135E+00  0.114500379162027E+00  0.493679984648419E-01 
 0.468882885752591E+00  0.979277962638853E-01  0.733112718909336E-01 
 0.471961754875878E+00  0.818114647666233E-01  0.101831844977620E+00 
 0.475904839923645E+00  0.543654041650340E-01  0.118400803178283E+00 
 0.477751751833358E+00  0.345583195906869E-01  0.145085940541080E+00 
 0.370592063239142E+00  0.303483997101871E+00  0.938512089092075E+00 
 0.357986569907954E+00  0.318255604189948E+00  0.918008760189511E+00 
 0.344407975340589E+00  0.332902628939107E+00  0.897886414981144E+00 
 0.409472827025045E+00  0.248541782726562E+00  0.970790957054530E+00 
 0.398446684429647E+00  0.265859461933930E+00  0.948375589955979E+00 
 0.386377515569825E+00  0.283113809791866E+00  0.928003524012309E+00 
 0.373682640818860E+00  0.299670315152194E+00  0.907578162301585E+00 
 0.360179346899688E+00  0.315771835190674E+00  0.888270902438251E+00 
 0.345766341273935E+00  0.331491555058057E+00  0.868266211254841E+00 
 0.391516078906879E+00  0.275964080615862E+00  0.813315149826776E+00 
 0.377417909094658E+00  0.294952090562839E+00  0.805519005697095E+00 
 0.359587700077070E+00  0.316445413596176E+00  0.810081478238395E+00 
 0.432104064471633E+00  0.206705324798066E+00  0.976351801418184E+00 
 0.422216319208315E+00  0.226217580278286E+00  0.961270673687396E+00 
 0.412535824103503E+00  0.243423925824936E+00  0.939606447416368E+00 
 0.401688217426824E+00  0.260935987961106E+00  0.917752071272278E+00 
 0.389466340188142E+00  0.278849392492130E+00  0.896807760829944E+00 
 0.376078114028075E+00  0.296658500606100E+00  0.876600459041815E+00 
 0.361978165435107E+00  0.313708179015157E+00  0.861386765709577E+00 
 0.350532107313176E+00  0.326447937005821E+00  0.838816416203044E+00 
 0.478523285562514E+00  0.213653693445888E-01  0.798602092476229E+00 
 0.476505078631742E+00  0.488254428647098E-01  0.805871137282336E+00 
 0.472333188853705E+00  0.796390139320536E-01  0.799705521666735E+00 
 0.466547736542878E+00  0.108509093441492E+00  0.797390588178627E+00 
 0.458637035147608E+00  0.138177725497947E+00  0.796722207259211E+00 
 0.448585945267558E+00  0.167963280335873E+00  0.796956645448067E+00 
 0.437026152899429E+00  0.196084562152921E+00  0.795486094402397E+00 
 0.423662956846101E+00  0.223496561112692E+00  0.793158987882440E+00 
 0.407106856912912E+00  0.252398535826317E+00  0.793995145670215E+00 
 0.389806863730692E+00  0.278373171877638E+00  0.784662563676414E+00 
 0.371860729942819E+00  0.301928155956290E+00  0.781184114864115E+00 
 0.351944678276405E+00  0.324924540879401E+00  0.782859487892502E+00 
 0.478388987270594E+00  0.241865808040080E-01  0.711427041572724E+00 
 0.475865992275421E+00  0.547043986211958E-01  0.742451303750710E+00 
 0.468992413458248E+00  0.974018991159074E-01  0.742496808670442E+00 
 0.460894087020526E+00  0.130451732001882E+00  0.741934973404259E+00 
 0.477959351565573E+00  0.315574410209540E-01  0.772889553709845E+00 
 0.475165169065826E+00  0.604902962418261E-01  0.778479509104103E+00 
 0.470849760675126E+00  0.879858892377380E-01  0.771602948829716E+00 
 0.463977049353943E+00  0.119022315158059E+00  0.769873254231744E+00 
 0.455031601816911E+00  0.149623711960072E+00  0.769417531592080E+00 
 0.444353134187831E+00  0.178861135997252E+00  0.769639757633431E+00 
 0.432275559766360E+00  0.206346442328089E+00  0.769718841139482E+00 
 0.418449239467625E+00  0.233112092826062E+00  0.766002551845241E+00 
 0.403036050418440E+00  0.258849291858957E+00  0.760397180307231E+00 
 0.385612377010037E+00  0.284155078310143E+00  0.755715390202652E+00 
 0.367174053995774E+00  0.307610513320140E+00  0.753491350030629E+00 
 0.348142318821413E+00  0.328995349022477E+00  0.753432936128691E+00 
 0.476319440561548E+00  0.506043908758041E-01  0.706067962937293E+00 
 0.472434540919672E+00  0.790355513601177E-01  0.712827429015782E+00 
 0.465972818546575E+00  0.110951999569802E+00  0.714991652970434E+00 
 0.457273444851580E+00  0.142625420126790E+00  0.713252762975283E+00 
 0.445678505096565E+00  0.175532572269842E+00  0.712583577196771E+00 
 0.439406482696184E+00  0.190690736002946E+00  0.261882762062326E-01 
 0.422749279066811E+00  0.225220027709064E+00  0.343568625061136E-01 
 0.409191036504362E+00  0.249005440657962E+00  0.630305735744826E-01 
 0.395788294479496E+00  0.269801111535496E+00  0.877259690799483E-01 
 0.381254163524501E+00  0.289976338048481E+00  0.108921792734113E+00 
 0.366888633224640E+00  0.307950880244444E+00  0.126405176545469E+00 
 0.355462676718193E+00  0.321072109179712E+00  0.138803442571750E+00 
 0.344010906279755E+00  0.333312931332336E+00  0.151278287881817E+00 
 0.432245858051204E+00  0.206408652992936E+00  0.722723413519596E+00 
 0.416717179775069E+00  0.236194423966980E+00  0.732258139683976E+00 
 0.398941931172346E+00  0.265115728287209E+00  0.729606812374781E+00 
 0.381074102962565E+00  0.290212925080965E+00  0.726348451802149E+00 
 0.362543740378656E+00  0.313054388477506E+00  0.724389353638438E+00 
 0.344305570028992E+00  0.333008540851107E+00  0.724078435574806E+00 
 0.394130867627671E+00  0.272216592102385E+00  0.699834308873060E+00 
 0.376140604705410E+00  0.296579263139925E+00  0.696740570555827E+00 
 0.355967681120453E+00  0.320512127431239E+00  0.695055837426618E+00 
 0.457795261218376E+00  0.140941522053557E+00  0.646371324418602E+00 
 0.445804725730714E+00  0.175211758592107E+00  0.648618920788593E+00 
 0.433692765939150E+00  0.203350924770036E+00  0.648839827754722E+00 
 0.421037331762180E+00  0.228404420043406E+00  0.650793660005963E+00 
 0.477034253106787E+00  0.433512998147298E-01  0.651726612927826E+00 
 0.472735230724359E+00  0.772166786696147E-01  0.656151414805437E+00 
 0.465463962061455E+00  0.113067740115509E+00  0.658702741370170E+00 
 0.477978553758182E+00  0.312652519582252E-01  0.679993760458258E+00 
 0.474824274048528E+00  0.631104001497973E-01  0.681905997440545E+00 
 0.469628284461523E+00  0.942883251866588E-01  0.685766895284595E+00 
 0.462996640168600E+00  0.122780800719671E+00  0.689998855246783E+00 
 0.454818407853528E+00  0.150270521761110E+00  0.678749602799121E+00 
 0.443765624693477E+00  0.180313849088705E+00  0.681733819592458E+00 
 0.432365552698343E+00  0.206157810117968E+00  0.674125159181054E+00 
 0.419280517575206E+00  0.231613603690819E+00  0.680257319229020E+00 
 0.406449562007319E+00  0.253455651696382E+00  0.674183508414114E+00 
 0.390275011831598E+00  0.277716454270577E+00  0.670109856717110E+00 
 0.371903825806043E+00  0.301875070490428E+00  0.666935081601032E+00 
 0.351461662918930E+00  0.325446943957125E+00  0.664649958774052E+00 
 0.387306257253179E+00  0.281841936065784E+00  0.640445530856524E+00 
 0.368832235890375E+00  0.305620345528368E+00  0.636948706343731E+00 
 0.349381911536189E+00  0.327678643985370E+00  0.633400707715799E+00 
 0.451810844811760E+00  0.159084802364204E+00  0.254677468512504E-01 
 0.478440878611552E+00  0.231374049145518E-01  0.567111808338217E+00 
 0.477288322206180E+00  0.404582663788983E-01  0.593596114889327E+00 
 0.471792192027230E+00  0.827837023508871E-01  0.594175627073047E+00 
 0.462473949914645E+00  0.124735157366003E+00  0.592220124525737E+00 
 0.478271608330460E+00  0.264061072058893E-01  0.619974043860276E+00 
 0.475225039737335E+00  0.600181259239825E-01  0.624406420727372E+00 
 0.470407553485453E+00  0.903202494272978E-01  0.631363554048567E+00 
 0.464272145779677E+00  0.117865976795299E+00  0.623667987542607E+00 
 0.455589752699266E+00  0.147915486235202E+00  0.618915889419504E+00 
 0.446104892496214E+00  0.174446091167778E+00  0.615215673331073E+00 
 0.433943780040924E+00  0.202814717406239E+00  0.622977749131954E+00 
 0.418135220915813E+00  0.233674882823261E+00  0.618973853285288E+00 
 0.401751764998330E+00  0.260838135926297E+00  0.613663136859529E+00 
 0.384235278130496E+00  0.286014448713268E+00  0.611574142181155E+00 
 0.366419399430591E+00  0.308509055869834E+00  0.607110935912133E+00 
 0.348232442450266E+00  0.328899954177398E+00  0.601811681500652E+00 
 0.476399934921897E+00  0.498409052806037E-01  0.564782061260888E+00 
 0.472959257079119E+00  0.758324137552500E-01  0.558850526987439E+00 
 0.467542167329933E+00  0.104140941042447E+00  0.563084489457222E+00 
 0.459079222214787E+00  0.136701432192353E+00  0.562138321842721E+00 
 0.447223217257531E+00  0.171558758967880E+00  0.561134444556527E+00 
 0.433174835419435E+00  0.204451891143429E+00  0.571880858860430E+00 
 0.416543864225520E+00  0.236499942936256E+00  0.583111533924292E+00 
 0.403791385773056E+00  0.257669421174212E+00  0.303040696085069E-01 
 0.391471677682649E+00  0.276027062812884E+00  0.566485944891026E-01 
 0.378069615825769E+00  0.294116268543800E+00  0.796359970947622E-01 
 0.363569166785550E+00  0.311862910259672E+00  0.998740182869119E-01 
 0.347060160393048E+00  0.330136727585290E+00  0.120348714046534E+00 
 0.397278755537082E+00  0.267601577408813E+00  0.583369425962355E+00 
 0.380467329255748E+00  0.291007946973569E+00  0.585988619190065E+00 
 0.365802436442429E+00  0.309240345565637E+00  0.575761256137125E+00 
 0.347365756674930E+00  0.329815167817409E+00  0.567043913308173E+00 
 0.387471986867328E+00  0.281614050121546E+00  0.554382798620250E+00 
 0.368633833282995E+00  0.305859625959127E+00  0.544190430330860E+00 
 0.352286494352550E+00  0.324553908818800E+00  0.535270777476029E+00 
 0.478300357898778E+00  0.258801365273529E-01  0.535241370397725E+00 
 0.475695693205785E+00  0.561660155097886E-01  0.535505786568196E+00 
 0.471271497284303E+00  0.856982478245042E-01  0.534456227149456E+00 
 0.464902918033255E+00  0.115352896092560E+00  0.533942443434942E+00 
 0.456153852861664E+00  0.146166604777677E+00  0.532103512364215E+00 
 0.445794208753185E+00  0.175238515386595E+00  0.527626704503845E+00 
 0.433861249506882E+00  0.202991206728533E+00  0.523531616386421E+00 
 0.419897395036061E+00  0.230493365359419E+00  0.522665692792740E+00 
 0.403443116313543E+00  0.258214379405941E+00  0.521462445607585E+00 
 0.385290706497713E+00  0.284591084398770E+00  0.518897558847158E+00 
 0.367169792321717E+00  0.307615600123269E+00  0.513474473588379E+00 
 0.348567125931564E+00  0.328545236691359E+00  0.509602720215920E+00 
 0.478267385226646E+00  0.264824859339394E-01  0.444983051634954E+00 
 0.475305016852309E+00  0.593814347065203E-01  0.474628737074081E+00 
 0.468091758254101E+00  0.101642115716673E+00  0.477477232405357E+00 
 0.459988333296111E+00  0.133610430222496E+00  0.476302969971387E+00 
 0.477641088043246E+00  0.360555799515097E-01  0.503270040523149E+00 
 0.474398427836110E+00  0.662355304908656E-01  0.510775036201905E+00 
 0.469737011991365E+00  0.937451513316963E-01  0.506185252723046E+00 
 0.462580459320520E+00  0.124339585360382E+00  0.504828223292925E+00 
 0.453394915457186E+00  0.154512344071098E+00  0.502318477195301E+00 
 0.442493658277377E+00  0.183413129892820E+00  0.499803754274755E+00 
 0.429992778180629E+00  0.211062134323721E+00  0.498101761603708E+00 
 0.415809953958029E+00  0.237787922364030E+00  0.493233515056512E+00 
 0.399459060754403E+00  0.264335908673014E+00  0.489567679859028E+00 
 0.381693887135420E+00  0.289397288094112E+00  0.488603719609972E+00 
 0.363938382631889E+00  0.311431962842699E+00  0.484736393627966E+00 
 0.346443478691764E+00  0.330783811430852E+00  0.481559349599583E+00 
 0.478412782473223E+00  0.237112504731860E-01  0.412948099701281E+00 
 0.476078808232932E+00  0.528202819406393E-01  0.433634618433906E+00 
 0.471404809679941E+00  0.849618693497114E-01  0.445725754193560E+00 
 0.465144222192348E+00  0.114375986963399E+00  0.453043948329977E+00 
 0.457607647273967E+00  0.141549478943439E+00  0.446085861826171E+00 
 0.445566994382149E+00  0.175815435471503E+00  0.441383866055534E+00 
 0.432402475363453E+00  0.206080356007887E+00  0.451819832867192E+00 
 0.415556236766004E+00  0.238231038946769E+00  0.453906048479032E+00 
 0.393817063068047E+00  0.272670377322572E+00  0.459117957969202E+00 
 0.376743942348196E+00  0.295812467175932E+00  0.463110486887668E+00 
 0.361164046505941E+00  0.314645110154641E+00  0.453220278520487E+00 
 0.343329470561419E+00  0.334014802780937E+00  0.455999112141357E+00 
 0.476618544916762E+00  0.477050990377909E-01  0.406284667171091E+00 
 0.473144970052561E+00  0.746649258135314E-01  0.412093397106745E+00 
 0.466209795095144E+00  0.109951993115724E+00  0.420528154999243E+00 
 0.456615056261747E+00  0.144719398243137E+00  0.414325997235943E+00 
 0.446388955908149E+00  0.173717914666302E+00  0.406689810357690E+00 
 0.432635947440884E+00  0.205589763399610E+00  0.423149772497110E+00 
 0.418038763355566E+00  0.233847399311879E+00  0.419918865816297E+00 
 0.402662415371927E+00  0.259430131402704E+00  0.426696107937323E+00 
 0.385529243929153E+00  0.284267859435762E+00  0.273352748064577E-01 
 0.373227265587788E+00  0.300237276257688E+00  0.514186150959521E-01 
 0.360352089874641E+00  0.315574690296529E+00  0.727341268354426E-01 
 0.345763765415722E+00  0.331494241817733E+00  0.912316760352186E-01 
 0.382113804040749E+00  0.288842612151120E+00  0.432478484138037E+00 
 0.366023503258411E+00  0.308978654432974E+00  0.426775499238115E+00 
 0.347924278592130E+00  0.329225925769703E+00  0.423187107650711E+00 
 0.393794189951428E+00  0.272703409940681E+00  0.398277480023747E+00 
 0.372121606466026E+00  0.301606571271112E+00  0.399354003176300E+00 
 0.353633693363318E+00  0.323085475920831E+00  0.389732038001241E+00 
 0.478424680594703E+00  0.234699559145443E-01  0.323154965027098E+00 
 0.476678801313140E+00  0.470991954437145E-01  0.355501069748205E+00 
 0.472834526630437E+00  0.766062938599008E-01  0.346518340056380E+00 
 0.465138316261699E+00  0.114400002526256E+00  0.350217015912434E+00 
 0.478029772684791E+00  0.304721226648503E-01  0.381667027750477E+00 
 0.475410538701238E+00  0.585306204014372E-01  0.386336750242841E+00 
 0.471034931614698E+00  0.869891201904923E-01  0.379585945511705E+00 
 0.463545119772491E+00  0.120693561418503E+00  0.389571195790949E+00 
 0.455323289736798E+00  0.148733707195224E+00  0.381412615407848E+00 
 0.445068117712332E+00  0.177074516599025E+00  0.376197845479565E+00 
 0.433698043123275E+00  0.203339669577339E+00  0.373478523085310E+00 
 0.420826511248431E+00  0.228792616277831E+00  0.370628726906174E+00 
 0.405532132696505E+00  0.254920974388933E+00  0.368138534645239E+00 
 0.387472764799856E+00  0.281612979763239E+00  0.368309353938056E+00 
 0.368469452408764E+00  0.306057635870039E+00  0.367010387122605E+00 
 0.348895357468318E+00  0.328196653501870E+00  0.362309789139147E+00 
 0.476034082902609E+00  0.532218540437058E-01  0.322562445784488E+00 
 0.471808484768766E+00  0.826907947294007E-01  0.319795252947517E+00 
 0.466486912724296E+00  0.108770281280009E+00  0.315426878241267E+00 
 0.459048039668630E+00  0.136806107718779E+00  0.320000672552150E+00 
 0.447500415102202E+00  0.170834400271526E+00  0.319173643669887E+00 
 0.434141567785109E+00  0.202390990298153E+00  0.328409101206020E+00 
 0.418612917253655E+00  0.232818039123186E+00  0.338450459812676E+00 
 0.400151813652706E+00  0.263286041907329E+00  0.338858317349860E+00 
 0.381432550916050E+00  0.289741648601731E+00  0.338982819639458E+00 
 0.363634458025482E+00  0.311786777733254E+00  0.341056587002308E+00 
 0.347266931921457E+00  0.329919220153404E+00  0.329409417928779E+00 
 0.393572875076588E+00  0.273022720367234E+00  0.309903099343876E+00 
 0.371857127301242E+00  0.301932592987309E+00  0.310174441881445E+00 
 0.354117202505984E+00  0.322555453716268E+00  0.297947884454505E+00 
 0.478086443731552E+00  0.295696830028910E-01  0.293838529853777E+00 
 0.367025070238143E+00  0.307788257816080E+00  0.249272666263382E-01 
 0.354309024042091E+00  0.322344736757268E+00  0.468790288300675E-01 
 0.343896551152706E+00  0.333430916290087E+00  0.664905403846183E-01 
 0.475187796701166E+00  0.603122848105594E-01  0.293364292030423E+00 
 0.470424846587684E+00  0.902301365716186E-01  0.292137550806463E+00 
 0.463963906934346E+00  0.119073535661764E+00  0.292332085372048E+00 
 0.455653846337850E+00  0.147717927653679E+00  0.290927972816613E+00 
 0.445847133578729E+00  0.175103818668831E+00  0.286002545744187E+00 
 0.434185936232779E+00  0.202295789897971E+00  0.281900006709789E+00 
 0.421047095840800E+00  0.228386420167244E+00  0.283067385293481E+00 
 0.405767865157034E+00  0.254545582241536E+00  0.282751335864854E+00 
 0.388647987762373E+00  0.279988848779793E+00  0.280032464618491E+00 
 0.369987091519872E+00  0.304221245052738E+00  0.275587068216899E+00 
 0.350090979430224E+00  0.326920968973173E+00  0.270063177892642E+00 
 0.456239152627290E+00  0.145900135170283E+00  0.229011941431110E+00 
 0.444392983013427E+00  0.178762105831198E+00  0.227749371763610E+00 
 0.431606599717055E+00  0.207742044164058E+00  0.227053604468304E+00 
 0.417867836786974E+00  0.234152695503929E+00  0.229354662672369E+00 
 0.476713788046972E+00  0.467437495145979E-01  0.237914772775684E+00 
 0.471899310880756E+00  0.821708842781112E-01  0.238256614655159E+00 
 0.464128722143012E+00  0.118429485833006E+00  0.240455547702089E+00 
 0.477662878995327E+00  0.357657358748605E-01  0.264970526362604E+00 
 0.473922249337855E+00  0.695608756078251E-01  0.265482649969230E+00 
 0.468180417578080E+00  0.101232951301404E+00  0.266055166244166E+00 
 0.461379020280739E+00  0.128726118086270E+00  0.269024636698655E+00 
 0.453312805588326E+00  0.154753074678387E+00  0.257938847048970E+00 
 0.442081728164177E+00  0.184403794581760E+00  0.260724198811292E+00 
 0.429961420819916E+00  0.211126006070543E+00  0.254076239611698E+00 
 0.415787062143006E+00  0.237827947868346E+00  0.259969327659055E+00 
 0.402200963378692E+00  0.260144957456474E+00  0.253614975992474E+00 
 0.385389659748182E+00  0.284457068802930E+00  0.249861349432898E+00 
 0.347642667110780E+00  0.329523276623785E+00  0.230673325772848E-01 
 0.367088749436527E+00  0.307712306984786E+00  0.245360409290988E+00 
 0.348123365767762E+00  0.329015403954430E+00  0.239249371987607E+00 
 0.382265256830767E+00  0.288642143930650E+00  0.221232542497880E+00 
 0.364353218586247E+00  0.310946532282665E+00  0.216515051255358E+00 
 0.346864318046042E+00  0.330342486972576E+00  0.208535373581944E+00 
 0.475983993529931E+00  0.536679768211593E-01  0.183772508931736E+00 
 0.470418569090889E+00  0.902628588471429E-01  0.172280351019542E+00 
 0.463263784134397E+00  0.121768962146578E+00  0.185736935724408E+00 
 0.478122943172049E+00  0.289735231767199E-01  0.207266442727578E+00 
 0.475074078416114E+00  0.612015837201863E-01  0.214392703553948E+00 
 0.469763166005611E+00  0.936140037449711E-01  0.206586427757005E+00 
 0.462294309878559E+00  0.125399301779085E+00  0.212868862859565E+00 
 0.454991652566697E+00  0.149745149929472E+00  0.202380456785845E+00 
 0.445855826247359E+00  0.175081683890865E+00  0.193343363677470E+00 
 0.432161146922633E+00  0.206585955290513E+00  0.198514361222129E+00 
 0.414471599412187E+00  0.240113113164367E+00  0.196649286696272E+00 
 0.395282670424340E+00  0.270541354130897E+00  0.190273795802059E+00 
 0.377405872368273E+00  0.294967491996517E+00  0.197050400491512E+00 
 0.362957697674763E+00  0.312574348805859E+00  0.187511400933494E+00 
 0.346142751268744E+00  0.331098489239798E+00  0.178612080629761E+00 
 0.489280838286692E+00  0.000000000000000E+00  0.978188694690327E+00 
