 0.500000000000000E+00 -0.462592926927149E-17  0.000000000000000E+00 
 0.307852895005711E+00  0.393988064586483E+00  0.000000000000000E+00 
 0.326085023573603E+00  0.379036353666773E+00  0.000000000000000E+00 
 0.347270361762515E+00  0.359726696036494E+00  0.000000000000000E+00 
 0.368506556808339E+00  0.337939221738558E+00  0.000000000000000E+00 
 0.386855353549675E+00  0.316769530463325E+00  0.000000000000000E+00 
 0.403883267079490E+00  0.294751262207980E+00  0.000000000000000E+00 
 0.422905287932372E+00  0.266741667983908E+00  0.000000000000000E+00 
 0.440941063888638E+00  0.235734974445364E+00  0.000000000000000E+00 
 0.456611955285613E+00  0.203729041352109E+00  0.000000000000000E+00 
 0.469305811919132E+00  0.172487839858130E+00  0.000000000000000E+00 
 0.479207874490329E+00  0.142687816671436E+00  0.000000000000000E+00 
 0.486235368723519E+00  0.116512515217483E+00  0.000000000000000E+00 
 0.491708433753651E+00  0.906797451227776E-01  0.000000000000000E+00 
 0.496015040891555E+00  0.630006286424924E-01  0.000000000000000E+00 
 0.498450854782274E+00  0.393286837666904E-01  0.000000000000000E+00 
 0.499680046099782E+00  0.178843934680494E-01  0.000000000000000E+00 
 0.292800000729039E+00  0.405300085829098E+00  0.000000000000000E+00 
 0.292800000729039E+00  0.353845506584390E+00  0.000000000000000E+00 
 0.292800000729039E+00  0.379912525999609E+00  0.000000000000000E+00 
 0.292800000729039E+00  0.332174653185207E+00  0.000000000000000E+00 
 0.442194786635449E+00  0.231432780318050E-01  0.000000000000000E+00 
 0.439569439414941E+00  0.533905289173245E-01  0.000000000000000E+00 
 0.434512284866089E+00  0.852696601734250E-01  0.000000000000000E+00 
 0.426970337736528E+00  0.117337851262037E+00  0.000000000000000E+00 
 0.417060089170929E+00  0.148770705000583E+00  0.000000000000000E+00 
 0.404849366710523E+00  0.179356714175199E+00  0.000000000000000E+00 
 0.390568773526167E+00  0.208633347746475E+00  0.000000000000000E+00 
 0.375016404044154E+00  0.235445402043502E+00  0.000000000000000E+00 
 0.357766503254031E+00  0.260911804629487E+00  0.000000000000000E+00 
 0.339210543471814E+00  0.284619127683275E+00  0.000000000000000E+00 
 0.321732084509503E+00  0.304237253542041E+00  0.000000000000000E+00 
 0.305539700020488E+00  0.320495448262571E+00  0.000000000000000E+00 
 0.442800000729056E+00 -0.578241158658936E-17  0.000000000000000E+00 
 0.480097006536095E+00  0.000000000000000E+00  0.000000000000000E+00 
 0.457916358334216E+00  0.000000000000000E+00  0.000000000000000E+00 
 0.322367007809012E+00  0.323907553462455E+00  0.000000000000000E+00 
 0.317501551771271E+00  0.347914378462373E+00  0.000000000000000E+00 
 0.343842829859123E+00  0.322744754285003E+00  0.000000000000000E+00 
 0.368623060058788E+00  0.296426148581173E+00  0.000000000000000E+00 
 0.389358710890437E+00  0.264982967385781E+00  0.000000000000000E+00 
 0.407133655341398E+00  0.236387173142471E+00  0.000000000000000E+00 
 0.422872363175365E+00  0.206711935620776E+00  0.000000000000000E+00 
 0.436479369692598E+00  0.176090782201596E+00  0.000000000000000E+00 
 0.448088373017690E+00  0.144669435940320E+00  0.000000000000000E+00 
 0.460082165554144E+00  0.109835800233207E+00  0.000000000000000E+00 
 0.465563054940694E+00  0.733673490677832E-01  0.000000000000000E+00 
 0.472710952689821E+00  0.380709908322396E-01  0.000000000000000E+00 
 0.292800000729039E+00  0.405300085829099E+00  0.100000000000000E+01 
 0.499542111414213E+00  0.213934317918058E-01  0.100000000000000E+01 
 0.497549127477047E+00  0.494455836938870E-01  0.100000000000000E+01 
 0.493524296601504E+00  0.802107764829097E-01  0.100000000000000E+01 
 0.486933468676732E+00  0.113559663095864E+00  0.100000000000000E+01 
 0.477978593784019E+00  0.146753071123748E+00  0.100000000000000E+01 
 0.468301278406257E+00  0.175196782627607E+00  0.100000000000000E+01 
 0.456331905451835E+00  0.204355553060585E+00  0.100000000000000E+01 
 0.441861796628183E+00  0.234004599699482E+00  0.100000000000000E+01 
 0.427500540277594E+00  0.259313108157619E+00  0.100000000000000E+01 
 0.412850775025919E+00  0.282053607600573E+00  0.100000000000000E+01 
 0.394696837032731E+00  0.306943654171833E+00  0.100000000000000E+01 
 0.374119589728713E+00  0.331714534775339E+00  0.100000000000000E+01 
 0.353716511879359E+00  0.353390194012085E+00  0.100000000000000E+01 
 0.336221371217651E+00  0.370074572939729E+00  0.100000000000000E+01 
 0.319716875478247E+00  0.384423099636880E+00  0.100000000000000E+01 
 0.305307703284342E+00  0.395963642668415E+00  0.100000000000000E+01 
 0.500000000000000E+00 -0.462592926927149E-17  0.100000000000000E+01 
 0.460088929061431E+00  0.000000000000000E+00  0.100000000000000E+01 
 0.481062993373873E+00  0.000000000000000E+00  0.100000000000000E+01 
 0.442800000729056E+00 -0.578241158658936E-17  0.100000000000000E+01 
 0.307791546337023E+00  0.318333480251607E+00  0.100000000000000E+01 
 0.326020581312595E+00  0.299637149242597E+00  0.100000000000000E+01 
 0.346690149910563E+00  0.275459217672278E+00  0.100000000000000E+01 
 0.367594619355522E+00  0.246872510552516E+00  0.100000000000000E+01 
 0.386342529932367E+00  0.216359169463866E+00  0.100000000000000E+01 
 0.400452729371790E+00  0.188969447753650E+00  0.100000000000000E+01 
 0.412062751710048E+00  0.162099134170351E+00  0.100000000000000E+01 
 0.422750519371798E+00  0.131733970624550E+00  0.100000000000000E+01 
 0.430459013048693E+00  0.103811746593451E+00  0.100000000000000E+01 
 0.436258749915464E+00  0.758297024116370E-01  0.100000000000000E+01 
 0.440289963367695E+00  0.470806627322641E-01  0.100000000000000E+01 
 0.442336148338482E+00  0.202625891411837E-01  0.100000000000000E+01 
 0.292800000729039E+00  0.332174653185207E+00  0.100000000000000E+01 
 0.292800000729039E+00  0.381274391219210E+00  0.100000000000000E+01 
 0.292800000729039E+00  0.354717382532435E+00  0.100000000000000E+01 
 0.469796338325068E+00  0.291671613982585E-01  0.100000000000000E+01 
 0.466537387137699E+00  0.626190641020049E-01  0.100000000000000E+01 
 0.461373474415981E+00  0.936138645785383E-01  0.100000000000000E+01 
 0.454105894470135E+00  0.124051914987336E+00  0.100000000000000E+01 
 0.444707246684915E+00  0.153743756503356E+00  0.100000000000000E+01 
 0.433686659257984E+00  0.182919101703899E+00  0.100000000000000E+01 
 0.420390137522683E+00  0.212188310170275E+00  0.100000000000000E+01 
 0.403798472432313E+00  0.245882654398652E+00  0.100000000000000E+01 
 0.381039489357585E+00  0.276438425635100E+00  0.100000000000000E+01 
 0.360535002572219E+00  0.302641348867126E+00  0.100000000000000E+01 
 0.339862383661054E+00  0.326328410833903E+00  0.100000000000000E+01 
 0.317855039238676E+00  0.351644159783090E+00  0.100000000000000E+01 
 0.500000000000000E+00 -0.138777878078145E-16  0.974794319914358E+00 
 0.500000000000000E+00 -0.138777878078145E-16  0.945348669624727E+00 
 0.500000000000000E+00 -0.138777878078145E-16  0.920160164120050E+00 
 0.500000000000000E+00 -0.138777878078145E-16  0.891646700991540E+00 
 0.500000000000000E+00 -0.138777878078145E-16  0.861456994347938E+00 
 0.500000000000000E+00 -0.138777878078145E-16  0.829913047456330E+00 
 0.500000000000000E+00 -0.138777878078145E-16  0.797360878506587E+00 
 0.500000000000000E+00 -0.138777878078145E-16  0.761091097096635E+00 
 0.500000000000000E+00 -0.138777878078145E-16  0.726852186078167E+00 
 0.500000000000000E+00 -0.138777878078145E-16  0.695645625043211E+00 
 0.500000000000000E+00 -0.138777878078145E-16  0.665246055453330E+00 
 0.500000000000000E+00 -0.138777878078145E-16  0.635208130414300E+00 
 0.500000000000000E+00 -0.138777878078145E-16  0.605120814300735E+00 
 0.500000000000000E+00 -0.138777878078145E-16  0.575006932478977E+00 
 0.500000000000000E+00 -0.138777878078145E-16  0.544702342800407E+00 
 0.500000000000000E+00 -0.138777878078145E-16  0.514162748106681E+00 
 0.500000000000000E+00 -0.138777878078145E-16  0.483744642477716E+00 
 0.500000000000000E+00 -0.138777878078145E-16  0.453629533011287E+00 
 0.500000000000000E+00 -0.138777878078145E-16  0.423981836099679E+00 
 0.500000000000000E+00 -0.138777878078145E-16  0.394634815531704E+00 
 0.500000000000000E+00 -0.138777878078145E-16  0.365326004948800E+00 
 0.500000000000000E+00 -0.138777878078145E-16  0.335879342529152E+00 
 0.500000000000000E+00 -0.138777878078145E-16  0.306377296930612E+00 
 0.500000000000000E+00 -0.138777878078145E-16  0.277156149931536E+00 
 0.500000000000000E+00 -0.138777878078145E-16  0.249482709072006E+00 
 0.500000000000000E+00 -0.138777878078145E-16  0.218517703815084E+00 
 0.500000000000000E+00 -0.138777878078145E-16  0.189060400930911E+00 
 0.500000000000000E+00 -0.138777878078145E-16  0.162783789883078E+00 
 0.500000000000000E+00 -0.138777878078145E-16  0.134129359391465E+00 
 0.500000000000000E+00 -0.138777878078145E-16  0.101906709701560E+00 
 0.500000000000000E+00 -0.138777878078145E-16  0.695333880012364E-01 
 0.500000000000000E+00 -0.138777878078145E-16  0.407727155555512E-01 
 0.500000000000000E+00 -0.138777878078145E-16  0.175160357758715E-01 
 0.292800000729039E+00  0.405300085829098E+00  0.244383902067953E-01 
 0.292800000729039E+00  0.405300085829098E+00  0.511117354346323E-01 
 0.292800000729039E+00  0.405300085829098E+00  0.759079472670247E-01 
 0.292800000729039E+00  0.405300085829098E+00  0.110553403948924E+00 
 0.292800000729039E+00  0.405300085829098E+00  0.142944439753719E+00 
 0.292800000729039E+00  0.405300085829098E+00  0.175947179272936E+00 
 0.292800000729039E+00  0.405300085829098E+00  0.207969120422052E+00 
 0.292800000729039E+00  0.405300085829098E+00  0.239709287024493E+00 
 0.292800000729039E+00  0.405300085829098E+00  0.277390956432634E+00 
 0.292800000729039E+00  0.405300085829098E+00  0.306701490730124E+00 
 0.292800000729039E+00  0.405300085829098E+00  0.335347606168942E+00 
 0.292800000729039E+00  0.405300085829098E+00  0.368706917964353E+00 
 0.292800000729039E+00  0.405300085829098E+00  0.402347317628642E+00 
 0.292800000729039E+00  0.405300085829098E+00  0.428269516969315E+00 
 0.292800000729039E+00  0.405300085829098E+00  0.456552343464320E+00 
 0.292800000729039E+00  0.405300085829098E+00  0.488269356693275E+00 
 0.292800000729039E+00  0.405300085829098E+00  0.517390243066894E+00 
 0.292800000729039E+00  0.405300085829098E+00  0.546789683184801E+00 
 0.292800000729039E+00  0.405300085829098E+00  0.576502803543964E+00 
 0.292800000729039E+00  0.405300085829098E+00  0.606395875006728E+00 
 0.292800000729039E+00  0.405300085829098E+00  0.636379126077699E+00 
 0.292800000729039E+00  0.405300085829098E+00  0.666414067896817E+00 
 0.292800000729039E+00  0.405300085829098E+00  0.696358893535784E+00 
 0.292800000729039E+00  0.405300085829098E+00  0.725620146260725E+00 
 0.292800000729039E+00  0.405300085829098E+00  0.752072540819339E+00 
 0.292800000729039E+00  0.405300085829098E+00  0.780211466566354E+00 
 0.292800000729039E+00  0.405300085829098E+00  0.805185530795850E+00 
 0.292800000729039E+00  0.405300085829098E+00  0.833730686344838E+00 
 0.292800000729039E+00  0.405300085829098E+00  0.871412122107810E+00 
 0.292800000729039E+00  0.405300085829098E+00  0.902844577219887E+00 
 0.292800000729039E+00  0.405300085829098E+00  0.932809964569005E+00 
 0.292800000729039E+00  0.405300085829098E+00  0.957484538143900E+00 
 0.292800000729039E+00  0.405300085829098E+00  0.980918756215257E+00 
 0.450023245013132E+00  0.217896945705649E+00  0.876883612061561E+00 
 0.441316613756065E+00  0.235031160535961E+00  0.853780907216454E+00 
 0.446126641437515E+00  0.225767623453149E+00  0.137126343176994E+00 
 0.426843353094169E+00  0.260393455984067E+00  0.905127867045212E+00 
 0.442656671795015E+00  0.232497464320282E+00  0.905706692629892E+00 
 0.434713051082106E+00  0.247031502482753E+00  0.878433357389708E+00 
 0.458349122682270E+00  0.199790094189861E+00  0.906631168031887E+00 
 0.463145851871119E+00  0.188403609027469E+00  0.872896338370251E+00 
 0.438332931785684E+00  0.240549871985348E+00  0.825177590060420E+00 
 0.454382487606674E+00  0.208654151543578E+00  0.840388710257652E+00 
 0.447309401752068E+00  0.223415082535192E+00  0.799490139658186E+00 
 0.450160717222053E+00  0.217612795281269E+00  0.208644504716416E+00 
 0.439234818600614E+00  0.238899087752310E+00  0.191400268857137E+00 
 0.453026932061270E+00  0.211581187318612E+00  0.182510228441856E+00 
 0.316244613713706E+00  0.387284577923094E+00  0.173836558455934E-01 
 0.427879003046311E+00  0.258688149616667E+00  0.167931038377675E+00 
 0.442715669778327E+00  0.232385102217692E+00  0.162027644243848E+00 
 0.455655943976124E+00  0.205858351103926E+00  0.153843036541860E+00 
 0.423904465391320E+00  0.265150908392371E+00  0.113070179894513E+00 
 0.432670409963621E+00  0.250591931917035E+00  0.138966165006267E+00 
 0.440855630479099E+00  0.235894707602516E+00  0.113415029216789E+00 
 0.456556831743470E+00  0.203852543247233E+00  0.121251198872507E+00 
 0.479372418476087E+00  0.142134036755407E+00  0.774842928509167E+00 
 0.440478926605621E+00  0.236597369419781E+00  0.960442146016286E+00 
 0.433419244313286E+00  0.249294521919155E+00  0.932322679249937E+00 
 0.448151523029362E+00  0.221721023826031E+00  0.934433996074341E+00 
 0.459211595610326E+00  0.197799672540220E+00  0.937206583775275E+00 
 0.468330732218221E+00  0.175118032366586E+00  0.926464567264670E+00 
 0.483961626606393E+00  0.125623023258058E+00  0.806420698459533E+00 
 0.484852881656628E+00  0.122137967681077E+00  0.844513563119390E+00 
 0.480518322921807E+00  0.138210496476982E+00  0.874040678493602E+00 
 0.486308538014737E+00  0.116206737558413E+00  0.779739709910345E+00 
 0.490341601935612E+00  0.978013977978744E-01  0.825956816025325E+00 
 0.492359767642604E+00  0.870738721254618E-01  0.795504734076207E+00 
 0.328563351618739E+00  0.376890068817236E+00  0.774725933002479E+00 
 0.334458042852712E+00  0.371668962345705E+00  0.200809425296389E-01 
 0.320351188941784E+00  0.383894667511266E+00  0.383148932601790E-01 
 0.308379259721903E+00  0.393576208850803E+00  0.558122751192945E-01 
 0.343698331718331E+00  0.363141097610882E+00  0.764934332046257E+00 
 0.349191805042000E+00  0.357861821505885E+00  0.793794560944974E+00 
 0.361896981695429E+00  0.345008079093429E+00  0.768091856246146E+00 
 0.364516965166576E+00  0.342238779371580E+00  0.822137358906904E+00 
 0.374210191072218E+00  0.331612323199386E+00  0.796571103171755E+00 
 0.382111528984847E+00  0.322476013707784E+00  0.768985202705779E+00 
 0.374036649656888E+00  0.331808054021373E+00  0.845972803847425E+00 
 0.388125286838581E+00  0.315212248677727E+00  0.862128820583540E+00 
 0.388445249874504E+00  0.314817864566060E+00  0.828451529933011E+00 
 0.395486092829174E+00  0.305926053775605E+00  0.797571681433416E+00 
 0.401418263736964E+00  0.298099610094346E+00  0.768675730201215E+00 
 0.401273199322663E+00  0.298294853300144E+00  0.882894161029141E+00 
 0.405981189322700E+00  0.291854885030431E+00  0.853951045500257E+00 
 0.409141172249993E+00  0.287408248263514E+00  0.824180209531274E+00 
 0.413990360377047E+00  0.280378282887393E+00  0.795299385611260E+00 
 0.419102368046226E+00  0.272677841230354E+00  0.767677434973620E+00 
 0.412022577759472E+00  0.283262061378575E+00  0.902392498090454E+00 
 0.418484805088639E+00  0.273624684394380E+00  0.877877505274966E+00 
 0.425268748734756E+00  0.262957204407058E+00  0.848025329235443E+00 
 0.424167497241948E+00  0.264729927064361E+00  0.818073725161950E+00 
 0.430714963095580E+00  0.253938221946939E+00  0.794980186672715E+00 
 0.435082667954082E+00  0.246379934341168E+00  0.767078415751321E+00 
 0.472687411805467E+00  0.162992670757457E+00  0.896823848489717E+00 
 0.472731709708051E+00  0.162864147793498E+00  0.868359349882420E+00 
 0.354635789818181E+00  0.352467667425020E+00  0.212478461546972E-01 
 0.340797819173990E+00  0.365864519250299E+00  0.416330997035549E-01 
 0.327176058216649E+00  0.378094997229289E+00  0.610412161206057E-01 
 0.312876625070908E+00  0.390010535093911E+00  0.810872706903351E-01 
 0.468382233064723E+00  0.174980238167923E+00  0.844064845796961E+00 
 0.464025492989364E+00  0.186226587403566E+00  0.812050432851465E+00 
 0.457300205365349E+00  0.202179430637267E+00  0.785102955186540E+00 
 0.448717514223307E+00  0.220573326649566E+00  0.764740608466098E+00 
 0.466064319697147E+00  0.181063662575448E+00  0.783957499230842E+00 
 0.460393934219393E+00  0.195031857228477E+00  0.761304038526795E+00 
 0.477258802820702E+00  0.149077279054019E+00  0.850306910782825E+00 
 0.476329875576950E+00  0.152019240995498E+00  0.824177042331699E+00 
 0.474205943374127E+00  0.158520419090584E+00  0.794999190478402E+00 
 0.470852431435727E+00  0.168220057695459E+00  0.764317463637636E+00 
 0.335229244504219E+00  0.370973521466331E+00  0.223564128588673E+00 
 0.355054402383055E+00  0.352045979026052E+00  0.205482567398123E+00 
 0.362327899833375E+00  0.344555500612508E+00  0.178498886002779E+00 
 0.377175159106342E+00  0.328236042129906E+00  0.221577589596138E+00 
 0.382101265013827E+00  0.322488175403120E+00  0.192508669589980E+00 
 0.376550664927727E+00  0.328952271222569E+00  0.160665502567760E+00 
 0.402604357043746E+00  0.296495753240062E+00  0.226911629049955E+00 
 0.403214864843664E+00  0.295664967098074E+00  0.193294636507376E+00 
 0.396493174715111E+00  0.304619701274117E+00  0.166385333454159E+00 
 0.390899860440020E+00  0.311764813774699E+00  0.138507464098698E+00 
 0.424419304151961E+00  0.264326037807790E+00  0.234902083137893E+00 
 0.439912006622214E+00  0.237649797874136E+00  0.227425307208790E+00 
 0.422121927250925E+00  0.267979623355891E+00  0.201523367412386E+00 
 0.413020240098864E+00  0.281805396095740E+00  0.173662443735064E+00 
 0.413301382421685E+00  0.281392905540143E+00  0.143605587778371E+00 
 0.404201067301311E+00  0.294315302341691E+00  0.114107651063548E+00 
 0.496977888277244E+00  0.548906054210637E-01  0.228586188221543E+00 
 0.493588346848056E+00  0.798156867777497E-01  0.237751733421725E+00 
 0.493540796710258E+00  0.801091878788213E-01  0.208368877183638E+00 
 0.488497807555044E+00  0.106629695741458E+00  0.217345110712161E+00 
 0.488927619356569E+00  0.104641210955904E+00  0.186975609762578E+00 
 0.483372393156741E+00  0.127871535276326E+00  0.164351260682199E+00 
 0.481709831393547E+00  0.133998650511119E+00  0.224443571960682E+00 
 0.482241208621183E+00  0.132073527656306E+00  0.193512909120591E+00 
 0.475071046024519E+00  0.155908631028463E+00  0.170014137556181E+00 
 0.374507508389759E+00  0.331276510123635E+00  0.220465876070093E-01 
 0.361154151816709E+00  0.345785596324591E+00  0.432817152281545E-01 
 0.347596254523087E+00  0.359411802590735E+00  0.638927922117140E-01 
 0.334090075984552E+00  0.371999759581422E+00  0.837098388150416E-01 
 0.321334315306818E+00  0.383072131335990E+00  0.102264637274940E+00 
 0.476961311797955E+00  0.150026354511379E+00  0.141452834711429E+00 
 0.473444808663951E+00  0.160779392800055E+00  0.230526914077374E+00 
 0.473695042420304E+00  0.160040641046037E+00  0.200207973479749E+00 
 0.455004579624896E+00  0.207294072564488E+00  0.234688425464779E+00 
 0.465290043929793E+00  0.183044188708112E+00  0.238838594399462E+00 
 0.462751963095983E+00  0.189369006573975E+00  0.209256163845680E+00 
 0.464910152732676E+00  0.184006928907799E+00  0.176685021138127E+00 
 0.466973250834680E+00  0.178706415679154E+00  0.146457417921038E+00 
 0.469662819979989E+00  0.171513368366562E+00  0.118294080724323E+00 
 0.415490652103918E+00  0.278150171695545E+00  0.845142048152541E-01 
 0.434464804149294E+00  0.247467844285910E+00  0.872471297379699E-01 
 0.449461862635021E+00  0.219052582812114E+00  0.914822602432228E-01 
 0.462421063640086E+00  0.190175602804279E+00  0.946718461942702E-01 
 0.456713306405648E+00  0.203501734027061E+00  0.723349276042197E-01 
 0.428706217178826E+00  0.257314941952894E+00  0.623647588179707E-01 
 0.444768353662749E+00  0.228431853251966E+00  0.592779920516382E-01 
 0.308189079796274E+00  0.393725146636998E+00  0.977101967495157E+00 
 0.310725195819338E+00  0.391726757680700E+00  0.951806597200487E+00 
 0.325067501111667E+00  0.379909357243299E+00  0.975159369610943E+00 
 0.310888587436111E+00  0.391597096774197E+00  0.889568786107843E+00 
 0.313906057497328E+00  0.389182459864887E+00  0.922625139352218E+00 
 0.330207130786054E+00  0.375450730160485E+00  0.949578975464625E+00 
 0.343461935475004E+00  0.363364691294799E+00  0.974215832659616E+00 
 0.327017783632917E+00  0.378231898691550E+00  0.903569378645918E+00 
 0.337353175710302E+00  0.369043134116019E+00  0.924990067888021E+00 
 0.350743985108945E+00  0.356340647288373E+00  0.948428919849173E+00 
 0.363459803896257E+00  0.343361283419804E+00  0.973350905347846E+00 
 0.313546304003247E+00  0.389472354918681E+00  0.859467058418943E+00 
 0.330279942457244E+00  0.375386680118567E+00  0.879416897631449E+00 
 0.344800705703623E+00  0.362094564093806E+00  0.900107792491966E+00 
 0.358002685891241E+00  0.349047384884427E+00  0.922484907424086E+00 
 0.371573969805268E+00  0.334563573873717E+00  0.946103171065551E+00 
 0.384358916156976E+00  0.319794033044137E+00  0.971684178549777E+00 
 0.308356300732565E+00  0.393594196855756E+00  0.806752839528444E+00 
 0.319984120188259E+00  0.384200680409791E+00  0.830395342639007E+00 
 0.335416487116843E+00  0.370804234293781E+00  0.852664442489386E+00 
 0.350258905637772E+00  0.356817458963866E+00  0.874438200445585E+00 
 0.364418533808240E+00  0.342343587959601E+00  0.896181669246499E+00 
 0.378193890073887E+00  0.327061739600920E+00  0.918373201294031E+00 
 0.392520232554399E+00  0.309722241751284E+00  0.941841717068375E+00 
 0.406343390570973E+00  0.291350388603286E+00  0.968523305658268E+00 
 0.420569191294506E+00  0.270409976394890E+00  0.980549589566672E+00 
 0.312873408056251E+00  0.390013115845181E+00  0.783547416389060E+00 
 0.327482940634974E+00  0.377829225435341E+00  0.802534534077155E+00 
 0.342367412655852E+00  0.364396150845940E+00  0.824834987129561E+00 
 0.356087190935268E+00  0.351001299786525E+00  0.848362271143930E+00 
 0.369739990067916E+00  0.336589274553687E+00  0.870175982108902E+00 
 0.383595529299664E+00  0.320709323065780E+00  0.890467461101235E+00 
 0.397058864053771E+00  0.303881981164282E+00  0.911955446798021E+00 
 0.413870770201817E+00  0.280554781767402E+00  0.931855288467893E+00 
 0.424806086135417E+00  0.263703980217039E+00  0.956968666588292E+00 
 0.431950915307673E+00  0.251830114888715E+00  0.979007520015580E+00 
 0.393023581708233E+00  0.309083264220553E+00  0.228168214131684E-01 
 0.380480257297743E+00  0.324399096494801E+00  0.444673431751700E-01 
 0.367772043834584E+00  0.338738429726733E+00  0.658424084439735E-01 
 0.354749009144458E+00  0.352353715052112E+00  0.867450714819825E-01 
 0.340999777275041E+00  0.365676293869827E+00  0.106899008417965E+00 
 0.325493818240504E+00  0.379544166451308E+00  0.126024704082846E+00 
 0.311835111316658E+00  0.390843783819223E+00  0.145777705887380E+00 
 0.498901160911262E+00  0.331305243151199E-01  0.976734322511669E+00 
 0.499601084099655E+00  0.199688949731843E-01  0.956549887237657E+00 
 0.496258419161689E+00  0.610539221601826E-01  0.973772711515431E+00 
 0.498125130898645E+00  0.432591489422472E-01  0.951319602620440E+00 
 0.499464688038407E+00  0.231306161330956E-01  0.933078946502374E+00 
 0.492036789832254E+00  0.888808047419141E-01  0.969378676354466E+00 
 0.495219208502042E+00  0.689777901256006E-01  0.945186093569614E+00 
 0.497654175586100E+00  0.483768696973954E-01  0.923956934421212E+00 
 0.499353162688185E+00  0.254247696805161E-01  0.906097188488593E+00 
 0.481521172612636E+00  0.134675017452205E+00  0.977376607646061E+00 
 0.486723914756676E+00  0.114454492283774E+00  0.960699074441356E+00 
 0.490872129004524E+00  0.951028546709632E-01  0.938144769852061E+00 
 0.494369223783612E+00  0.748269374997307E-01  0.915694293695707E+00 
 0.497220795479152E+00  0.526448529590406E-01  0.894896629684498E+00 
 0.499219449573255E+00  0.279274268019159E-01  0.876512486852542E+00 
 0.463903387273395E+00  0.186530553197781E+00  0.978758293820351E+00 
 0.473545086212263E+00  0.160483803931177E+00  0.973089813583141E+00 
 0.480270599022326E+00  0.139068873996793E+00  0.952025027590998E+00 
 0.485080974905373E+00  0.121228906556371E+00  0.930737056636472E+00 
 0.489484695359605E+00  0.102003593116687E+00  0.908092659938159E+00 
 0.493399228483699E+00  0.809765480351610E-01  0.885633486939598E+00 
 0.496632693061296E+00  0.579307188172557E-01  0.864128313135280E+00 
 0.498990167723423E+00  0.317618090692218E-01  0.844408916357720E+00 
 0.483506260760274E+00  0.127364421270690E+00  0.757310047371654E+00 
 0.489637436985995E+00  0.101267864111897E+00  0.759445613953983E+00 
 0.495572352005661E+00  0.663931015059305E-01  0.766071461710778E+00 
 0.498419031266181E+00  0.397299543377758E-01  0.752257376129254E+00 
 0.454108422250801E+00  0.209249948245844E+00  0.965782481774800E+00 
 0.499155543018259E+00  0.290472696504738E-01  0.778403819792099E+00 
 0.465818171785487E+00  0.181695984640350E+00  0.954536989302440E+00 
 0.473470866639786E+00  0.160702639814564E+00  0.946164035590917E+00 
 0.477665415225497E+00  0.147769249498850E+00  0.924828082020673E+00 
 0.482763065355997E+00  0.130153074216790E+00  0.901905282985614E+00 
 0.487753314468855E+00  0.109985018182691E+00  0.877964867497168E+00 
 0.492024207269368E+00  0.889504326068743E-01  0.854937763222967E+00 
 0.495597517743154E+00  0.662049877790516E-01  0.831319890844068E+00 
 0.498396369358115E+00  0.400132354434067E-01  0.807442655367819E+00 
 0.310201695465104E+00  0.392141438935717E+00  0.754689020589990E+00 
 0.328851931041301E+00  0.376638297907166E+00  0.745883566042788E+00 
 0.348158602484881E+00  0.358867088928164E+00  0.741304547226272E+00 
 0.367900786445788E+00  0.338598599129664E+00  0.740952808715184E+00 
 0.387416778222847E+00  0.316082647343111E+00  0.740677555831279E+00 
 0.405891222938982E+00  0.291979990994413E+00  0.740004237568199E+00 
 0.422864468883981E+00  0.266806373528573E+00  0.739069858839912E+00 
 0.438118112595939E+00  0.240940904404737E+00  0.737888436998284E+00 
 0.451649031331094E+00  0.214506765622170E+00  0.736325903371646E+00 
 0.463933372577116E+00  0.186455962117661E+00  0.735986102993573E+00 
 0.475765696143306E+00  0.153775818558299E+00  0.740360323034453E+00 
 0.484179152885159E+00  0.124782001552348E+00  0.732704445092503E+00 
 0.490835102802793E+00  0.952937660950159E-01  0.731836656424313E+00 
 0.495773441991766E+00  0.648744496364893E-01  0.730527307118191E+00 
 0.498868500089574E+00  0.336187390956045E-01  0.726922441595455E+00 
 0.311719735548737E+00  0.390935808630298E+00  0.721903936493547E+00 
 0.411254846933282E+00  0.284375545492018E+00  0.251658296883085E-01 
 0.398387597647819E+00  0.302137918905257E+00  0.459664556542182E-01 
 0.386576301154983E+00  0.317110017794032E+00  0.672511236352336E-01 
 0.375136172572412E+00  0.330564444590948E+00  0.889921628139986E-01 
 0.362129244690187E+00  0.344764281995851E+00  0.110217847293342E+00 
 0.347959207592407E+00  0.359060426462823E+00  0.130533134505361E+00 
 0.334015318616963E+00  0.372066885020971E+00  0.150305962284292E+00 
 0.321293678877869E+00  0.383106214923649E+00  0.169148080476476E+00 
 0.331222086311364E+00  0.374555642781613E+00  0.717321050641579E+00 
 0.351415877440092E+00  0.355678058197312E+00  0.714136922663103E+00 
 0.371540414450585E+00  0.334600837461426E+00  0.712794829999399E+00 
 0.390864417610501E+00  0.311809247851959E+00  0.711874297821195E+00 
 0.408918331502967E+00  0.287725212939064E+00  0.710966310243374E+00 
 0.425485612471175E+00  0.262606156782413E+00  0.709942210000364E+00 
 0.440470129361103E+00  0.236613746727897E+00  0.708849056367752E+00 
 0.453949761339219E+00  0.209593926868280E+00  0.707906735094138E+00 
 0.466022504400340E+00  0.181171259841165E+00  0.707615316374585E+00 
 0.476438163293589E+00  0.151679519241825E+00  0.707209873056668E+00 
 0.484809230517346E+00  0.122311119711900E+00  0.704366110922908E+00 
 0.491357008691998E+00  0.925650582522999E-01  0.702626550191032E+00 
 0.496099633910817E+00  0.623309973733237E-01  0.700689719880249E+00 
 0.499013132190089E+00  0.313989474638343E-01  0.698112074828161E+00 
 0.312658677393661E+00  0.390185278362019E+00  0.692013982793477E+00 
 0.332887538046667E+00  0.373076248256612E+00  0.688269313824815E+00 
 0.353468178816835E+00  0.353638581837318E+00  0.685552713609604E+00 
 0.373746760646246E+00  0.332134549401952E+00  0.683847975121012E+00 
 0.392949763960004E+00  0.309177106209010E+00  0.682655409615308E+00 
 0.410813566644271E+00  0.285012654913800E+00  0.681576056376888E+00 
 0.427176605708986E+00  0.259846392191521E+00  0.680527935367958E+00 
 0.442013845063419E+00  0.233717266739649E+00  0.679507204235060E+00 
 0.455316637984230E+00  0.206607742291372E+00  0.678617739607021E+00 
 0.467039836187727E+00  0.178532325962950E+00  0.677829226224704E+00 
 0.477039271256712E+00  0.149778281732917E+00  0.676720509058790E+00 
 0.485243171297845E+00  0.120578044057823E+00  0.674881033611608E+00 
 0.491656524042385E+00  0.909607737794711E-01  0.673102879658865E+00 
 0.496274139325743E+00  0.609260095237856E-01  0.671012312040843E+00 
 0.499066932028321E+00  0.305319071765792E-01  0.668434459598030E+00 
 0.313229105331386E+00  0.389727504255601E+00  0.662232725974307E+00 
 0.333838615587234E+00  0.372225440751702E+00  0.658825249855579E+00 
 0.354647670659097E+00  0.352455713098932E+00  0.656211405663210E+00 
 0.374949073000156E+00  0.330776650712114E+00  0.654439769227462E+00 
 0.394115420280366E+00  0.307689836519231E+00  0.653082699351739E+00 
 0.411874938648973E+00  0.283476692009951E+00  0.651936792539207E+00 
 0.428145058838243E+00  0.258247572287519E+00  0.650848095428611E+00 
 0.442876130816177E+00  0.232079151914369E+00  0.649816178518688E+00 
 0.456039515301078E+00  0.205007220565418E+00  0.648827668526111E+00 
 0.467570592903077E+00  0.177137631948339E+00  0.647821933916644E+00 
 0.477403009661822E+00  0.148614825525028E+00  0.646593129729963E+00 
 0.485490802926687E+00  0.119577089250411E+00  0.645072597699992E+00 
 0.491816579505940E+00  0.900913543192563E-01  0.643321628993883E+00 
 0.496355181491379E+00  0.602622087768092E-01  0.641225669678012E+00 
 0.499088850314703E+00  0.301715013141228E-01  0.638529643236953E+00 
 0.313519109513397E+00  0.389494246388733E+00  0.632378588735693E+00 
 0.334331038957879E+00  0.371783211548538E+00  0.629062784828576E+00 
 0.355219693211533E+00  0.351879197388399E+00  0.626538018859053E+00 
 0.375551966731593E+00  0.330091987609563E+00  0.624702143003366E+00 
 0.394681680949213E+00  0.306963142287643E+00  0.623311454008209E+00 
 0.412406350974006E+00  0.282703027356102E+00  0.622108889779459E+00 
 0.428624499755839E+00  0.257451040411682E+00  0.620997671178641E+00 
 0.443299244400122E+00  0.231269928685684E+00  0.619920848885414E+00 
 0.456383331142262E+00  0.204240679237739E+00  0.618863244771155E+00 
 0.467828820141272E+00  0.176454512680253E+00  0.617761116085197E+00 
 0.477583109114600E+00  0.148035042771743E+00  0.616543200244723E+00 
 0.485613716755682E+00  0.119076941927194E+00  0.615111097865163E+00 
 0.491889667211729E+00  0.896914449116257E-01  0.613432171101032E+00 
 0.496390709846351E+00  0.599688517335121E-01  0.611304238933219E+00 
 0.499097349096183E+00  0.300305864938141E-01  0.608567347450783E+00 
 0.313655142429629E+00  0.389384709031375E+00  0.602453111714628E+00 
 0.334540961293038E+00  0.371594328827998E+00  0.599191813613982E+00 
 0.355476661182827E+00  0.351619600355711E+00  0.596656292701509E+00 
 0.375803920717989E+00  0.329805113927888E+00  0.594828695520347E+00 
 0.394929465468969E+00  0.306644284643289E+00  0.593401910456548E+00 
 0.412632936415238E+00  0.282372200801244E+00  0.592188710037089E+00 
 0.428832451037859E+00  0.257104509755979E+00  0.591052359449747E+00 
 0.443478582315498E+00  0.230925847465016E+00  0.589949472235413E+00 
 0.456529359119243E+00  0.203914060972198E+00  0.588848101049824E+00 
 0.467936991856966E+00  0.176167453440906E+00  0.587719862485901E+00 
 0.477660840014150E+00  0.147784038099439E+00  0.586500032940383E+00 
 0.485664115873077E+00  0.118871218355086E+00  0.585124726105209E+00 
 0.449840699737982E+00  0.218273555107445E+00  0.269682136306416E-01 
 0.459153396610735E+00  0.197934732628776E+00  0.483028538717057E-01 
 0.466771422876002E+00  0.179232917697369E+00  0.698626775565527E-01 
 0.473098603429817E+00  0.161795276299268E+00  0.923737998205311E-01 
 0.479296531968757E+00  0.142389727307563E+00  0.114860763939236E+00 
 0.484957758151949E+00  0.121720880740469E+00  0.137165773684401E+00 
 0.489812756737132E+00  0.100416449536772E+00  0.159191385833088E+00 
 0.493907136990338E+00  0.778186354930956E-01  0.180350397342631E+00 
 0.497071110120849E+00  0.540399063954232E-01  0.200319010478760E+00 
 0.499011494877060E+00  0.314249579245814E-01  0.219294282261862E+00 
 0.499777572873360E+00  0.149123322392625E-01  0.234247069515453E+00 
 0.491919768552359E+00  0.895262045849917E-01  0.583458386979370E+00 
 0.496404119857450E+00  0.598577462702233E-01  0.581329831249903E+00 
 0.499100631467215E+00  0.299759848716875E-01  0.578530942310601E+00 
 0.313709553503740E+00  0.389340873837418E+00  0.572559593871376E+00 
 0.334627831392837E+00  0.371516102554555E+00  0.569257888250225E+00 
 0.355568215492718E+00  0.351527017640641E+00  0.566719574832728E+00 
 0.375900900193285E+00  0.329694575681612E+00  0.564867940398083E+00 
 0.395018369279816E+00  0.306529750483562E+00  0.563441976498226E+00 
 0.412718035409438E+00  0.282247804681938E+00  0.562215980701743E+00 
 0.428908672688691E+00  0.256977334588919E+00  0.561072274048888E+00 
 0.443544921711584E+00  0.230798402125892E+00  0.559952986175894E+00 
 0.456582002749249E+00  0.203796159839888E+00  0.558835727944473E+00 
 0.467976871010886E+00  0.176061489823473E+00  0.557692574273012E+00 
 0.477688324031854E+00  0.147695176236865E+00  0.556482879106546E+00 
 0.485682473153418E+00  0.118796192159429E+00  0.555117664209994E+00 
 0.491930403709203E+00  0.894677478564260E-01  0.553460218666106E+00 
 0.496409114537666E+00  0.598163105175335E-01  0.551299786675372E+00 
 0.499102162384105E+00  0.299504841949212E-01  0.548412381905022E+00 
 0.313736111584608E+00  0.389319473296380E+00  0.542727185850430E+00 
 0.334654017654779E+00  0.371492514685713E+00  0.539339924168569E+00 
 0.355600000559253E+00  0.351494864261570E+00  0.536744771659922E+00 
 0.375928357805971E+00  0.329663267285432E+00  0.534889163371698E+00 
 0.395047639465175E+00  0.306492026899547E+00  0.533451899155159E+00 
 0.412744164074425E+00  0.282209594136174E+00  0.532226466579848E+00 
 0.428933026724854E+00  0.256936682053489E+00  0.531077462406318E+00 
 0.443565497749969E+00  0.230758855097312E+00  0.529952977139830E+00 
 0.456598594465891E+00  0.203758983928987E+00  0.528828091716661E+00 
 0.467988905121909E+00  0.176029499467552E+00  0.527682568172630E+00 
 0.477696954081694E+00  0.147667261304164E+00  0.526472174344814E+00 
 0.485688206032253E+00  0.118772751593841E+00  0.525111457021533E+00 
 0.491933791131122E+00  0.894491204169279E-01  0.523443122422069E+00 
 0.431054869148750E+00  0.253360809485513E+00  0.315503641682933E-01 
 0.414919630107788E+00  0.279001255465306E+00  0.523224674264648E-01 
 0.402494213051657E+00  0.296645256931452E+00  0.681844401627470E-01 
 0.394806018352527E+00  0.306803207076823E+00  0.902651341342601E-01 
 0.383122334889099E+00  0.321274456670812E+00  0.112919938706657E+00 
 0.369601676724726E+00  0.336741147711816E+00  0.134588210272521E+00 
 0.355399081198337E+00  0.351698014045257E+00  0.154753373279543E+00 
 0.342128076116045E+00  0.364620870951093E+00  0.175970629657285E+00 
 0.327051810032233E+00  0.378202476928220E+00  0.195345442037433E+00 
 0.311954950926077E+00  0.390748139589568E+00  0.213552023900123E+00 
 0.496411308212921E+00  0.597981026315711E-01  0.521233692857666E+00 
 0.499102936820723E+00  0.299375760028999E-01  0.518218080022483E+00 
 0.313738711922474E+00  0.389317377779656E+00  0.512978457276422E+00 
 0.334657950175791E+00  0.371488972089533E+00  0.509407503712282E+00 
 0.355603030938878E+00  0.351491798463468E+00  0.506776550707415E+00 
 0.375939846157175E+00  0.329650166193375E+00  0.504894182884139E+00 
 0.395055855897835E+00  0.306481436176530E+00  0.503460036670583E+00 
 0.412753443816400E+00  0.282196021619196E+00  0.502228674516924E+00 
 0.428940522269861E+00  0.256924168491131E+00  0.501078786511874E+00 
 0.443572044838256E+00  0.230746269824690E+00  0.499951141553101E+00 
 0.456603592639754E+00  0.203747783272529E+00  0.498824523563187E+00 
 0.467992794330151E+00  0.176019159340841E+00  0.497676729431200E+00 
 0.477699720999935E+00  0.147658310150780E+00  0.496466987131307E+00 
 0.485690007871330E+00  0.118765383230753E+00  0.495103209118447E+00 
 0.491935121396446E+00  0.894418041894496E-01  0.493419689722958E+00 
 0.496411555048755E+00  0.597960534991815E-01  0.491169254183267E+00 
 0.499102944342811E+00  0.299374505984917E-01  0.488037731122624E+00 
 0.313686883140810E+00  0.389359139285832E+00  0.483103692778664E+00 
 0.334650398823039E+00  0.371495774629512E+00  0.479469417637537E+00 
 0.355620992091546E+00  0.351473626299079E+00  0.476796700190734E+00 
 0.375951422824352E+00  0.329636963455778E+00  0.474919421044431E+00 
 0.395070935961248E+00  0.306461996924094E+00  0.473467998606670E+00 
 0.412763642885383E+00  0.282181103392818E+00  0.472234746880190E+00 
 0.428949724863437E+00  0.256908803935525E+00  0.471077065353531E+00 
 0.443578958606248E+00  0.230732978747722E+00  0.469947352299283E+00 
 0.456609619518891E+00  0.203734276357253E+00  0.468818157251095E+00 
 0.467997475302466E+00  0.176006713254118E+00  0.467671180989705E+00 
 0.477703639922651E+00  0.147645631173598E+00  0.466459268651129E+00 
 0.485692724519016E+00  0.118754272972786E+00  0.465095464056692E+00 
 0.491936380806322E+00  0.894348770848230E-01  0.463406954960834E+00 
 0.496411792505272E+00  0.597940821628894E-01  0.461137076816239E+00 
 0.499102440227417E+00  0.299458537870868E-01  0.457979978116368E+00 
 0.313785009322246E+00  0.389280063610555E+00  0.452997157580269E+00 
 0.334730163502919E+00  0.371423905586742E+00  0.449534192393392E+00 
 0.355668940955017E+00  0.351425105022303E+00  0.446875550015057E+00 
 0.376004497983076E+00  0.329576421329704E+00  0.444963604652351E+00 
 0.395112492539032E+00  0.306408417377188E+00  0.443508408352698E+00 
 0.412801424722716E+00  0.282125829634396E+00  0.442248125799830E+00 
 0.428978878979732E+00  0.256860120278125E+00  0.441076425896676E+00 
 0.443604290212949E+00  0.230684272772692E+00  0.439935225700344E+00 
 0.456630160511114E+00  0.203688233611061E+00  0.438806721110899E+00 
 0.468015757703970E+00  0.175958093138050E+00  0.437655950304222E+00 
 0.477717759883356E+00  0.147599938658620E+00  0.436449314748010E+00 
 0.485703714718661E+00  0.118709315171532E+00  0.435087779399178E+00 
 0.491943070574666E+00  0.893980722027556E-01  0.433417078880122E+00 
 0.496414622677253E+00  0.597705813272738E-01  0.431179194370543E+00 
 0.499102860626941E+00  0.299388462370216E-01  0.428094023531722E+00 
 0.313873218582599E+00  0.389208944728407E+00  0.423721085969367E+00 
 0.334806077504488E+00  0.371355477226415E+00  0.419809582505967E+00 
 0.355797420135335E+00  0.351295026758194E+00  0.417012468814797E+00 
 0.376140278692188E+00  0.329421448520528E+00  0.415110135796681E+00 
 0.395247566505294E+00  0.306234160686954E+00  0.413604906171518E+00 
 0.412913271605023E+00  0.281962107618092E+00  0.412295661428636E+00 
 0.429075333944877E+00  0.256698963379467E+00  0.411073333710944E+00 
 0.443684164014537E+00  0.230530610988479E+00  0.409916287727943E+00 
 0.456701588243933E+00  0.203528030736479E+00  0.408779234712375E+00 
 0.468074693368811E+00  0.175801255478148E+00  0.407637759296906E+00 
 0.477767809588260E+00  0.147437851724839E+00  0.406425795875427E+00 
 0.485740217402844E+00  0.118559863349443E+00  0.405094498498342E+00 
 0.491968577662642E+00  0.892575968340930E-01  0.403469276918876E+00 
 0.496428246485582E+00  0.596573221930930E-01  0.401312875036085E+00 
 0.499106831138427E+00  0.298725812570320E-01  0.398386518630755E+00 
 0.313801739259486E+00  0.389266577601676E+00  0.394430974173024E+00 
 0.334998057828084E+00  0.371182301910277E+00  0.389984863452829E+00 
 0.356125320063414E+00  0.350962613977231E+00  0.387306010372962E+00 
 0.376520340788522E+00  0.328986979943729E+00  0.385425918049081E+00 
 0.395590787388698E+00  0.305790661945700E+00  0.383849319809257E+00 
 0.413210983683978E+00  0.281525634646153E+00  0.382395913544379E+00 
 0.429325867705015E+00  0.256279728654718E+00  0.381079459516012E+00 
 0.443908227769328E+00  0.230098859881344E+00  0.379879508577088E+00 
 0.456894011336670E+00  0.203095697651839E+00  0.378760742649346E+00 
 0.468244243064240E+00  0.175349162636143E+00  0.377612939631974E+00 
 0.477902693483414E+00  0.147000052929577E+00  0.376420305662252E+00 
 0.470391504943655E+00  0.169504666829098E+00  0.457871635533408E-01 
 0.476373212262307E+00  0.151883384999449E+00  0.679219338307649E-01 
 0.481864162080503E+00  0.133442606773306E+00  0.899766331130721E-01 
 0.486844287131383E+00  0.113941388825729E+00  0.111845140812071E+00 
 0.491091517055805E+00  0.939634071105766E-01  0.133429154321703E+00 
 0.494476833635516E+00  0.741124888112273E-01  0.154423128943234E+00 
 0.497342774551703E+00  0.514797494284299E-01  0.173558690489909E+00 
 0.499258568407579E+00  0.272191453138134E-01  0.193006072879735E+00 
 0.485845832009507E+00  0.118126320178824E+00  0.375117900178825E+00 
 0.492039167582349E+00  0.888676407072311E-01  0.373624318328183E+00 
 0.496468406431680E+00  0.593221831626887E-01  0.371591801119440E+00 
 0.499119412295937E+00  0.296616295802905E-01  0.368798903786268E+00 
 0.314158676199122E+00  0.388978567749966E+00  0.363402397167620E+00 
 0.335672853079266E+00  0.370572173409749E+00  0.360035798954258E+00 
 0.356997698422192E+00  0.350075196666741E+00  0.357881369939308E+00 
 0.377380822975014E+00  0.327999564711146E+00  0.356142713803495E+00 
 0.396349588527768E+00  0.304806502020329E+00  0.354323651682924E+00 
 0.413848977725319E+00  0.280586927057745E+00  0.352577376559264E+00 
 0.429895941019715E+00  0.255322305909166E+00  0.351072454261026E+00 
 0.444415501053978E+00  0.229117573361238E+00  0.349860433059147E+00 
 0.457352554681703E+00  0.202060982691167E+00  0.348784245479381E+00 
 0.468631551227360E+00  0.174311414411787E+00  0.347673961740473E+00 
 0.478224133090546E+00  0.145950945628301E+00  0.346435315866140E+00 
 0.486086178653140E+00  0.117133372368371E+00  0.345229736581069E+00 
 0.492206103178891E+00  0.879383419985366E-01  0.344002490558602E+00 
 0.496560033088555E+00  0.585502650642415E-01  0.342151264024333E+00 
 0.499146776204589E+00  0.291975307957003E-01  0.339370530161687E+00 
 0.315082804126377E+00  0.388230378182670E+00  0.332513675422712E+00 
 0.337260715308414E+00  0.369127633630506E+00  0.330443050697773E+00 
 0.358804861420469E+00  0.348222732487467E+00  0.329280901087881E+00 
 0.379035425923816E+00  0.326086101965036E+00  0.327533668539710E+00 
 0.397699826361776E+00  0.303042650648078E+00  0.325072315160415E+00 
 0.415020290280488E+00  0.278851499288600E+00  0.322753969862019E+00 
 0.430980692386285E+00  0.253486967693093E+00  0.321038046848957E+00 
 0.445437678467925E+00  0.227123919042240E+00  0.319897514652522E+00 
 0.458255405604095E+00  0.200004958025110E+00  0.319052412294002E+00 
 0.469407226406938E+00  0.172211659875125E+00  0.317935315294246E+00 
 0.478843151317703E+00  0.143907040953982E+00  0.316565826947568E+00 
 0.486571062566219E+00  0.115102567622014E+00  0.315409488433913E+00 
 0.492533877327005E+00  0.860835622243138E-01  0.314954583926282E+00 
 0.463721954415370E+00  0.186981146090160E+00  0.235517623875536E-01 
 0.496737089771062E+00  0.570286212859413E-01  0.313290988110493E+00 
 0.499192942143250E+00  0.283972976595716E-01  0.310160940449866E+00 
 0.316817599315963E+00  0.386815988247215E+00  0.302443047095253E+00 
 0.340547735111625E+00  0.366097309619099E+00  0.301799660984612E+00 
 0.362107683518159E+00  0.344786927735250E+00  0.302303824438299E+00 
 0.381577437044916E+00  0.323107814108902E+00  0.299810251504516E+00 
 0.399623908574009E+00  0.300500801489833E+00  0.295724002501639E+00 
 0.416842739324677E+00  0.276119775952936E+00  0.292737448912033E+00 
 0.432859854505734E+00  0.250264552738246E+00  0.290912819777104E+00 
 0.447226365110699E+00  0.223581256705190E+00  0.290192149665389E+00 
 0.459828648842865E+00  0.196360927129981E+00  0.289956931645901E+00 
 0.470686044290965E+00  0.168685054790648E+00  0.288721528366356E+00 
 0.479860505113360E+00  0.140477384771895E+00  0.286681902703111E+00 
 0.487419171843764E+00  0.111456497877598E+00  0.285457501639011E+00 
 0.493129305204464E+00  0.826044087719460E-01  0.287372246476265E+00 
 0.497018480630668E+00  0.545218296793311E-01  0.285408102285453E+00 
 0.499239185250775E+00  0.275723758523253E-01  0.280983601894687E+00 
 0.318501846072594E+00  0.385430375098213E+00  0.239699869446480E+00 
 0.336638369487099E+00  0.369695291002019E+00  0.250941902570929E+00 
 0.361618264833592E+00  0.345300203502318E+00  0.246071250399518E+00 
 0.386087296834753E+00  0.317705208051163E+00  0.245788005763601E+00 
 0.320491903494546E+00  0.383777200722558E+00  0.270890246523127E+00 
 0.347727022641970E+00  0.359285287375577E+00  0.275290921979129E+00 
 0.367167121875675E+00  0.339394025600824E+00  0.278460855325812E+00 
 0.383848108049146E+00  0.320406975496931E+00  0.271835251283510E+00 
 0.401791639306167E+00  0.297596166950555E+00  0.265296848013147E+00 
 0.419546169505669E+00  0.271994506659824E+00  0.262497733483299E+00 
 0.435874495593896E+00  0.244976374556337E+00  0.260687607253265E+00 
 0.450130934419693E+00  0.217674394172706E+00  0.261113967324118E+00 
 0.462207179459996E+00  0.190694843285379E+00  0.262550079671338E+00 
 0.472398643688185E+00  0.163827718782759E+00  0.260172964384031E+00 
 0.481123875727322E+00  0.136087531409457E+00  0.256201186675542E+00 
 0.488935260006463E+00  0.104605504264418E+00  0.253690872955474E+00 
 0.494268952061173E+00  0.754864426791314E-01  0.264208622466491E+00 
 0.497178585600611E+00  0.530420024148345E-01  0.257262084730777E+00 
 0.499216760093913E+00  0.279754614141803E-01  0.250617844024169E+00 
 0.499472720329608E+00  0.229565164287077E-01  0.211423934138724E-01 
 0.499189343214147E+00  0.284604922906895E-01  0.433580245238055E-01 
 0.497691925417807E+00  0.479869500376516E-01  0.216907360875337E-01 
 0.499506852476663E+00  0.222014488008563E-01  0.855651164083174E-01 
 0.474559125635065E+00  0.157459951341547E+00  0.224836142862565E-01 
 0.479628556458009E+00  0.141267292145090E+00  0.445888091577371E-01 
 0.484446572137578E+00  0.123739721771753E+00  0.664144825386149E-01 
 0.488843374382806E+00  0.105034067435437E+00  0.880533104128992E-01 
 0.492602039832996E+00  0.856926505155033E-01  0.109493944042432E+00 
 0.495538926348465E+00  0.666421223657446E-01  0.130444269580128E+00 
 0.497427188421947E+00  0.506575978372090E-01  0.149881359105881E+00 
 0.499369811748277E+00  0.250956393521037E-01  0.161462441687106E+00 
 0.498568356695032E+00  0.378099682942898E-01  0.645376867370397E-01 
 0.496732288657977E+00  0.570704249555604E-01  0.431458939707510E-01 
 0.494409879945428E+00  0.745578340105706E-01  0.215895603461715E-01 
 0.499222766497244E+00  0.278680715306714E-01  0.108131131265487E+00 
 0.497663311795106E+00  0.482827929300540E-01  0.862182460828194E-01 
 0.495506144918138E+00  0.668854270253650E-01  0.647196421173694E-01 
 0.492698988413644E+00  0.851334647255253E-01  0.432987254509170E-01 
 0.489501250946787E+00  0.101924115505266E+00  0.218029458609629E-01 
 0.498619157459314E+00  0.371340250250825E-01  0.131326137427201E+00 
 0.496730723412406E+00  0.570840469675034E-01  0.108413632951106E+00 
 0.494104578632809E+00  0.765549826862653E-01  0.868026343800048E-01 
 0.490818396910061E+00  0.953797738235857E-01  0.653352410721673E-01 
 0.487022287629600E+00  0.113178139903569E+00  0.438197266086793E-01 
 0.482998484395940E+00  0.129276695777798E+00  0.220991197611393E-01 
 0.292800000729039E+00  0.332174653185207E+00  0.213536870229343E-01 
 0.292800000729039E+00  0.332174653185207E+00  0.508337333111790E-01 
 0.292800000729039E+00  0.332174653185207E+00  0.822114620499305E-01 
 0.292800000729039E+00  0.332174653185207E+00  0.113584505683834E+00 
 0.292800000729039E+00  0.332174653185207E+00  0.145275167361906E+00 
 0.292800000729039E+00  0.332174653185207E+00  0.176680311202237E+00 
 0.292800000729039E+00  0.332174653185207E+00  0.204379999868645E+00 
 0.292800000729039E+00  0.332174653185207E+00  0.233605525541796E+00 
 0.292800000729039E+00  0.332174653185207E+00  0.262369333224116E+00 
 0.292800000729039E+00  0.332174653185207E+00  0.287867206606941E+00 
 0.292800000729039E+00  0.332174653185207E+00  0.313989829585740E+00 
 0.292800000729039E+00  0.332174653185207E+00  0.351487884325821E+00 
 0.292800000729039E+00  0.332174653185207E+00  0.390818972600989E+00 
 0.292800000729039E+00  0.332174653185207E+00  0.420573959074860E+00 
 0.292800000729039E+00  0.332174653185207E+00  0.445888684365190E+00 
 0.292800000729039E+00  0.332174653185207E+00  0.474051612501390E+00 
 0.292800000729039E+00  0.332174653185207E+00  0.503608506354553E+00 
 0.292800000729039E+00  0.332174653185207E+00  0.533399331319098E+00 
 0.292800000729039E+00  0.332174653185207E+00  0.563328280139837E+00 
 0.292800000729039E+00  0.332174653185207E+00  0.593331890503903E+00 
 0.292800000729039E+00  0.332174653185207E+00  0.623411458729726E+00 
 0.292800000729039E+00  0.332174653185207E+00  0.653544631781419E+00 
 0.292800000729039E+00  0.332174653185207E+00  0.683882054121949E+00 
 0.292800000729039E+00  0.332174653185207E+00  0.714550801318165E+00 
 0.292800000729039E+00  0.332174653185207E+00  0.746034499808997E+00 
 0.292800000729039E+00  0.332174653185207E+00  0.779562555047232E+00 
 0.292800000729039E+00  0.332174653185207E+00  0.808865666201066E+00 
 0.292800000729039E+00  0.332174653185207E+00  0.839739860379448E+00 
 0.292800000729039E+00  0.332174653185207E+00  0.875848434736796E+00 
 0.292800000729039E+00  0.332174653185207E+00  0.908382934989696E+00 
 0.292800000729039E+00  0.332174653185207E+00  0.937297228065846E+00 
 0.292800000729039E+00  0.332174653185207E+00  0.960743373499959E+00 
 0.292800000729039E+00  0.332174653185207E+00  0.981734631263908E+00 
 0.292800000729039E+00  0.357159507671699E+00  0.895996664096248E+00 
 0.292800000729039E+00  0.381933708910104E+00  0.884623408087006E+00 
 0.292800000729039E+00  0.369306669346812E+00  0.832570830345578E+00 
 0.292800000729039E+00  0.356655819368993E+00  0.708118423190555E+00 
 0.292800000729039E+00  0.381044793724607E+00  0.701866010638054E+00 
 0.292800000729039E+00  0.356740450539493E+00  0.647462007187188E+00 
 0.292800000729039E+00  0.381131923869252E+00  0.641675749825608E+00 
 0.292800000729039E+00  0.356766587032121E+00  0.587405688259702E+00 
 0.292800000729039E+00  0.381166667597544E+00  0.581752351828344E+00 
 0.292800000729039E+00  0.357692499136414E+00  0.499038223168181E+00 
 0.292800000729039E+00  0.382378488249258E+00  0.494951750897980E+00 
 0.292800000729039E+00  0.370107423514901E+00  0.445517175411454E+00 
 0.292800000729039E+00  0.368993781909766E+00  0.359736965601378E+00 
 0.292800000729039E+00  0.356887791202701E+00  0.196406128961251E+00 
 0.292800000729039E+00  0.381224799222961E+00  0.186680833314828E+00 
 0.292800000729039E+00  0.356739235021946E+00  0.134504806310670E+00 
 0.292800000729039E+00  0.381159301986228E+00  0.123113440803386E+00 
 0.292800000729039E+00  0.356533756885778E+00  0.715280403933973E-01 
 0.292800000729039E+00  0.380672760085730E+00  0.605964201726295E-01 
 0.292800000729039E+00  0.375194685226837E+00  0.977771181143611E+00 
 0.292800000729039E+00  0.354033029579562E+00  0.961799008540654E+00 
 0.292800000729039E+00  0.381459282096666E+00  0.951217899674645E+00 
 0.292800000729039E+00  0.356768049022070E+00  0.928097909993767E+00 
 0.292800000729039E+00  0.381292645739406E+00  0.915860501271462E+00 
 0.292800000729039E+00  0.358824643180861E+00  0.863947015511621E+00 
 0.292800000729039E+00  0.380063476317064E+00  0.306413000755696E-01 
 0.292800000729039E+00  0.356119225813622E+00  0.398023235652777E-01 
 0.292800000729039E+00  0.384238682491469E+00  0.856712499305322E+00 
 0.292800000729039E+00  0.354055793878270E+00  0.805885348467077E+00 
 0.292800000729039E+00  0.380671220987050E+00  0.799569846590875E+00 
 0.292800000729039E+00  0.356373157357621E+00  0.771857794129196E+00 
 0.292800000729039E+00  0.380861772456590E+00  0.762456110128229E+00 
 0.292800000729039E+00  0.356572782602668E+00  0.739146568762910E+00 
 0.292800000729039E+00  0.380905935886225E+00  0.731845849599702E+00 
 0.292800000729039E+00  0.356715593369179E+00  0.677668934667025E+00 
 0.292800000729039E+00  0.381108440955010E+00  0.671763179927449E+00 
 0.292800000729039E+00  0.356753207202997E+00  0.617375631674599E+00 
 0.292800000729039E+00  0.381143023508184E+00  0.611659044830685E+00 
 0.292800000729039E+00  0.356818486000833E+00  0.557566932195936E+00 
 0.292800000729039E+00  0.381241584305331E+00  0.552066612868803E+00 
 0.292800000729039E+00  0.357002146765964E+00  0.528016701760646E+00 
 0.292800000729039E+00  0.381503607921054E+00  0.522864928617742E+00 
 0.292800000729039E+00  0.360196148362876E+00  0.471220557184595E+00 
 0.292800000729039E+00  0.385232858216701E+00  0.470490330287219E+00 
 0.292800000729039E+00  0.353991898599636E+00  0.419172543283846E+00 
 0.292800000729039E+00  0.380985379355826E+00  0.418241570992987E+00 
 0.292800000729039E+00  0.358983439043087E+00  0.387823165250156E+00 
 0.292800000729039E+00  0.384239001462226E+00  0.386624430203752E+00 
 0.292800000729039E+00  0.357504450601770E+00  0.326216228002172E+00 
 0.292800000729039E+00  0.382588659108976E+00  0.338117026713308E+00 
 0.292800000729039E+00  0.352214331024177E+00  0.291376781793633E+00 
 0.292800000729039E+00  0.380179190991961E+00  0.299495408382032E+00 
 0.292800000729039E+00  0.381171651545458E+00  0.909846469248995E-01 
 0.292800000729039E+00  0.356723450276223E+00  0.102898006717326E+00 
 0.292800000729039E+00  0.356558535399878E+00  0.259129354896582E+00 
 0.292800000729039E+00  0.381183717955069E+00  0.252131987305727E+00 
 0.292800000729039E+00  0.356842982544841E+00  0.227124661329214E+00 
 0.292800000729039E+00  0.381198179958798E+00  0.218357568008668E+00 
 0.292800000729039E+00  0.356770659491977E+00  0.165905190235343E+00 
 0.292800000729039E+00  0.381197692492343E+00  0.154987123744700E+00 
 0.442800000729056E+00 -0.173472347597681E-16  0.214255156443702E-01 
 0.442800000729056E+00 -0.173472347597681E-16  0.507049326203257E-01 
 0.442800000729056E+00 -0.173472347597681E-16  0.819762262664442E-01 
 0.442800000729056E+00 -0.173472347597681E-16  0.113928655554276E+00 
 0.442800000729056E+00 -0.173472347597681E-16  0.142087565034644E+00 
 0.442800000729056E+00 -0.173472347597681E-16  0.173879000902320E+00 
 0.442800000729056E+00 -0.173472347597681E-16  0.203026691666121E+00 
 0.442800000729056E+00 -0.173472347597681E-16  0.235832782713893E+00 
 0.442800000729056E+00 -0.173472347597681E-16  0.265098346180788E+00 
 0.442800000729056E+00 -0.173472347597681E-16  0.298031527986361E+00 
 0.442800000729056E+00 -0.173472347597681E-16  0.328202081166626E+00 
 0.442800000729056E+00 -0.173472347597681E-16  0.357247643982984E+00 
 0.442800000729056E+00 -0.173472347597681E-16  0.385046662864702E+00 
 0.442800000729056E+00 -0.173472347597681E-16  0.411476802514105E+00 
 0.442800000729056E+00 -0.173472347597681E-16  0.438387621124287E+00 
 0.442800000729056E+00 -0.173472347597681E-16  0.469498036390423E+00 
 0.442800000729056E+00 -0.173472347597681E-16  0.500112081879638E+00 
 0.442800000729056E+00 -0.173472347597681E-16  0.534603161365033E+00 
 0.442800000729056E+00 -0.173472347597681E-16  0.565516333229342E+00 
 0.442800000729056E+00 -0.173472347597681E-16  0.594617352530611E+00 
 0.442800000729056E+00 -0.173472347597681E-16  0.626572690354163E+00 
 0.442800000729056E+00 -0.173472347597681E-16  0.654503739827802E+00 
 0.442800000729056E+00 -0.173472347597681E-16  0.685752340789901E+00 
 0.442800000729056E+00 -0.173472347597681E-16  0.713912877485888E+00 
 0.442800000729056E+00 -0.173472347597681E-16  0.746872033002749E+00 
 0.442800000729056E+00 -0.173472347597681E-16  0.776991172745975E+00 
 0.442800000729056E+00 -0.173472347597681E-16  0.810167421906678E+00 
 0.442800000729056E+00 -0.173472347597681E-16  0.840350815298503E+00 
 0.442800000729056E+00 -0.173472347597681E-16  0.866599308509114E+00 
 0.442800000729056E+00 -0.173472347597681E-16  0.897137161880497E+00 
 0.442800000729056E+00 -0.173472347597681E-16  0.928210653258615E+00 
 0.442800000729056E+00 -0.173472347597681E-16  0.954461754387115E+00 
 0.442800000729056E+00 -0.173472347597681E-16  0.980485502336218E+00 
 0.411113587043777E+00  0.164491517087154E+00  0.931030634940207E+00 
 0.385607924621449E+00  0.217665727928800E+00  0.899414993701086E+00 
 0.387877876964147E+00  0.213594459683348E+00  0.929995900473300E+00 
 0.408728968020011E+00  0.170330476858758E+00  0.104050965723917E+00 
 0.402529044325409E+00  0.184505309192197E+00  0.775006485169983E-01 
 0.414469650191499E+00  0.155842066579504E+00  0.767835266907527E-01 
 0.439007530139218E+00  0.578293102734463E-01  0.830996767179885E+00 
 0.352623512893600E+00  0.267821766852899E+00  0.878880758688158E+00 
 0.424172968794332E+00  0.127079239806658E+00  0.154933323413713E+00 
 0.434968158195546E+00  0.829128578787101E-01  0.823494473116856E+00 
 0.434243469140208E+00  0.866282295485559E-01  0.852427463448579E+00 
 0.428732692866132E+00  0.110725420357713E+00  0.829015471301323E+00 
 0.430995925678716E+00  0.101559601682881E+00  0.879417073538998E+00 
 0.424034328456885E+00  0.127541087245458E+00  0.862567197460650E+00 
 0.419072175377677E+00  0.143004728837391E+00  0.830254868875624E+00 
 0.425329038364589E+00  0.123154576729773E+00  0.897477607826194E+00 
 0.420181768499313E+00  0.139710851641612E+00  0.919910976723243E+00 
 0.413451511154496E+00  0.158523463782804E+00  0.894322153517960E+00 
 0.411531860818410E+00  0.163442247221982E+00  0.858976158883620E+00 
 0.407879701207455E+00  0.172354257239420E+00  0.829226040965830E+00 
 0.410702389530877E+00  0.165515521565993E+00  0.962677750830893E+00 
 0.400869896515022E+00  0.188082871930623E+00  0.849913814464822E+00 
 0.441208507134757E+00  0.375085840515314E-01  0.212129961783986E-01 
 0.442165333453684E+00  0.236993362231938E-01  0.405548856379347E-01 
 0.397638890550782E+00  0.194820823751411E+00  0.877416614698734E+00 
 0.399902273754666E+00  0.190131565215995E+00  0.912523664137757E+00 
 0.399897334982266E+00  0.190141952550500E+00  0.945408574310320E+00 
 0.396862862996971E+00  0.196396814178548E+00  0.829560386286118E+00 
 0.375906120142209E+00  0.234022284163850E+00  0.917673155663162E+00 
 0.388380593612106E+00  0.212678995557023E+00  0.847319708258780E+00 
 0.379711216106244E+00  0.227796472775046E+00  0.870473881226671E+00 
 0.367541044635103E+00  0.246952264930231E+00  0.893946067299576E+00 
 0.370999733536263E+00  0.241725129768619E+00  0.838416784855128E+00 
 0.364412005064581E+00  0.251546677995247E+00  0.865261079226600E+00 
 0.347212203918574E+00  0.274800884452067E+00  0.849815157165626E+00 
 0.404411539669290E+00  0.180341751205730E+00  0.785278905251590E+00 
 0.393294806655064E+00  0.203447869745031E+00  0.788068395304746E+00 
 0.379817646268476E+00  0.227618971592242E+00  0.786560285004634E+00 
 0.371106434624540E+00  0.241561285859087E+00  0.733720487820870E+00 
 0.369889900740971E+00  0.243420011452363E+00  0.676830982123687E+00 
 0.370998294129265E+00  0.241727338956124E+00  0.614920083557245E+00 
 0.368768053350534E+00  0.245116224419542E+00  0.521127254953899E+00 
 0.416921850777121E+00  0.149157671576807E+00  0.474953177954439E+00 
 0.405105155250847E+00  0.178778225281555E+00  0.474071746941081E+00 
 0.393408779997813E+00  0.203227391033463E+00  0.474924579102244E+00 
 0.405206279007217E+00  0.178548906741993E+00  0.364612814643723E+00 
 0.393917840670631E+00  0.202238906857763E+00  0.366142206112386E+00 
 0.379462833655141E+00  0.228209987774519E+00  0.366313670033163E+00 
 0.368305593036389E+00  0.245810558731205E+00  0.284481938345662E+00 
 0.437493295792036E+00  0.683480561732539E-01  0.230324650335431E-01 
 0.439856157511644E+00  0.509745166208408E-01  0.448887651867986E-01 
 0.441800818843386E+00  0.297300708869417E-01  0.641733654478435E-01 
 0.366500185983511E+00  0.248494374825036E+00  0.226669259662021E+00 
 0.331926861355416E+00  0.293080875111930E+00  0.159691418729038E+00 
 0.349016181532497E+00  0.272506047041358E+00  0.171456571134836E+00 
 0.349875099948628E+00  0.271402385917238E+00  0.140874551671177E+00 
 0.379724825933982E+00  0.227773785179598E+00  0.176062187494350E+00 
 0.369242599303547E+00  0.244400784583834E+00  0.153023851680564E+00 
 0.365820490158768E+00  0.249493906990997E+00  0.119486285273348E+00 
 0.392435067686185E+00  0.205101336650387E+00  0.179047017915470E+00 
 0.389123748728766E+00  0.211316229430935E+00  0.152702766950708E+00 
 0.383647802809657E+00  0.221102247941892E+00  0.124930801987928E+00 
 0.378631826135078E+00  0.229586107774950E+00  0.963505776600997E-01 
 0.404623097609566E+00  0.179866588132635E+00  0.163981379894806E+00 
 0.400228316040371E+00  0.189444281215150E+00  0.130157036360919E+00 
 0.394438271155219E+00  0.201221994060584E+00  0.101271091065625E+00 
 0.388942368261229E+00  0.211649887354050E+00  0.746600894648786E-01 
 0.440636725355043E+00  0.437163231987665E-01  0.154924782407812E+00 
 0.437585740112893E+00  0.677536766197340E-01  0.139150516359749E+00 
 0.429126015267490E+00  0.109191133643184E+00  0.128566389468560E+00 
 0.429228509852829E+00  0.108787531340486E+00  0.970589607100897E-01 
 0.416471880924793E+00  0.150409484556656E+00  0.165399751542995E+00 
 0.415602067034009E+00  0.152796474182794E+00  0.134491055260374E+00 
 0.420810741917006E+00  0.137804789949020E+00  0.103239601141983E+00 
 0.424522363744521E+00  0.125907121825574E+00  0.746603898727831E-01 
 0.396840042695640E+00  0.196442920867510E+00  0.552442912757682E-01 
 0.407881346593310E+00  0.172350363349959E+00  0.515534205473660E-01 
 0.418919457631129E+00  0.143451485400727E+00  0.501530249303654E-01 
 0.442320342827344E+00  0.206047316587329E-01  0.155906401992960E+00 
 0.442342468590048E+00  0.201241428958028E-01  0.219751125660967E+00 
 0.442372876165501E+00  0.194442556733385E-01  0.282505021968544E+00 
 0.442333696019769E+00  0.203160530398629E-01  0.378498703970033E+00 
 0.442269935959128E+00  0.216597412804665E-01  0.402593134310593E+00 
 0.442324074888650E+00  0.205244590556726E-01  0.450593566945695E+00 
 0.442275488847662E+00  0.215460578804952E-01  0.427346413953784E+00 
 0.442266256107491E+00  0.217347499247494E-01  0.518474159417722E+00 
 0.431438791982465E+00  0.996614740927989E-01  0.240553395097981E-01 
 0.435189297766635E+00  0.817442093057581E-01  0.476090452633268E-01 
 0.438317818795174E+00  0.628436979519835E-01  0.705232513097409E-01 
 0.440856094241158E+00  0.414456851320498E-01  0.891680015879062E-01 
 0.442153572323610E+00  0.239177575683499E-01  0.106584590531681E+00 
 0.442424146615632E+00  0.182404807244327E-01  0.611995512977917E+00 
 0.442529849709227E+00  0.154652113454104E-01  0.670415281790932E+00 
 0.442380759593058E+00  0.192640646670607E-01  0.730564699673228E+00 
 0.442454606899644E+00  0.174860366838674E-01  0.793679941449604E+00 
 0.442172992069053E+00  0.235560126152410E-01  0.933540645220506E+00 
 0.438200513288637E+00  0.636565063384300E-01  0.979817920456422E+00 
 0.441428108026181E+00  0.348290983239243E-01  0.967153402917079E+00 
 0.441226215938802E+00  0.372996918748336E-01  0.912200690356392E+00 
 0.439636808714503E+00  0.528329165290415E-01  0.935150821913634E+00 
 0.436953533342372E+00  0.717178523469402E-01  0.956114345944885E+00 
 0.433595887984204E+00  0.898133986041607E-01  0.977244926176724E+00 
 0.442176390426862E+00  0.234921347412081E-01  0.864730924857865E+00 
 0.440706415586821E+00  0.430080911718969E-01  0.886562664470335E+00 
 0.438092083662902E+00  0.643985005845372E-01  0.908577620640769E+00 
 0.434897065220166E+00  0.832849524735841E-01  0.930718103640304E+00 
 0.430811798812469E+00  0.102337845636906E+00  0.952580950958985E+00 
 0.426795164004120E+00  0.117973423398377E+00  0.975921144426122E+00 
 0.441868067842964E+00  0.287132594171135E-01  0.836250592385323E+00 
 0.439673950458498E+00  0.525229276969163E-01  0.858957034895692E+00 
 0.436624793479613E+00  0.736928108062484E-01  0.881705519922985E+00 
 0.432818117323112E+00  0.934896676778569E-01  0.904595837077799E+00 
 0.428092497908582E+00  0.113175323635622E+00  0.926149704219552E+00 
 0.421496899538598E+00  0.135691577944189E+00  0.949494910765802E+00 
 0.418898960483176E+00  0.143511329001404E+00  0.977368561669654E+00 
 0.310459305455666E+00  0.315732260470198E+00  0.976566317891982E+00 
 0.328309505189943E+00  0.297127429645208E+00  0.971028772635454E+00 
 0.311400612663694E+00  0.314803905754537E+00  0.951112708667511E+00 
 0.358434605433493E+00  0.259993219668069E+00  0.977466968081733E+00 
 0.344658130798736E+00  0.277997506319667E+00  0.961909971774049E+00 
 0.329247219637351E+00  0.296088008887065E+00  0.941701092498726E+00 
 0.312164658840551E+00  0.314046280692190E+00  0.923276730283875E+00 
 0.373104900091072E+00  0.238462940881105E+00  0.972066867199856E+00 
 0.360212623976839E+00  0.257524185608562E+00  0.951446291433870E+00 
 0.346313653224927E+00  0.275932408817153E+00  0.932403254143778E+00 
 0.331222669792492E+00  0.293876476876198E+00  0.912172310266716E+00 
 0.423001896314156E+00  0.130924544529523E+00  0.246891359533866E-01 
 0.428166982889283E+00  0.112893203555952E+00  0.490184528516974E-01 
 0.432566798970353E+00  0.946456817513709E-01  0.733329665450638E-01 
 0.436173649595738E+00  0.763176784498497E-01  0.101966213263897E+00 
 0.440132153306274E+00  0.485337848474475E-01  0.114507601838536E+00 
 0.441878982222775E+00  0.285448018979480E-01  0.132509013997454E+00 
 0.313924761858707E+00  0.312286862576044E+00  0.892204716452698E+00 
 0.441394228176838E+00  0.352558644455732E-01  0.809960850463821E+00 
 0.438252107041840E+00  0.633003263737786E-01  0.801622714461408E+00 
 0.432733741680748E+00  0.938794410753435E-01  0.800499060266689E+00 
 0.424841139040931E+00  0.124827269552931E+00  0.800803239560789E+00 
 0.413744687001561E+00  0.157756694386053E+00  0.798399792250348E+00 
 0.400892818187628E+00  0.188034010145019E+00  0.807824129191317E+00 
 0.386214992076091E+00  0.216586750613468E+00  0.814996913779814E+00 
 0.371150055289264E+00  0.241494258947102E+00  0.808550875424642E+00 
 0.354271082996854E+00  0.265638552167919E+00  0.815470484614975E+00 
 0.332064400936484E+00  0.292925031836350E+00  0.822307999991718E+00 
 0.315973885686306E+00  0.310213384962564E+00  0.799397947885841E+00 
 0.399865111171383E+00  0.190209709304054E+00  0.975576235346902E+00 
 0.387400104692844E+00  0.214459785343568E+00  0.961073878207282E+00 
 0.374779051619129E+00  0.235823033465988E+00  0.943135248198687E+00 
 0.362302434697359E+00  0.254575698875597E+00  0.923642206920211E+00 
 0.349366052908995E+00  0.272057350057705E+00  0.904113743254850E+00 
 0.335086465985004E+00  0.289463125387868E+00  0.881447409960745E+00 
 0.318172043705429E+00  0.307958424547771E+00  0.855640221813542E+00 
 0.310774707817090E+00  0.315421815394621E+00  0.825519449638442E+00 
 0.363167382838880E+00  0.253340270560350E+00  0.785257492412984E+00 
 0.341072405254043E+00  0.282385295332200E+00  0.786910881149891E+00 
 0.321976295439123E+00  0.303978791728851E+00  0.772863679127752E+00 
 0.421315660472766E+00  0.136253274771772E+00  0.733015672654175E+00 
 0.409752337317807E+00  0.167853694353829E+00  0.730117319689517E+00 
 0.399317840085187E+00  0.191355959497834E+00  0.743339534626619E+00 
 0.386249809869435E+00  0.216524652225702E+00  0.737819329681352E+00 
 0.441085362644407E+00  0.389299821022838E-01  0.748282004312993E+00 
 0.437888374589742E+00  0.657693853156158E-01  0.738311162047100E+00 
 0.431412141019219E+00  0.997767769917030E-01  0.745398859251533E+00 
 0.441450925837388E+00  0.345386844414142E-01  0.777158832955358E+00 
 0.436920549076276E+00  0.719185264068051E-01  0.770280530895680E+00 
 0.430110266487863E+00  0.105247324466599E+00  0.776692876783874E+00 
 0.422357601970347E+00  0.132988332960048E+00  0.768500414872233E+00 
 0.410905855530679E+00  0.165009752851870E+00  0.761038397121573E+00 
 0.399538359603360E+00  0.190895101694863E+00  0.767477082065784E+00 
 0.388741026598775E+00  0.212019468173483E+00  0.763501719049348E+00 
 0.374642721247893E+00  0.236039556137542E+00  0.760433883671325E+00 
 0.357540464819562E+00  0.261221470523086E+00  0.757442160711907E+00 
 0.338372051391790E+00  0.285615467862900E+00  0.752682778572109E+00 
 0.316987696832100E+00  0.309177361239007E+00  0.747375796194673E+00 
 0.354492595551205E+00  0.265342873175448E+00  0.728309009329431E+00 
 0.335709048943210E+00  0.288740844189521E+00  0.723020421803171E+00 
 0.314979062358540E+00  0.311223442114134E+00  0.718389681014457E+00 
 0.422112774467702E+00  0.133763396625585E+00  0.672111920777673E+00 
 0.410219417829248E+00  0.166708937617237E+00  0.680787781757436E+00 
 0.399324898037891E+00  0.191341230404383E+00  0.669731674073153E+00 
 0.385024922154289E+00  0.218695335948710E+00  0.687497035660217E+00 
 0.441745045274523E+00  0.305475959944268E-01  0.684427357569317E+00 
 0.439027079118460E+00  0.576807112157281E-01  0.684310879037520E+00 
 0.432371066254118E+00  0.955358661023007E-01  0.684085017544010E+00 
 0.441223578532196E+00  0.373308772047315E-01  0.712356277393112E+00 
 0.435986064829784E+00  0.773821162794077E-01  0.712810076466583E+00 
 0.397623982030083E+00  0.194851249829648E+00  0.279623959093531E-01 
 0.385009796504506E+00  0.218721963326032E+00  0.481780976013261E-01 
 0.373933341085846E+00  0.237161752966221E+00  0.686919928295289E-01 
 0.361684302198957E+00  0.255453138928623E+00  0.898869654827077E-01 
 0.347627884786438E+00  0.274274851863124E+00  0.111320960510414E+00 
 0.331566004986035E+00  0.293489054281813E+00  0.130986457440926E+00 
 0.315597870155125E+00  0.310595919160545E+00  0.148577946982243E+00 
 0.303516215470892E+00  0.322412387466524E+00  0.162394281715789E+00 
 0.429729163096299E+00  0.106792729294610E+00  0.716276609733685E+00 
 0.424381667862371E+00  0.126380538960661E+00  0.701138966069879E+00 
 0.415132250732547E+00  0.154068345377511E+00  0.704460368953921E+00 
 0.399089395170345E+00  0.191831945484072E+00  0.708326689046201E+00 
 0.382585955786653E+00  0.222934580270644E+00  0.714151533100014E+00 
 0.369424576149174E+00  0.244125629917541E+00  0.705756825347982E+00 
 0.353036851241131E+00  0.267276677454992E+00  0.698980096960463E+00 
 0.334420043854280E+00  0.290232794346424E+00  0.693322861740150E+00 
 0.314179570841170E+00  0.312030507982302E+00  0.688405240617096E+00 
 0.352817807145160E+00  0.267565759406753E+00  0.669288786889151E+00 
 0.334009401695980E+00  0.290705280695632E+00  0.663345807945509E+00 
 0.313926625944300E+00  0.312284988702407E+00  0.658285669588632E+00 
 0.425524567374863E+00  0.122477276284508E+00  0.609698565648598E+00 
 0.415408419214787E+00  0.153322163730838E+00  0.615214364360136E+00 
 0.402439939383388E+00  0.184699582659870E+00  0.604036091062852E+00 
 0.387268531015937E+00  0.214697288130042E+00  0.623840911850328E+00 
 0.441212150136727E+00  0.374657072181798E-01  0.629729101917144E+00 
 0.437626268007177E+00  0.674914083106191E-01  0.623577690392216E+00 
 0.431927631247266E+00  0.975210849548172E-01  0.617996538711194E+00 
 0.441660630686867E+00  0.317447310101861E-01  0.656240639082875E+00 
 0.438058960559556E+00  0.646234301095313E-01  0.654356855440224E+00 
 0.431893343744446E+00  0.976728226011734E-01  0.649011395528756E+00 
 0.423931135121919E+00  0.127883671044729E+00  0.637051190669111E+00 
 0.412647822748701E+00  0.160603907257547E+00  0.651169649176677E+00 
 0.401084085634841E+00  0.187625682933065E+00  0.636709114850530E+00 
 0.386040645288940E+00  0.216897350907139E+00  0.656453035845556E+00 
 0.370479836805792E+00  0.242521197353938E+00  0.646382920176142E+00 
 0.352945319152982E+00  0.267397536139792E+00  0.639015098184959E+00 
 0.333940326483745E+00  0.290784626473894E+00  0.633210016295798E+00 
 0.313843013194890E+00  0.312369018493171E+00  0.628124954216329E+00 
 0.352969323770932E+00  0.267365848833247E+00  0.608430377770329E+00 
 0.412155152620487E+00  0.161864050406560E+00  0.254283312388587E-01 
 0.333829030516717E+00  0.290912390643474E+00  0.602918531819187E+00 
 0.313763718162698E+00  0.312448667480523E+00  0.598007094942481E+00 
 0.441400405758942E+00  0.351784371664290E-01  0.595967754205499E+00 
 0.437236925520857E+00  0.699693619144067E-01  0.592362029496050E+00 
 0.431084195657438E+00  0.101184271999251E+00  0.589951604164141E+00 
 0.423167221124617E+00  0.130389200516395E+00  0.586554592815313E+00 
 0.413725611008588E+00  0.157806715450278E+00  0.582963734837671E+00 
 0.403568183928792E+00  0.182221188576004E+00  0.575203093328168E+00 
 0.389024027099213E+00  0.211499756465927E+00  0.587677917726758E+00 
 0.370442579440247E+00  0.242578102852030E+00  0.583621052925517E+00 
 0.352527570013244E+00  0.267948041653955E+00  0.577735086850955E+00 
 0.333512305433616E+00  0.291275441412397E+00  0.572581966283880E+00 
 0.313562802746270E+00  0.312650298863665E+00  0.567873788163605E+00 
 0.420897024988942E+00  0.137541030245860E+00  0.532323728004048E+00 
 0.411022474327805E+00  0.164719052459280E+00  0.526849395131914E+00 
 0.400820109613826E+00  0.188188948598997E+00  0.520770286325353E+00 
 0.386423279514939E+00  0.216214915522854E+00  0.527670673193698E+00 
 0.440746619526591E+00  0.425941078262754E-01  0.537362793444173E+00 
 0.436999512081486E+00  0.714371548018525E-01  0.529140278031277E+00 
 0.430195874663399E+00  0.104896854424862E+00  0.537966437689587E+00 
 0.441125113829796E+00  0.384769358743893E-01  0.565606665864951E+00 
 0.436034531810336E+00  0.771085450166327E-01  0.560727532174097E+00 
 0.381524337764304E+00  0.224746569137649E+00  0.229050880106979E-01 
 0.369844516248036E+00  0.243488961653069E+00  0.424738538114919E-01 
 0.356841005102935E+00  0.262176157807607E+00  0.612618260671220E-01 
 0.344103219823635E+00  0.278684076962855E+00  0.832860680370697E-01 
 0.329478519802590E+00  0.295830602937436E+00  0.103581408127498E+00 
 0.312511706110373E+00  0.313700931126478E+00  0.122183157398544E+00 
 0.428995339001597E+00  0.109703417269210E+00  0.566602882479729E+00 
 0.421828257312812E+00  0.134657944355582E+00  0.559669264368680E+00 
 0.412161714894429E+00  0.161847339863581E+00  0.554222517928745E+00 
 0.398768275543173E+00  0.192498579386860E+00  0.549687463905589E+00 
 0.383477928541053E+00  0.221396745611805E+00  0.560332429086562E+00 
 0.369134643196395E+00  0.244563807293523E+00  0.552573813561830E+00 
 0.351777081707581E+00  0.268932566698289E+00  0.546900618277656E+00 
 0.332906433896601E+00  0.291967715536975E+00  0.542191273644645E+00 
 0.313161129042035E+00  0.313052628008060E+00  0.537814489146341E+00 
 0.350762769647339E+00  0.270254176794660E+00  0.515844378691998E+00 
 0.331796165858303E+00  0.293228826971978E+00  0.511931023275770E+00 
 0.312351800624958E+00  0.313860149257566E+00  0.507955310828408E+00 
 0.440790429566901E+00  0.421383180473662E-01  0.468245291498077E+00 
 0.437010500363312E+00  0.713699041462750E-01  0.479073309401367E+00 
 0.428987913467593E+00  0.109732450735222E+00  0.477553717520286E+00 
 0.440639929879343E+00  0.436840112805783E-01  0.500584480831814E+00 
 0.434196803282679E+00  0.868618251290118E-01  0.505955947350106E+00 
 0.427313400119671E+00  0.116082292895182E+00  0.511494315426016E+00 
 0.419365283502417E+00  0.142142884586501E+00  0.503582555628395E+00 
 0.408910769282738E+00  0.169893564946510E+00  0.499604302795398E+00 
 0.396755189246998E+00  0.196614242747605E+00  0.498345284124036E+00 
 0.382829953642173E+00  0.222515319113016E+00  0.495614514508938E+00 
 0.366883068032947E+00  0.247928729751848E+00  0.489077578420232E+00 
 0.348662073540218E+00  0.272958969664430E+00  0.484240484031751E+00 
 0.329561009656416E+00  0.295738704872860E+00  0.482464215556874E+00 
 0.310739137392939E+00  0.315456857807732E+00  0.478357146677137E+00 
 0.440860548438556E+00  0.413982786609431E-01  0.442295321635271E+00 
 0.436871630218582E+00  0.722150909145653E-01  0.444374210964084E+00 
 0.430370716013346E+00  0.104177192531752E+00  0.445784075232220E+00 
 0.422575825730112E+00  0.132293280835229E+00  0.443899141357002E+00 
 0.411817150888365E+00  0.162722078648915E+00  0.450303338076944E+00 
 0.398891507784264E+00  0.192243090027268E+00  0.447007512846341E+00 
 0.381917845416005E+00  0.224077218829651E+00  0.462738053397801E+00 
 0.364938127129083E+00  0.250782782529324E+00  0.456157439011116E+00 
 0.344469621405766E+00  0.278231056092234E+00  0.450887418567061E+00 
 0.324942905797135E+00  0.300805499646778E+00  0.456817884887609E+00 
 0.309365027847761E+00  0.316804545722422E+00  0.444524113439708E+00 
 0.440456472774025E+00  0.454965519253858E-01  0.418124853428895E+00 
 0.437318383129977E+00  0.694584222554958E-01  0.405166618012874E+00 
 0.430883784239621E+00  0.102034333069719E+00  0.416391069921162E+00 
 0.423290950568643E+00  0.129986967855741E+00  0.415282119230814E+00 
 0.412620730987917E+00  0.160673498140271E+00  0.415878154857691E+00 
 0.399604459343733E+00  0.190756695081033E+00  0.419499085987089E+00 
 0.384088897571444E+00  0.220335107070999E+00  0.422878907178296E+00 
 0.362366054685391E+00  0.254485133273787E+00  0.424495451799294E+00 
 0.345564461159974E+00  0.276870084748873E+00  0.419218591638019E+00 
 0.328702025795655E+00  0.296693139259177E+00  0.429158938820537E+00 
 0.312961018221514E+00  0.313252680306791E+00  0.412504600564010E+00 
 0.440762631015465E+00  0.424281008997414E-01  0.390925998658504E+00 
 0.438628621269186E+00  0.606364020134109E-01  0.377783791512776E+00 
 0.433990455997905E+00  0.878869998826346E-01  0.380976971619932E+00 
 0.425161159912286E+00  0.123732892747545E+00  0.384431366312226E+00 
 0.414476601188353E+00  0.155823578809452E+00  0.376254692218291E+00 
 0.367298758688175E+00  0.247312479490540E+00  0.191370301270280E-01 
 0.351554924046653E+00  0.269222911402771E+00  0.298529246851731E-01 
 0.337895612899277E+00  0.286178956999032E+00  0.557509033992494E-01 
 0.327481940140642E+00  0.298039291918622E+00  0.784496801507149E-01 
 0.311370984006666E+00  0.314833211342698E+00  0.931707086203095E-01 
 0.400544770024313E+00  0.188774277516311E+00  0.392260664519491E+00 
 0.386529298791109E+00  0.216025326806116E+00  0.389092590967147E+00 
 0.371962115098104E+00  0.240241598349200E+00  0.395078731324957E+00 
 0.355680896925915E+00  0.263747872422904E+00  0.398752104100129E+00 
 0.335597738039796E+00  0.288870211112542E+00  0.391725298951542E+00 
 0.315614172138893E+00  0.310579353774065E+00  0.387960374200654E+00 
 0.360451978564732E+00  0.257189058465562E+00  0.368385513998394E+00 
 0.342346176989635E+00  0.280839697596713E+00  0.357697756551864E+00 
 0.319055838492125E+00  0.307042688513700E+00  0.359251048873421E+00 
 0.441482228157262E+00  0.341362397889678E-01  0.358760441529704E+00 
 0.437980790814401E+00  0.651511129853680E-01  0.352613495343539E+00 
 0.432061205343884E+00  0.969275785441352E-01  0.350974847449388E+00 
 0.423376764091528E+00  0.129707194376495E+00  0.347595913342414E+00 
 0.412852611475580E+00  0.160076737358770E+00  0.343175631011753E+00 
 0.401323287906254E+00  0.187113492912054E+00  0.342496210683031E+00 
 0.388659916682996E+00  0.212168116854541E+00  0.342273937969065E+00 
 0.374017554172951E+00  0.237028921897978E+00  0.339829114544021E+00 
 0.356995738271575E+00  0.261965424248250E+00  0.335862331296375E+00 
 0.337584783852026E+00  0.286545553720892E+00  0.330509299047867E+00 
 0.315732145325116E+00  0.310459422556370E+00  0.325541387219566E+00 
 0.422599185132917E+00  0.132218642296121E+00  0.278377003165954E+00 
 0.411579850999950E+00  0.163321360808970E+00  0.282420393258153E+00 
 0.397519629859163E+00  0.195064052357859E+00  0.296194979071431E+00 
 0.383713770036823E+00  0.220987744750164E+00  0.289608303312515E+00 
 0.440964275268935E+00  0.402783885250581E-01  0.300160869039301E+00 
 0.436838692558708E+00  0.724140685864246E-01  0.292118298070875E+00 
 0.430161509120115E+00  0.105037691887927E+00  0.287634774267628E+00 
 0.441356838216156E+00  0.357208903230152E-01  0.327959423709819E+00 
 0.437343996240131E+00  0.692969667326988E-01  0.323511890758162E+00 
 0.430774556070101E+00  0.102494499795089E+00  0.319082184456063E+00 
 0.420692255845245E+00  0.138166083093767E+00  0.311254228365908E+00 
 0.407626047267688E+00  0.172953306515243E+00  0.315935058332353E+00 
 0.396478696819071E+00  0.197171203816092E+00  0.322168781909128E+00 
 0.385262953519665E+00  0.218275736835177E+00  0.316396074011266E+00 
 0.370742251097609E+00  0.242119854404200E+00  0.311898834306465E+00 
 0.353850748020459E+00  0.266198213312925E+00  0.306927055923967E+00 
 0.334929533626294E+00  0.289644692943795E+00  0.301483670822764E+00 
 0.330086263165949E+00  0.295152332727987E+00  0.285038763717855E-01 
 0.314735531125333E+00  0.311469719383586E+00  0.588676477395901E-01 
 0.314410118306956E+00  0.311798201008025E+00  0.295336620525176E+00 
 0.351742292435938E+00  0.268978066684893E+00  0.278395490749377E+00 
 0.333303524519032E+00  0.291514324157190E+00  0.272753239617525E+00 
 0.313544387512095E+00  0.312668766756931E+00  0.267185156252641E+00 
 0.421612770524170E+00  0.135331121241821E+00  0.213887282062579E+00 
 0.409096390031134E+00  0.169446110339333E+00  0.225685156967828E+00 
 0.395232078615805E+00  0.199658319833323E+00  0.225705690431772E+00 
 0.382007830500393E+00  0.223923777393152E+00  0.238506794459170E+00 
 0.440917001886262E+00  0.407926230250407E-01  0.237135204591811E+00 
 0.437500374810781E+00  0.683027282476059E-01  0.225811403633993E+00 
 0.430691672711688E+00  0.102842227233985E+00  0.229323568935404E+00 
 0.441220793747631E+00  0.373637767141146E-01  0.265922112732344E+00 
 0.436089957460165E+00  0.767944636548265E-01  0.257771155494324E+00 
 0.428615846607731E+00  0.111176871166510E+00  0.259897293389103E+00 
 0.420139525162156E+00  0.139837834802148E+00  0.248325424677297E+00 
 0.409915074413890E+00  0.167455881992511E+00  0.254144327315011E+00 
 0.396566456791176E+00  0.196994634428779E+00  0.259986263287911E+00 
 0.380112190723404E+00  0.227126755599356E+00  0.265290826649546E+00 
 0.366803332910014E+00  0.248046680307837E+00  0.256330850306114E+00 
 0.350324194814752E+00  0.270822449536643E+00  0.249930610113611E+00 
 0.331999589361981E+00  0.292998486871705E+00  0.244481749659362E+00 
 0.312762381306949E+00  0.313451006514322E+00  0.238907884449259E+00 
 0.348769095882598E+00  0.272822210244816E+00  0.222179723397892E+00 
 0.330534556473451E+00  0.294650212323921E+00  0.216779880357540E+00 
 0.312247283854451E+00  0.313964129115339E+00  0.210004756898306E+00 
 0.441524117990713E+00  0.335900860099086E-01  0.174813744589455E+00 
 0.438443917969985E+00  0.619578198516443E-01  0.174189258576169E+00 
 0.431917527011139E+00  0.975658265286635E-01  0.168210861160982E+00 
 0.310554895096050E+00  0.315638238775844E+00  0.271514820434024E-01 
 0.441074070388134E+00  0.390577146909048E-01  0.201868877946123E+00 
 0.435543159566034E+00  0.798373145895872E-01  0.199719369964892E+00 
 0.429210400104216E+00  0.108858959612963E+00  0.199301128453183E+00 
 0.423293981090778E+00  0.129977098821118E+00  0.182814679749013E+00 
 0.413236714721373E+00  0.159082551689117E+00  0.192406115449274E+00 
 0.400832473864069E+00  0.188162611965412E+00  0.198739448649790E+00 
 0.383737154498137E+00  0.220947135992545E+00  0.205253198143821E+00 
 0.363768929168107E+00  0.252475754910291E+00  0.193371989447070E+00 
 0.344980703982523E+00  0.277597108279885E+00  0.197977219687099E+00 
 0.330128484453774E+00  0.295105107373436E+00  0.188411062587293E+00 
 0.312709692308626E+00  0.313503570923649E+00  0.179542076858192E+00 
 0.467689818943046E+00  0.000000000000000E+00  0.974550060876012E+00 
 0.473329711627709E+00  0.000000000000000E+00  0.943390397743274E+00 
 0.471482939672815E+00  0.000000000000000E+00  0.909973310437565E+00 
 0.471317329499236E+00  0.000000000000000E+00  0.879299728412606E+00 
 0.471431806222033E+00  0.000000000000000E+00  0.849391084593918E+00 
 0.471378207755620E+00  0.000000000000000E+00  0.818797249197756E+00 
 0.471396879308738E+00  0.000000000000000E+00  0.786465228419062E+00 
 0.471378251454596E+00  0.000000000000000E+00  0.753726844438604E+00 
 0.471209826972693E+00  0.000000000000000E+00  0.721488228918743E+00 
 0.471263814459853E+00  0.000000000000000E+00  0.690879383177774E+00 
 0.471182785516199E+00  0.000000000000000E+00  0.660611644554910E+00 
 0.471249249598243E+00  0.000000000000000E+00  0.630840775388287E+00 
 0.471152952407243E+00  0.000000000000000E+00  0.600585610320545E+00 
 0.471231750462374E+00  0.000000000000000E+00  0.570453914110049E+00 
 0.471185300096468E+00  0.000000000000000E+00  0.539873581281627E+00 
 0.471076655182739E+00  0.000000000000000E+00  0.508467362534172E+00 
 0.471177379311520E+00  0.000000000000000E+00  0.477595742639533E+00 
 0.471173040557253E+00  0.000000000000000E+00  0.447393857976726E+00 
 0.471291271928551E+00  0.000000000000000E+00  0.418320066054766E+00 
 0.471311134613468E+00  0.000000000000000E+00  0.389909180973113E+00 
 0.471262509120338E+00  0.000000000000000E+00  0.361236794586429E+00 
 0.471206855120713E+00  0.000000000000000E+00  0.332022177747219E+00 
 0.471135610993520E+00  0.000000000000000E+00  0.302273700615256E+00 
 0.471019360339104E+00  0.000000000000000E+00  0.272095333973773E+00 
 0.470858991433519E+00  0.000000000000000E+00  0.275912278375052E-01 
 0.471217614863644E+00  0.000000000000000E+00  0.242315537630601E+00 
 0.471076406554886E+00  0.000000000000000E+00  0.211853572072424E+00 
 0.471101257377904E+00  0.000000000000000E+00  0.182261533554086E+00 
 0.471111290330681E+00  0.000000000000000E+00  0.152925655513400E+00 
 0.471353241415863E+00  0.000000000000000E+00  0.122968572284552E+00 
 0.471264038090064E+00  0.000000000000000E+00  0.917749882727412E-01 
 0.471184662962066E+00  0.000000000000000E+00  0.601842769412696E-01 
