 0.500000000000000E+00 -0.462592926927149E-17  0.000000000000000E+00 
 0.303795698834983E+00  0.397124883845578E+00  0.000000000000000E+00 
 0.323344166608893E+00  0.381377175405137E+00  0.000000000000000E+00 
 0.345657911069004E+00  0.361276360305255E+00  0.000000000000000E+00 
 0.367412588137596E+00  0.339128279678993E+00  0.000000000000000E+00 
 0.386003339664349E+00  0.317807208489627E+00  0.000000000000000E+00 
 0.403235939040548E+00  0.295636224888101E+00  0.000000000000000E+00 
 0.422268460188073E+00  0.267748664852682E+00  0.000000000000000E+00 
 0.440333905915371E+00  0.236867159609164E+00  0.000000000000000E+00 
 0.455967874369516E+00  0.205166511748251E+00  0.000000000000000E+00 
 0.468607319339641E+00  0.174376547337410E+00  0.000000000000000E+00 
 0.478541078103785E+00  0.144908373006072E+00  0.000000000000000E+00 
 0.485739013619705E+00  0.118564795144918E+00  0.000000000000000E+00 
 0.491438185106296E+00  0.921331114172874E-01  0.000000000000000E+00 
 0.495932033442166E+00  0.636507518095292E-01  0.000000000000000E+00 
 0.498440916143667E+00  0.394544435249215E-01  0.000000000000000E+00 
 0.499682721117968E+00  0.178094979194658E-01  0.000000000000000E+00 
 0.287600000714883E+00  0.409006405315124E+00  0.000000000000000E+00 
 0.287600000714883E+00  0.353198687441794E+00  0.000000000000000E+00 
 0.287600000714883E+00  0.381820279903910E+00  0.000000000000000E+00 
 0.287600000714883E+00  0.329818132028041E+00  0.000000000000000E+00 
 0.436971667685773E+00  0.234418912541528E-01  0.000000000000000E+00 
 0.434338002445205E+00  0.533316065534811E-01  0.000000000000000E+00 
 0.429259381177840E+00  0.850302551830043E-01  0.000000000000000E+00 
 0.421714842375458E+00  0.116834722347030E+00  0.000000000000000E+00 
 0.411868209733709E+00  0.147845657482432E+00  0.000000000000000E+00 
 0.399759084693109E+00  0.178006839281504E+00  0.000000000000000E+00 
 0.385701757675841E+00  0.206707316637391E+00  0.000000000000000E+00 
 0.370405592921632E+00  0.233009564949676E+00  0.000000000000000E+00 
 0.353369886832867E+00  0.258115252756183E+00  0.000000000000000E+00 
 0.334889389094465E+00  0.281678642601098E+00  0.000000000000000E+00 
 0.317216795312382E+00  0.301441976833694E+00  0.000000000000000E+00 
 0.300635332265821E+00  0.317981379359052E+00  0.000000000000000E+00 
 0.437600000714900E+00 -0.693889390390723E-17  0.000000000000000E+00 
 0.478402704650632E+00  0.000000000000000E+00  0.000000000000000E+00 
 0.453675945290829E+00  0.000000000000000E+00  0.000000000000000E+00 
 0.318181465157412E+00  0.321924262299440E+00  0.000000000000000E+00 
 0.313325113110382E+00  0.346968833006750E+00  0.000000000000000E+00 
 0.340569055032111E+00  0.321202796908129E+00  0.000000000000000E+00 
 0.366331905184287E+00  0.295893911752111E+00  0.000000000000000E+00 
 0.386634350079835E+00  0.264343382304741E+00  0.000000000000000E+00 
 0.404281158159327E+00  0.235916568347417E+00  0.000000000000000E+00 
 0.419862217219177E+00  0.206620693837410E+00  0.000000000000000E+00 
 0.433411287047104E+00  0.176418254410285E+00  0.000000000000000E+00 
 0.445159076360382E+00  0.145391889625306E+00  0.000000000000000E+00 
 0.457792308270577E+00  0.111050437875094E+00  0.000000000000000E+00 
 0.463100474768229E+00  0.739510201389019E-01  0.000000000000000E+00 
 0.471082961829222E+00  0.380666766718741E-01  0.000000000000000E+00 
 0.287600000714883E+00  0.409006405315124E+00  0.100000000000000E+01 
 0.499520343491492E+00  0.218958086889299E-01  0.100000000000000E+01 
 0.497455455132067E+00  0.503792631878202E-01  0.100000000000000E+01 
 0.493347587836772E+00  0.812905749496115E-01  0.100000000000000E+01 
 0.486713690361043E+00  0.114497963366757E+00  0.100000000000000E+01 
 0.477810234690735E+00  0.147300304225022E+00  0.100000000000000E+01 
 0.468170768494843E+00  0.175545240684411E+00  0.100000000000000E+01 
 0.456197647667736E+00  0.204655090976072E+00  0.100000000000000E+01 
 0.441586416570657E+00  0.234523851026471E+00  0.100000000000000E+01 
 0.427098693317140E+00  0.259974433679143E+00  0.100000000000000E+01 
 0.412438321091565E+00  0.282656383786341E+00  0.100000000000000E+01 
 0.394166915967850E+00  0.307623865063154E+00  0.100000000000000E+01 
 0.373043997231445E+00  0.332923679136203E+00  0.100000000000000E+01 
 0.351630151970913E+00  0.355466223746944E+00  0.100000000000000E+01 
 0.332953980136252E+00  0.373016952847224E+00  0.100000000000000E+01 
 0.315260944543269E+00  0.388085733885808E+00  0.100000000000000E+01 
 0.300236276519958E+00  0.399822683525374E+00  0.100000000000000E+01 
 0.500000000000000E+00 -0.462592926927149E-17  0.100000000000000E+01 
 0.456000640875633E+00  0.000000000000000E+00  0.100000000000000E+01 
 0.479231795126227E+00  0.000000000000000E+00  0.100000000000000E+01 
 0.437600000714900E+00  0.115648231731787E-16  0.100000000000000E+01 
 0.302746215925115E+00  0.315972292090127E+00  0.100000000000000E+01 
 0.321140457928392E+00  0.297258417723040E+00  0.100000000000000E+01 
 0.341914136452136E+00  0.273108923178740E+00  0.100000000000000E+01 
 0.362654378676319E+00  0.244899085854878E+00  0.100000000000000E+01 
 0.381046831473747E+00  0.215167545994934E+00  0.100000000000000E+01 
 0.395020197411397E+00  0.188289150677157E+00  0.100000000000000E+01 
 0.406657238529988E+00  0.161628125574812E+00  0.100000000000000E+01 
 0.417344301869039E+00  0.131595951013351E+00  0.100000000000000E+01 
 0.425056555142884E+00  0.104022524271098E+00  0.100000000000000E+01 
 0.430924366349985E+00  0.761442782586645E-01  0.100000000000000E+01 
 0.435026561638858E+00  0.473883033494266E-01  0.100000000000000E+01 
 0.437124204366011E+00  0.204007495705117E-01  0.100000000000000E+01 
 0.287600000714883E+00  0.329818132028041E+00  0.100000000000000E+01 
 0.287600000714883E+00  0.384275730011173E+00  0.100000000000000E+01 
 0.287600000714883E+00  0.354887955417484E+00  0.100000000000000E+01 
 0.466813499949945E+00  0.295637916069083E-01  0.100000000000000E+01 
 0.463598628964974E+00  0.631947205934382E-01  0.100000000000000E+01 
 0.458352430383496E+00  0.943715867864534E-01  0.100000000000000E+01 
 0.451043407997656E+00  0.124641385786713E+00  0.100000000000000E+01 
 0.441666995761638E+00  0.154009234318230E+00  0.100000000000000E+01 
 0.430660395259116E+00  0.183088145869306E+00  0.100000000000000E+01 
 0.417420039316438E+00  0.212383449757114E+00  0.100000000000000E+01 
 0.401653668432646E+00  0.245781092699860E+00  0.100000000000000E+01 
 0.378523060039506E+00  0.275564984182237E+00  0.100000000000000E+01 
 0.357653774484262E+00  0.301931258172082E+00  0.100000000000000E+01 
 0.336418148180223E+00  0.326153860374554E+00  0.100000000000000E+01 
 0.313791302067082E+00  0.352565057217862E+00  0.100000000000000E+01 
 0.500000000000000E+00 -0.138777878078145E-16  0.974529568204516E+00 
 0.500000000000000E+00 -0.138777878078145E-16  0.944899418870907E+00 
 0.500000000000000E+00 -0.138777878078145E-16  0.919393738024322E+00 
 0.500000000000000E+00 -0.138777878078145E-16  0.890696303718671E+00 
 0.500000000000000E+00 -0.138777878078145E-16  0.860440312574025E+00 
 0.500000000000000E+00 -0.138777878078145E-16  0.828951863567350E+00 
 0.500000000000000E+00 -0.138777878078145E-16  0.796619323404582E+00 
 0.500000000000000E+00 -0.138777878078145E-16  0.760785856878247E+00 
 0.500000000000000E+00 -0.138777878078145E-16  0.726910625379486E+00 
 0.500000000000000E+00 -0.138777878078145E-16  0.696061478053343E+00 
 0.500000000000000E+00 -0.138777878078145E-16  0.665804688168196E+00 
 0.500000000000000E+00 -0.138777878078145E-16  0.635881620335879E+00 
 0.500000000000000E+00 -0.138777878078145E-16  0.605887700046375E+00 
 0.500000000000000E+00 -0.138777878078145E-16  0.575869436039625E+00 
 0.500000000000000E+00 -0.138777878078145E-16  0.545704801448784E+00 
 0.500000000000000E+00 -0.138777878078145E-16  0.515308356924313E+00 
 0.500000000000000E+00 -0.138777878078145E-16  0.484959972842957E+00 
 0.500000000000000E+00 -0.138777878078145E-16  0.454801381765214E+00 
 0.500000000000000E+00 -0.138777878078145E-16  0.425017243243770E+00 
 0.500000000000000E+00 -0.138777878078145E-16  0.395455907033828E+00 
 0.500000000000000E+00 -0.138777878078145E-16  0.365918515203761E+00 
 0.500000000000000E+00 -0.138777878078145E-16  0.336190234624795E+00 
 0.500000000000000E+00 -0.138777878078145E-16  0.306445002396818E+00 
 0.500000000000000E+00 -0.138777878078145E-16  0.277135080685251E+00 
 0.500000000000000E+00 -0.138777878078145E-16  0.249427851874271E+00 
 0.500000000000000E+00 -0.138777878078145E-16  0.218523666394182E+00 
 0.500000000000000E+00 -0.138777878078145E-16  0.189066536049904E+00 
 0.500000000000000E+00 -0.138777878078145E-16  0.162765511866620E+00 
 0.500000000000000E+00 -0.138777878078145E-16  0.134013702804348E+00 
 0.500000000000000E+00 -0.138777878078145E-16  0.101691281494704E+00 
 0.500000000000000E+00 -0.138777878078145E-16  0.690457263339745E-01 
 0.500000000000000E+00 -0.138777878078145E-16  0.403493223037245E-01 
 0.500000000000000E+00 -0.138777878078145E-16  0.173079005204367E-01 
 0.287600000714883E+00  0.409006405315124E+00  0.251187701777032E-01 
 0.287600000714883E+00  0.409006405315124E+00  0.524794484051258E-01 
 0.287600000714883E+00  0.409006405315124E+00  0.778373831241297E-01 
 0.287600000714883E+00  0.409006405315124E+00  0.112099114787317E+00 
 0.287600000714883E+00  0.409006405315124E+00  0.144072546816790E+00 
 0.287600000714883E+00  0.409006405315124E+00  0.176587688530320E+00 
 0.287600000714883E+00  0.409006405315124E+00  0.208120691299899E+00 
 0.287600000714883E+00  0.409006405315124E+00  0.239633663484964E+00 
 0.287600000714883E+00  0.409006405315124E+00  0.276170936830093E+00 
 0.287600000714883E+00  0.409006405315124E+00  0.305364898853959E+00 
 0.287600000714883E+00  0.409006405315124E+00  0.333870609501356E+00 
 0.287600000714883E+00  0.409006405315124E+00  0.366960020907767E+00 
 0.287600000714883E+00  0.409006405315124E+00  0.400210355524784E+00 
 0.287600000714883E+00  0.409006405315124E+00  0.426432727734677E+00 
 0.287600000714883E+00  0.409006405315124E+00  0.454851113810224E+00 
 0.287600000714883E+00  0.409006405315124E+00  0.486772318173692E+00 
 0.287600000714883E+00  0.409006405315124E+00  0.516027131476665E+00 
 0.287600000714883E+00  0.409006405315124E+00  0.545539400027511E+00 
 0.287600000714883E+00  0.409006405315124E+00  0.575337034043336E+00 
 0.287600000714883E+00  0.409006405315124E+00  0.605278067252073E+00 
 0.287600000714883E+00  0.409006405315124E+00  0.635284919752724E+00 
 0.287600000714883E+00  0.409006405315124E+00  0.665365406306366E+00 
 0.287600000714883E+00  0.409006405315124E+00  0.695355364112637E+00 
 0.287600000714883E+00  0.409006405315124E+00  0.724880815004443E+00 
 0.287600000714883E+00  0.409006405315124E+00  0.751625074342325E+00 
 0.287600000714883E+00  0.409006405315124E+00  0.779952997261727E+00 
 0.287600000714883E+00  0.409006405315124E+00  0.805300282092231E+00 
 0.287600000714883E+00  0.409006405315124E+00  0.833932725302936E+00 
 0.287600000714883E+00  0.409006405315124E+00  0.871039133031611E+00 
 0.287600000714883E+00  0.409006405315124E+00  0.902567969424991E+00 
 0.287600000714883E+00  0.409006405315124E+00  0.932791706938621E+00 
 0.287600000714883E+00  0.409006405315124E+00  0.957715118545473E+00 
 0.287600000714883E+00  0.409006405315124E+00  0.981194599687904E+00 
 0.450790820032660E+00  0.216304499662587E+00  0.877334630028665E+00 
 0.442140973039118E+00  0.233476679692046E+00  0.854464746417890E+00 
 0.446266960194315E+00  0.225490133351607E+00  0.135036533539964E+00 
 0.427338280648332E+00  0.259580418931259E+00  0.905619906635703E+00 
 0.443225946707513E+00  0.231410371775400E+00  0.906165371522739E+00 
 0.435399519073358E+00  0.245819565516435E+00  0.879040065921763E+00 
 0.459050263323369E+00  0.198173801857727E+00  0.906743267295470E+00 
 0.463981196004230E+00  0.186336925365007E+00  0.872989637656021E+00 
 0.439372993975432E+00  0.238644866203036E+00  0.826001786549009E+00 
 0.455198871951335E+00  0.206867075616765E+00  0.840886861933769E+00 
 0.448267291122112E+00  0.221486874803099E+00  0.800203249753133E+00 
 0.449595401626913E+00  0.218778369213994E+00  0.206654995797392E+00 
 0.438932274928940E+00  0.239454500951028E+00  0.189285918495382E+00 
 0.452747106772622E+00  0.212179304619984E+00  0.180413018982459E+00 
 0.313232139052400E+00  0.389725065994808E+00  0.177320985367709E-01 
 0.427851621547436E+00  0.258733434134882E+00  0.165916560668477E+00 
 0.442737710892703E+00  0.232343106963580E+00  0.159822617133340E+00 
 0.455614074453136E+00  0.205951001843187E+00  0.151657326104154E+00 
 0.424020041626798E+00  0.264966043671276E+00  0.111513661547044E+00 
 0.432870367326973E+00  0.250246368785267E+00  0.136995771620277E+00 
 0.441039456799948E+00  0.235550838558488E+00  0.111606193473436E+00 
 0.456592555611402E+00  0.203772515713598E+00  0.119207275685964E+00 
 0.479791878967932E+00  0.140711594676561E+00  0.775175026835494E+00 
 0.440518418671918E+00  0.236523831380249E+00  0.960967326179172E+00 
 0.433752398857808E+00  0.248714407473908E+00  0.932824679589087E+00 
 0.448623572239912E+00  0.220764332333601E+00  0.934766010209032E+00 
 0.459796965992480E+00  0.196435103950668E+00  0.937166617852716E+00 
 0.468901638951348E+00  0.173583561977336E+00  0.926392814121521E+00 
 0.484335821940305E+00  0.124172507365394E+00  0.806341723982049E+00 
 0.485276200308833E+00  0.120445047278092E+00  0.844165633052249E+00 
 0.481078765677951E+00  0.136246912676137E+00  0.873785205481934E+00 
 0.486627688005212E+00  0.114862932518296E+00  0.779811731204528E+00 
 0.490591654353882E+00  0.965392597771573E-01  0.825538455842955E+00 
 0.492554140584184E+00  0.859675438370564E-01  0.795305170582310E+00 
 0.327903713670636E+00  0.377464110295278E+00  0.774916411905729E+00 
 0.332511455145058E+00  0.373411478395237E+00  0.203427823155373E-01 
 0.317952382905400E+00  0.385883767739429E+00  0.391521374196828E-01 
 0.304761438739302E+00  0.396384239668470E+00  0.569661807400890E-01 
 0.344339352924955E+00  0.362533322643896E+00  0.765428741761228E+00 
 0.349721673543374E+00  0.357344023392055E+00  0.794553946045067E+00 
 0.363149338242648E+00  0.343689624710911E+00  0.768798076665668E+00 
 0.365284675407524E+00  0.341419252404459E+00  0.822951132011860E+00 
 0.375548743368819E+00  0.330095654854924E+00  0.797432015270177E+00 
 0.383705057748043E+00  0.320578272280844E+00  0.769753918722830E+00 
 0.374726929787890E+00  0.331028288959934E+00  0.846836440390519E+00 
 0.388796967026379E+00  0.314383394012929E+00  0.862846250838135E+00 
 0.389553915266419E+00  0.313444966621900E+00  0.829420763768116E+00 
 0.397019821066807E+00  0.303932988798651E+00  0.798481433168429E+00 
 0.403042276618758E+00  0.295900191378729E+00  0.769456823909125E+00 
 0.401860388078850E+00  0.297503325179931E+00  0.883342634422576E+00 
 0.406854520643796E+00  0.290636197043154E+00  0.854716162363188E+00 
 0.410448967914839E+00  0.285537466434168E+00  0.825111877940319E+00 
 0.415483902515979E+00  0.278160253720931E+00  0.796211786181409E+00 
 0.420574373885461E+00  0.270401915730737E+00  0.768473804751903E+00 
 0.412506653683689E+00  0.282556650367117E+00  0.902762230267784E+00 
 0.419145526142412E+00  0.272611496299773E+00  0.878478472338037E+00 
 0.426225443308541E+00  0.261403656203270E+00  0.848827580095241E+00 
 0.425418947030765E+00  0.262714140287948E+00  0.818981892656461E+00 
 0.431994448571583E+00  0.251755429739527E+00  0.795893113284905E+00 
 0.436281075883065E+00  0.244251556446045E+00  0.767875766046079E+00 
 0.473352271038005E+00  0.161051629930164E+00  0.896681914175685E+00 
 0.473495127628662E+00  0.160631143032467E+00  0.868238952152531E+00 
 0.353570487995431E+00  0.353536292364267E+00  0.213323530363518E-01 
 0.339604472936613E+00  0.366972481204579E+00  0.420062001703869E-01 
 0.325402823276465E+00  0.379622184024729E+00  0.618472729563247E-01 
 0.310193373951455E+00  0.392148021487567E+00  0.823406880356625E-01 
 0.469161824783302E+00  0.172879096960859E+00  0.844156865761975E+00 
 0.464738307646370E+00  0.184440519967786E+00  0.812432383458524E+00 
 0.458068096034724E+00  0.200433578511993E+00  0.785786907772629E+00 
 0.449634324912459E+00  0.218698362729393E+00  0.765520297858754E+00 
 0.466681560570424E+00  0.179466768577231E+00  0.784532463717922E+00 
 0.461098357424814E+00  0.193360556422810E+00  0.762090916758171E+00 
 0.477908369772517E+00  0.146981597832431E+00  0.850129318572722E+00 
 0.476919766383900E+00  0.150158371169663E+00  0.824146290560339E+00 
 0.474724236844242E+00  0.156961456901532E+00  0.795305165461334E+00 
 0.471386729695065E+00  0.166716978941533E+00  0.764985107512479E+00 
 0.332840693370846E+00  0.373118041424445E+00  0.222628845123609E+00 
 0.353550181787188E+00  0.353556599370237E+00  0.204634768816022E+00 
 0.361158901418682E+00  0.345780635556780E+00  0.177681104386297E+00 
 0.375845161432533E+00  0.329758115332668E+00  0.220457974468418E+00 
 0.381192987262515E+00  0.323561287025936E+00  0.191386105395459E+00 
 0.375686435001461E+00  0.329938937617089E+00  0.159760271413842E+00 
 0.401574003874322E+00  0.297889777287415E+00  0.225772202205822E+00 
 0.402712632986801E+00  0.296348671724437E+00  0.191823385122201E+00 
 0.396026918402556E+00  0.305225621304266E+00  0.165008425641004E+00 
 0.390385081678146E+00  0.312409167604197E+00  0.137371880479474E+00 
 0.423522376128464E+00  0.265760788903291E+00  0.233627454713553E+00 
 0.439123304718885E+00  0.239104000913337E+00  0.225758332418602E+00 
 0.421731365193840E+00  0.268593848797288E+00  0.199899139564948E+00 
 0.412822904599113E+00  0.282094398098139E+00  0.172011588184409E+00 
 0.413249225414149E+00  0.281469496916817E+00  0.141934653685753E+00 
 0.404035975804866E+00  0.294541898981130E+00  0.112901449830518E+00 
 0.496897804285601E+00  0.556108990769662E-01  0.227620043058716E+00 
 0.493388451807730E+00  0.810421842176725E-01  0.236468730860386E+00 
 0.493402829837492E+00  0.809546015267496E-01  0.206772000378536E+00 
 0.488204304995737E+00  0.107965534239541E+00  0.215545703150901E+00 
 0.488775954540260E+00  0.105347360020352E+00  0.184882501072390E+00 
 0.483253528803941E+00  0.128320017528595E+00  0.162075298574323E+00 
 0.481206968071345E+00  0.135793423550567E+00  0.222682442065072E+00 
 0.481929979231099E+00  0.133204711321758E+00  0.191356219663279E+00 
 0.474820111933967E+00  0.156671188490464E+00  0.167715177538218E+00 
 0.373802640481431E+00  0.332071657882919E+00  0.219519431259206E-01 
 0.360538799431012E+00  0.346427155553436E+00  0.432999786420376E-01 
 0.346845237478270E+00  0.360136614687597E+00  0.641750260015832E-01 
 0.332920533676104E+00  0.373046804378242E+00  0.843610161362597E-01 
 0.319696213333443E+00  0.384440282983272E+00  0.103134103283138E+00 
 0.476863358648975E+00  0.150337411105882E+00  0.139192197207969E+00 
 0.472719532373885E+00  0.162899489600842E+00  0.228911066439719E+00 
 0.473210267135887E+00  0.161468396527562E+00  0.198147370004363E+00 
 0.454098536973252E+00  0.209271399667399E+00  0.233056640071784E+00 
 0.464414144404090E+00  0.185255236032391E+00  0.237318771299120E+00 
 0.462118116561617E+00  0.190910571591895E+00  0.207401617479224E+00 
 0.464607145530069E+00  0.184770669540381E+00  0.174450013871256E+00 
 0.466842449451791E+00  0.179047835479381E+00  0.144181875690960E+00 
 0.469572891935710E+00  0.171759422329994E+00  0.116175367090318E+00 
 0.415377128838223E+00  0.278319673825108E+00  0.833797467196751E-01 
 0.434532832906247E+00  0.247348371990744E+00  0.858435651495495E-01 
 0.449500767020371E+00  0.218972739052372E+00  0.898313291613431E-01 
 0.462327960738587E+00  0.190401829611218E+00  0.928454584343891E-01 
 0.456590201482977E+00  0.203777790521281E+00  0.709323583129842E-01 
 0.428518342138717E+00  0.257627697367123E+00  0.613364046503451E-01 
 0.444611504526176E+00  0.228736988794926E+00  0.582365468708066E-01 
 0.303618826962393E+00  0.397260126257318E+00  0.977290939415189E+00 
 0.306815167838309E+00  0.394796723370839E+00  0.951935845284947E+00 
 0.321494883780516E+00  0.382937383527585E+00  0.975226592420749E+00 
 0.308017055004180E+00  0.393859738773275E+00  0.889481875316978E+00 
 0.310971923575222E+00  0.391530921828565E+00  0.922523129690322E+00 
 0.327750881468522E+00  0.377596821618783E+00  0.949405328462472E+00 
 0.341147596410516E+00  0.365538393966116E+00  0.974068006009561E+00 
 0.325331709929952E+00  0.379683129087999E+00  0.903424209654760E+00 
 0.335949958737598E+00  0.370320975944121E+00  0.924769549575506E+00 
 0.349428206618186E+00  0.357630994769187E+00  0.948048633448523E+00 
 0.362207625587483E+00  0.344681934493640E+00  0.973088142161322E+00 
 0.310972929392894E+00  0.391530122959654E+00  0.859591940715889E+00 
 0.328981401396722E+00  0.376525215005647E+00  0.879395699592027E+00 
 0.343995593438246E+00  0.362859520606900E+00  0.899962707085747E+00 
 0.357368420781799E+00  0.349696742661299E+00  0.922073405243532E+00 
 0.371019759518657E+00  0.335178069161331E+00  0.945653786606472E+00 
 0.383848975527417E+00  0.320405936253610E+00  0.971465008061046E+00 
 0.304920562030702E+00  0.396261846322455E+00  0.806996778284783E+00 
 0.318173431792621E+00  0.385701526184829E+00  0.830858538443089E+00 
 0.334681268468672E+00  0.371467964347130E+00  0.853007640354151E+00 
 0.349989484017659E+00  0.357081728847967E+00  0.874696888185580E+00 
 0.364247787568075E+00  0.342525253451132E+00  0.896157673986739E+00 
 0.378107667856303E+00  0.327161415066428E+00  0.918102614170744E+00 
 0.392451028638224E+00  0.309809925794510E+00  0.941668285170683E+00 
 0.406191142223434E+00  0.291562610736052E+00  0.968579280696760E+00 
 0.420354565952120E+00  0.270743492780907E+00  0.980773823993556E+00 
 0.310584955276745E+00  0.391837958288554E+00  0.783468389543344E+00 
 0.326180029686401E+00  0.378954599172221E+00  0.803029696513453E+00 
 0.342219697791242E+00  0.364534879598196E+00  0.825460072680630E+00 
 0.356373483148984E+00  0.350710622177687E+00  0.848994962866683E+00 
 0.370036457204709E+00  0.336263319943445E+00  0.870723287234244E+00 
 0.383882920668120E+00  0.320365265313383E+00  0.890691699320492E+00 
 0.397356599521293E+00  0.303492558091421E+00  0.912022284044091E+00 
 0.414116086255181E+00  0.280192553621062E+00  0.932130884562517E+00 
 0.424815476625049E+00  0.263688852285857E+00  0.957423512702040E+00 
 0.431742564398960E+00  0.252187148931522E+00  0.979383227881874E+00 
 0.392436261104880E+00  0.309828631617581E+00  0.225553333083088E-01 
 0.380053359691623E+00  0.324899128633965E+00  0.441585834356530E-01 
 0.367361611692604E+00  0.339183499384349E+00  0.656484721508150E-01 
 0.354158163431395E+00  0.352947581483287E+00  0.868028676371376E-01 
 0.340041688842410E+00  0.366567387869136E+00  0.107269760149034E+00 
 0.323833985101914E+00  0.380961349867691E+00  0.126755275564059E+00 
 0.308407016899629E+00  0.393554458654799E+00  0.146320445862596E+00 
 0.498855901099607E+00  0.338051762027555E-01  0.976427269391802E+00 
 0.499583215913762E+00  0.204110356734617E-01  0.956033912668637E+00 
 0.496145627491342E+00  0.619638307500635E-01  0.973378925177869E+00 
 0.498069035701518E+00  0.439002924290957E-01  0.950718562749262E+00 
 0.499449717088823E+00  0.234516545236177E-01  0.932408622787359E+00 
 0.491903675624363E+00  0.896145853488245E-01  0.968925345987965E+00 
 0.495131619222301E+00  0.696037329911416E-01  0.944520759366005E+00 
 0.497615380578784E+00  0.487743068780272E-01  0.923188953918528E+00 
 0.499344785095212E+00  0.255887787558583E-01  0.905259226253516E+00 
 0.481451266707356E+00  0.134924711546410E+00  0.977281696588123E+00 
 0.486659089230604E+00  0.114729816827357E+00  0.960383206105595E+00 
 0.490842804198757E+00  0.952540894990917E-01  0.937585846720791E+00 
 0.494363429016656E+00  0.748652125549259E-01  0.915005883851007E+00 
 0.497225739633060E+00  0.525981353885903E-01  0.894158841559735E+00 
 0.499224070400626E+00  0.278447038524438E-01  0.875665377207995E+00 
 0.464030563649226E+00  0.186213952214600E+00  0.978592976719788E+00 
 0.473657003924344E+00  0.160153184899376E+00  0.972946728006443E+00 
 0.480423753500099E+00  0.138538864846208E+00  0.951847436044390E+00 
 0.485215817021477E+00  0.120688072783441E+00  0.930362185834390E+00 
 0.489598335217720E+00  0.101456740298697E+00  0.907550418187186E+00 
 0.493490103962201E+00  0.804208759674768E-01  0.885011345779776E+00 
 0.496689676842965E+00  0.574400985169012E-01  0.863426003343087E+00 
 0.499011494258497E+00  0.314249677470234E-01  0.843592409307893E+00 
 0.483860396244861E+00  0.126012368225369E+00  0.757727706003475E+00 
 0.489884034374034E+00  0.100068141111046E+00  0.759671385837382E+00 
 0.495707050958289E+00  0.653798105705143E-01  0.766033065128840E+00 
 0.498470644525176E+00  0.390770590840097E-01  0.752266303560707E+00 
 0.454374306061011E+00  0.208671967431120E+00  0.965663432536133E+00 
 0.499182573182068E+00  0.285789893335919E-01  0.778044184975887E+00 
 0.466249709706642E+00  0.180585736420328E+00  0.954373085572629E+00 
 0.473841673443860E+00  0.159605978922853E+00  0.945956249119348E+00 
 0.478039887042807E+00  0.146553288588486E+00  0.924685846180935E+00 
 0.483107518359381E+00  0.128868637397315E+00  0.901590772076875E+00 
 0.488040270878639E+00  0.108704618120414E+00  0.877544032685012E+00 
 0.492207342357426E+00  0.879314058197619E-01  0.854357592515421E+00 
 0.495704751112908E+00  0.653972455390092E-01  0.830738181532802E+00 
 0.498445937146938E+00  0.393909601521762E-01  0.806822552206730E+00 
 0.307239933864169E+00  0.394466250823997E+00  0.754333425135688E+00 
 0.328418801281601E+00  0.377016035421249E+00  0.745974373403430E+00 
 0.349009461525580E+00  0.358039656694094E+00  0.741653595053503E+00 
 0.369297851178666E+00  0.337074319868512E+00  0.741481226166718E+00 
 0.388955799569436E+00  0.314186864749786E+00  0.741283857528091E+00 
 0.407371958231606E+00  0.289910482126029E+00  0.740637682725097E+00 
 0.424154764787754E+00  0.264750326737939E+00  0.739738260865528E+00 
 0.439168455781232E+00  0.239021060676100E+00  0.738614218143870E+00 
 0.452468361052195E+00  0.212773076884132E+00  0.737093714968482E+00 
 0.464559014744767E+00  0.184891648863251E+00  0.736773800397709E+00 
 0.476219800951241E+00  0.152363713468662E+00  0.741035991840227E+00 
 0.484505495373256E+00  0.123508805164311E+00  0.733230999555361E+00 
 0.491060677317072E+00  0.941244452461652E-01  0.732296361097419E+00 
 0.495888378096312E+00  0.639899716284474E-01  0.730901419154465E+00 
 0.498903925014686E+00  0.330888743377620E-01  0.727265373250096E+00 
 0.309185794702638E+00  0.392942927604122E+00  0.721508543854724E+00 
 0.410691325514957E+00  0.285188771074121E+00  0.247495008896629E-01 
 0.397986860979666E+00  0.302665588542126E+00  0.453752646280554E-01 
 0.386299625452533E+00  0.317447002466919E+00  0.666291456140855E-01 
 0.374727628693599E+00  0.331027497790851E+00  0.884949400405067E-01 
 0.361460566159525E+00  0.345465279169464E+00  0.109979117719412E+00 
 0.346949016397853E+00  0.360036637053178E+00  0.130480035022276E+00 
 0.332371619388891E+00  0.373535950913437E+00  0.150411891134831E+00 
 0.319076243007746E+00  0.384954998860986E+00  0.169193923592775E+00 
 0.330778936823926E+00  0.374947056200783E+00  0.717247654230353E+00 
 0.352219572167935E+00  0.354882195921177E+00  0.714302996610246E+00 
 0.372760987313983E+00  0.333240523251156E+00  0.713193688881017E+00 
 0.392141664874153E+00  0.310201409844841E+00  0.712324390964262E+00 
 0.410097835394831E+00  0.286041544892476E+00  0.711432072099479E+00 
 0.426500078620036E+00  0.260955327474078E+00  0.710418319989903E+00 
 0.441298425862084E+00  0.235065308651972E+00  0.709359888395591E+00 
 0.454607630112150E+00  0.208163163513180E+00  0.708479753043739E+00 
 0.466532048978959E+00  0.179855072976810E+00  0.708222048820898E+00 
 0.476825659319800E+00  0.150456939402069E+00  0.707777157990054E+00 
 0.485093021767153E+00  0.121180692491886E+00  0.704941174030094E+00 
 0.491535671726878E+00  0.916115899873321E-01  0.703162265422848E+00 
 0.496188050428521E+00  0.616231986507007E-01  0.701290935860418E+00 
 0.499037810481326E+00  0.310042530954057E-01  0.698676618304866E+00 
 0.310116727424179E+00  0.392208637553685E+00  0.691351607969249E+00 
 0.332341184202346E+00  0.373563029866424E+00  0.687860872488132E+00 
 0.354013298828835E+00  0.353092883321550E+00  0.685518288846300E+00 
 0.374638604157945E+00  0.331128247473070E+00  0.684024118366774E+00 
 0.393861251530732E+00  0.308015120639629E+00  0.682933606566828E+00 
 0.411634696785228E+00  0.283825432973392E+00  0.681865104484819E+00 
 0.427876274360807E+00  0.258692662901589E+00  0.680805731265115E+00 
 0.442583332811596E+00  0.232637042444621E+00  0.679769893114736E+00 
 0.455766337207908E+00  0.205613827035265E+00  0.678870707652235E+00 
 0.467393101242605E+00  0.177605430409151E+00  0.678090303447721E+00 
 0.477317533441123E+00  0.148889127439454E+00  0.677041844787456E+00 
 0.485442518980013E+00  0.119772955070582E+00  0.675266141702983E+00 
 0.491781398192308E+00  0.902832010510215E-01  0.673638999511567E+00 
 0.496330767910286E+00  0.604629541586029E-01  0.671663974953141E+00 
 0.499081462040252E+00  0.302934687311374E-01  0.669194541496798E+00 
 0.310580013374531E+00  0.391841875368465E+00  0.661253877779501E+00 
 0.333068220590753E+00  0.372914950669063E+00  0.658148432456552E+00 
 0.354883215855078E+00  0.352218544520810E+00  0.655901345656432E+00 
 0.375492988114775E+00  0.330159076623129E+00  0.654419880497521E+00 
 0.394671659413148E+00  0.306976027168364E+00  0.653192095197671E+00 
 0.412367460821725E+00  0.282759751830848E+00  0.652079830429853E+00 
 0.428559608548522E+00  0.257559045503624E+00  0.650978119199649E+00 
 0.443212649491878E+00  0.231435838474489E+00  0.649908308196167E+00 
 0.456302467302663E+00  0.204421276616456E+00  0.648882822046090E+00 
 0.467778620303805E+00  0.176587548787192E+00  0.647881188204382E+00 
 0.477563716468648E+00  0.148097591852982E+00  0.646715395283128E+00 
 0.485607325902509E+00  0.119103001766600E+00  0.645356759251499E+00 
 0.491884825330167E+00  0.897179949057664E-01  0.643792560361008E+00 
 0.496387087243642E+00  0.599988301367051E-01  0.641924298830681E+00 
 0.499095889805817E+00  0.300548295443504E-01  0.639326256119198E+00 
 0.310758028810406E+00  0.391700711679046E+00  0.631255759592385E+00 
 0.333366521273271E+00  0.372648309393935E+00  0.628181781342204E+00 
 0.355206911587408E+00  0.351892099883665E+00  0.626057341194679E+00 
 0.375827431254607E+00  0.329778322387273E+00  0.624532229202007E+00 
 0.394980020844291E+00  0.306579162915296E+00  0.623304793576515E+00 
 0.412660148394778E+00  0.282332431588722E+00  0.622159466927807E+00 
 0.428834326410209E+00  0.257101381739388E+00  0.621044165570255E+00 
 0.443467354032692E+00  0.230947409397125E+00  0.619942213087061E+00 
 0.456515508316402E+00  0.203945067767321E+00  0.618858304940129E+00 
 0.467930447418775E+00  0.176184835835735E+00  0.617762416199092E+00 
 0.477661739249426E+00  0.147781131600800E+00  0.616621600115522E+00 
 0.485667210096140E+00  0.118858575784130E+00  0.615339429001516E+00 
 0.491921700252437E+00  0.895155898196051E-01  0.613887928826964E+00 
 0.496403887162309E+00  0.598596759943615E-01  0.611997857944317E+00 
 0.499100401246055E+00  0.299798178117657E-01  0.609413869235945E+00 
 0.310821280606726E+00  0.391650522177611E+00  0.601238447867531E+00 
 0.333454711914032E+00  0.372569396357685E+00  0.598209420524134E+00 
 0.355312522024446E+00  0.351785462594218E+00  0.596077829836790E+00 
 0.375926138792398E+00  0.329665797699183E+00  0.594576069321095E+00 
 0.395076859816239E+00  0.306454360121927E+00  0.593333657071399E+00 
 0.412751620758766E+00  0.282198688092294E+00  0.592187865519002E+00 
 0.428923423194297E+00  0.256952713617285E+00  0.591065527215253E+00 
 0.443549650711018E+00  0.230789313778029E+00  0.589950768056402E+00 
 0.456583770890567E+00  0.203792198475188E+00  0.588839911640040E+00 
 0.467978846185344E+00  0.176056239659473E+00  0.587726868628996E+00 
 0.477691151026587E+00  0.147686032619522E+00  0.586576381231840E+00 
 0.485684763506917E+00  0.118786827961815E+00  0.585348302578134E+00 
 0.449401329710346E+00  0.219176743416296E+00  0.265326189309746E-01 
 0.458821978749112E+00  0.198701766013163E+00  0.473534348490169E-01 
 0.466516154816062E+00  0.179896295947514E+00  0.684586430265750E-01 
 0.472933750433811E+00  0.162276516171038E+00  0.906220698316700E-01 
 0.479228485587964E+00  0.142618577335026E+00  0.112908510283258E+00 
 0.484943737579669E+00  0.121776727588899E+00  0.135127517838260E+00 
 0.489776167977295E+00  0.100594757723633E+00  0.157161742167059E+00 
 0.493842717296724E+00  0.782264058549838E-01  0.178617620864168E+00 
 0.497023181368858E+00  0.544789609113367E-01  0.199216117534443E+00 
 0.498999102864477E+00  0.316211217455505E-01  0.218861678324719E+00 
 0.499773411058057E+00  0.150511660476893E-01  0.234118976364335E+00 
 0.491930818214000E+00  0.894654687089095E-01  0.583906057396525E+00 
 0.496408551655946E+00  0.598209816272309E-01  0.582034864436586E+00 
 0.499101253598028E+00  0.299656245868046E-01  0.579432829267135E+00 
 0.310838870250227E+00  0.391636562059216E+00  0.571273903616945E+00 
 0.333480201278122E+00  0.372546581457277E+00  0.568213605470752E+00 
 0.355335516590754E+00  0.351762235962279E+00  0.566089483953941E+00 
 0.375950176325604E+00  0.329638385083939E+00  0.564581292469088E+00 
 0.395099176796240E+00  0.306425587206639E+00  0.563342086830856E+00 
 0.412773889819420E+00  0.282166113988455E+00  0.562195040014697E+00 
 0.428945346669785E+00  0.256916113878320E+00  0.561071571666299E+00 
 0.443570290824850E+00  0.230749641597897E+00  0.559952959643929E+00 
 0.456600659950346E+00  0.203754355371630E+00  0.558835350047397E+00 
 0.467990350328984E+00  0.176025657217789E+00  0.557713066542870E+00 
 0.477697970574144E+00  0.147663972956657E+00  0.556569449138611E+00 
 0.485688243473736E+00  0.118772598487181E+00  0.555345481607231E+00 
 0.491932932922344E+00  0.894538400876194E-01  0.553913864879339E+00 
 0.496409284586545E+00  0.598148992833287E-01  0.552038057724709E+00 
 0.499101910346295E+00  0.299546839188550E-01  0.549380387487601E+00 
 0.310850695469729E+00  0.391627176184168E+00  0.541356229239828E+00 
 0.333484735320891E+00  0.372542522818477E+00  0.538240006544684E+00 
 0.355339573488934E+00  0.351758137805939E+00  0.536087230953765E+00 
 0.375953172269979E+00  0.329634968199886E+00  0.534582187317455E+00 
 0.395102934662920E+00  0.306420741825269E+00  0.533342473450205E+00 
 0.412777676801767E+00  0.282160574025033E+00  0.532196319767799E+00 
 0.428949263321604E+00  0.256909574550762E+00  0.531073007868325E+00 
 0.443573999997833E+00  0.230742511310601E+00  0.529953515629453E+00 
 0.456603694417544E+00  0.203747555185946E+00  0.528834147824732E+00 
 0.467992324410913E+00  0.176020408738507E+00  0.527710941425072E+00 
 0.477698983952423E+00  0.147660694603617E+00  0.526566570933016E+00 
 0.485688867188861E+00  0.118770047944762E+00  0.525345615406370E+00 
 0.491933157352361E+00  0.894526058722584E-01  0.523912651501181E+00 
 0.430615826451538E+00  0.254106296674165E+00  0.309533933558022E-01 
 0.414599760237271E+00  0.279476365389272E+00  0.515247157843988E-01 
 0.402235796064790E+00  0.296995562869422E+00  0.672881491190699E-01 
 0.394544719908351E+00  0.307139160629902E+00  0.893368539241891E-01 
 0.382650450075952E+00  0.321836345145590E+00  0.112124705041267E+00 
 0.368800551955055E+00  0.337618353881489E+00  0.133983649932817E+00 
 0.354288481888339E+00  0.352816767743904E+00  0.154273603863289E+00 
 0.340621319016111E+00  0.366028847267159E+00  0.175599781596461E+00 
 0.324712684334041E+00  0.380212667638233E+00  0.194995265559954E+00 
 0.308044968689661E+00  0.393837907348932E+00  0.212955729055993E+00 
 0.496410068999863E+00  0.598083890064845E-01  0.522007785452774E+00 
 0.499102167687684E+00  0.299503958146614E-01  0.519281468275421E+00 
 0.310844906510999E+00  0.391631771050522E+00  0.511511939020282E+00 
 0.333480842739991E+00  0.372546007260077E+00  0.508243025554328E+00 
 0.355335519747028E+00  0.351762232773942E+00  0.506090025656407E+00 
 0.375953441591251E+00  0.329634661035052E+00  0.504575448916518E+00 
 0.395102803426513E+00  0.306420911043144E+00  0.503341966796476E+00 
 0.412778145373753E+00  0.282159888541594E+00  0.502195986698900E+00 
 0.428949714478007E+00  0.256908821275636E+00  0.501073113002274E+00 
 0.443574455503449E+00  0.230741635655161E+00  0.499953622668194E+00 
 0.456604043415522E+00  0.203746773070387E+00  0.498833968684676E+00 
 0.467992537924031E+00  0.176019841061808E+00  0.497710441334659E+00 
 0.477699113968785E+00  0.147660273985382E+00  0.496566206316175E+00 
 0.485688889198795E+00  0.118769957939039E+00  0.495344666662096E+00 
 0.491933442994337E+00  0.894510350065222E-01  0.493903115177837E+00 
 0.496410029165046E+00  0.598087196348352E-01  0.491976651650945E+00 
 0.499102359775078E+00  0.299471946423734E-01  0.489146223099864E+00 
 0.310790555549008E+00  0.391674904201864E+00  0.481517064900724E+00 
 0.333459942099980E+00  0.372564715203518E+00  0.478253957773222E+00 
 0.355336893562550E+00  0.351760844997445E+00  0.476066538109632E+00 
 0.375952456815198E+00  0.329635784184024E+00  0.474578699195027E+00 
 0.395103906343806E+00  0.306419488923053E+00  0.473338879337556E+00 
 0.412778392169375E+00  0.282159527498303E+00  0.472195804927285E+00 
 0.428950149659715E+00  0.256908094669880E+00  0.471072338248844E+00 
 0.443574771776869E+00  0.230741027654595E+00  0.469953054197713E+00 
 0.456604321199939E+00  0.203746150544110E+00  0.468833533307170E+00 
 0.467992735451108E+00  0.176019315886039E+00  0.467710013645747E+00 
 0.477699297711854E+00  0.147659679552683E+00  0.466565096139556E+00 
 0.485689101541455E+00  0.118769089597648E+00  0.465342548122726E+00 
 0.491933440715902E+00  0.894510475367060E-01  0.463896165300934E+00 
 0.496409974988384E+00  0.598091692972882E-01  0.461945645520196E+00 
 0.499101874030908E+00  0.299552889960278E-01  0.459078887436536E+00 
 0.310868177514279E+00  0.391613299325943E+00  0.451354980256059E+00 
 0.333505118233627E+00  0.372524275869338E+00  0.448226799396206E+00 
 0.355347561667893E+00  0.351750068111839E+00  0.446101719180460E+00 
 0.375962408573138E+00  0.329624433772566E+00  0.444576933237504E+00 
 0.395108656466928E+00  0.306413363913683E+00  0.443346104560587E+00 
 0.412782884889489E+00  0.282152954870778E+00  0.442194053713970E+00 
 0.428953514203158E+00  0.256902476929985E+00  0.441068820384596E+00 
 0.443578023904315E+00  0.230734775682261E+00  0.439948813895202E+00 
 0.456606815010228E+00  0.203740561710759E+00  0.438830395009698E+00 
 0.467994986992862E+00  0.176013329465558E+00  0.437705797618684E+00 
 0.477701123087003E+00  0.147653774084566E+00  0.436561726061800E+00 
 0.485690741362672E+00  0.118762383584105E+00  0.435336831330374E+00 
 0.491934423993978E+00  0.894456398585929E-01  0.433893201988931E+00 
 0.496409950270918E+00  0.598093744493698E-01  0.431946548321339E+00 
 0.499101452752716E+00  0.299623073231685E-01  0.429105351769579E+00 
 0.310921252099836E+00  0.391571162105523E+00  0.421885063114387E+00 
 0.333537950954650E+00  0.372494879525845E+00  0.418434390022740E+00 
 0.355392820752153E+00  0.351704340260151E+00  0.416146085866481E+00 
 0.376000565031584E+00  0.329580908269775E+00  0.414635948387788E+00 
 0.395140989642446E+00  0.306371666941295E+00  0.413366214502596E+00 
 0.412807541902710E+00  0.282116878878670E+00  0.412193772210636E+00 
 0.428976319042177E+00  0.256864395549529E+00  0.411053534093428E+00 
 0.443596871936819E+00  0.230698537507002E+00  0.409932109746745E+00 
 0.456624230622566E+00  0.203701526769806E+00  0.408813712539849E+00 
 0.468008813216772E+00  0.175976563074259E+00  0.407692392386003E+00 
 0.477713499717840E+00  0.147613726283612E+00  0.406539610060184E+00 
 0.485700376817970E+00  0.118722971487756E+00  0.405328312410890E+00 
 0.491941630611510E+00  0.894059957233820E-01  0.403896614027768E+00 
 0.496413317614262E+00  0.597814193140419E-01  0.401982550770797E+00 
 0.499102117083662E+00  0.299512390829961E-01  0.399240620020864E+00 
 0.310838185579674E+00  0.391637105475894E+00  0.392512142524249E+00 
 0.333634949692162E+00  0.372408002523991E+00  0.388533311300933E+00 
 0.355563829194823E+00  0.351531454308593E+00  0.386326872804100E+00 
 0.376166253947330E+00  0.329391787073134E+00  0.384783010854732E+00 
 0.395273123612467E+00  0.306201172025261E+00  0.383453048674356E+00 
 0.412918244468279E+00  0.281954825078832E+00  0.382199793061598E+00 
 0.429070073411725E+00  0.256707756217955E+00  0.381012337346643E+00 
 0.443686227322460E+00  0.230526639858310E+00  0.379877886804252E+00 
 0.456697958632202E+00  0.203536175116808E+00  0.378773184690294E+00 
 0.468074020533768E+00  0.175803046905773E+00  0.377640251385135E+00 
 0.477765990365483E+00  0.147443746731046E+00  0.376496174428910E+00 
 0.469958322671773E+00  0.170702006290299E+00  0.448741114093317E-01 
 0.476085516538309E+00  0.152782790072871E+00  0.666342305583309E-01 
 0.481739233506978E+00  0.133892908326427E+00  0.884623113975759E-01 
 0.486841982192986E+00  0.113951236827007E+00  0.110226742452614E+00 
 0.491111685025088E+00  0.938579396312298E-01  0.131739224145747E+00 
 0.494468293056052E+00  0.741694489816019E-01  0.152804852246355E+00 
 0.497316971111907E+00  0.517284278137128E-01  0.172353609857706E+00 
 0.499245342188212E+00  0.274606682980391E-01  0.192486726454400E+00 
 0.485744638468111E+00  0.118541748761711E+00  0.375285497047644E+00 
 0.491971856034554E+00  0.892395252672082E-01  0.373938292877122E+00 
 0.496430435552863E+00  0.596391034204416E-01  0.372080658624788E+00 
 0.499107196650420E+00  0.298664737081337E-01  0.369422411456938E+00 
 0.311129305586186E+00  0.391405870172456E+00  0.361666421334589E+00 
 0.334155861617726E+00  0.371940667508294E+00  0.358587592572438E+00 
 0.356154117446618E+00  0.350933390582630E+00  0.356733320609079E+00 
 0.376688132115152E+00  0.328794846558758E+00  0.355255326482782E+00 
 0.395690261092637E+00  0.305661932985513E+00  0.353717099961037E+00 
 0.413258551490455E+00  0.281455804026158E+00  0.352226766133059E+00 
 0.429390812352600E+00  0.256170900508185E+00  0.350914325175878E+00 
 0.443969326139283E+00  0.229980950183774E+00  0.349772738548786E+00 
 0.456955588131172E+00  0.202957114868375E+00  0.348690382325385E+00 
 0.468283562026329E+00  0.175244131245339E+00  0.347574928571341E+00 
 0.477944522975445E+00  0.146863994763095E+00  0.346367240927725E+00 
 0.485885087008539E+00  0.117964749915832E+00  0.345240577130969E+00 
 0.492073779463238E+00  0.886757890563439E-01  0.344084591256622E+00 
 0.496485316988151E+00  0.591804867771076E-01  0.342348217614681E+00 
 0.499123270351231E+00  0.295966382194221E-01  0.339691640074466E+00 
 0.311995006831747E+00  0.390716157475038E+00  0.330965722370192E+00 
 0.335561519556524E+00  0.370672991453271E+00  0.328955343925433E+00 
 0.357630111495279E+00  0.349429110624565E+00  0.328015476963782E+00 
 0.377948159842064E+00  0.327345671228440E+00  0.326477982758359E+00 
 0.396659431088167E+00  0.304403179564229E+00  0.324276709469550E+00 
 0.414102207838884E+00  0.280213064404502E+00  0.322260030988633E+00 
 0.430183165617796E+00  0.254838074115804E+00  0.320727364178159E+00 
 0.444733011236717E+00  0.228500653645285E+00  0.319610591926510E+00 
 0.457603182804628E+00  0.201492746983792E+00  0.318698230284376E+00 
 0.468834487298570E+00  0.173764851219936E+00  0.317539804480096E+00 
 0.478388622068493E+00  0.145410887747129E+00  0.316212744827366E+00 
 0.486254271512888E+00  0.116433600972705E+00  0.315089127244194E+00 
 0.492326333391292E+00  0.872627151164024E-01  0.314706508681359E+00 
 0.463171516194035E+00  0.188340507025225E+00  0.231100845762290E-01 
 0.496627488808651E+00  0.579753168133937E-01  0.313117999243794E+00 
 0.499160063233552E+00  0.289694886505879E-01  0.310108404349466E+00 
 0.313753260106307E+00  0.389305653404448E+00  0.300953768494985E+00 
 0.338747597485148E+00  0.367763599609912E+00  0.300396338721391E+00 
 0.360656112837525E+00  0.346305022015169E+00  0.300986115020416E+00 
 0.380163578964977E+00  0.324770154460874E+00  0.298684724262269E+00 
 0.398325759279116E+00  0.302219439306468E+00  0.294871985502260E+00 
 0.415691572031189E+00  0.277849810045353E+00  0.292093344691295E+00 
 0.431876752262096E+00  0.251957279822482E+00  0.290351917351004E+00 
 0.446304722977601E+00  0.225415381568977E+00  0.289543776303224E+00 
 0.458963780084961E+00  0.198374011831498E+00  0.289198753022955E+00 
 0.469927597789686E+00  0.170786571004909E+00  0.287926505274152E+00 
 0.479279991194469E+00  0.142445393188511E+00  0.285886207234346E+00 
 0.487018696174927E+00  0.113193593352603E+00  0.284747371898244E+00 
 0.492887581486392E+00  0.840347072137194E-01  0.286720454754043E+00 
 0.496895839670503E+00  0.556284506178731E-01  0.284839032734317E+00 
 0.499205925612282E+00  0.281681350746724E-01  0.280729139847436E+00 
 0.315545363734470E+00  0.387854513220719E+00  0.238973230278438E+00 
 0.334366249362755E+00  0.371751545103829E+00  0.249805191496043E+00 
 0.359968231189890E+00  0.347019988666391E+00  0.244890921878701E+00 
 0.384679848483605E+00  0.319407911878574E+00  0.244737568597860E+00 
 0.317768057319618E+00  0.386035570572604E+00  0.269815962547104E+00 
 0.345975036916067E+00  0.360972677402219E+00  0.274019050200735E+00 
 0.365573535229722E+00  0.341109938787545E+00  0.277256945794425E+00 
 0.382346269025883E+00  0.322197657598541E+00  0.270800708354513E+00 
 0.400435267852696E+00  0.299418764040832E+00  0.264378006335332E+00 
 0.418418657241587E+00  0.273725825000396E+00  0.261566003114200E+00 
 0.434854679634953E+00  0.246782105509258E+00  0.259709239548608E+00 
 0.449147408120880E+00  0.219696622136745E+00  0.259994824917642E+00 
 0.461251920853534E+00  0.192993952000899E+00  0.261313757807851E+00 
 0.471586543687147E+00  0.166150930822583E+00  0.258924278025762E+00 
 0.480521939216604E+00  0.138197923036182E+00  0.254960467442306E+00 
 0.488567280690019E+00  0.106310922482876E+00  0.252469473645639E+00 
 0.494058490626134E+00  0.768518564526986E-01  0.263266606194085E+00 
 0.497071791940676E+00  0.540336344963526E-01  0.256539307190419E+00 
 0.499197543444915E+00  0.283162959894421E-01  0.250320737450257E+00 
 0.499471781318947E+00  0.229769377001892E-01  0.207987250018283E-01 
 0.499183759817480E+00  0.285582551022379E-01  0.427632364726821E-01 
 0.497662055973561E+00  0.482957352585917E-01  0.213476804291721E-01 
 0.499503886676148E+00  0.222680757009155E-01  0.850957608127237E-01 
 0.473958102436071E+00  0.159259904355111E+00  0.220739959100079E-01 
 0.479199307514551E+00  0.142716585152445E+00  0.438012356951238E-01 
 0.484223549448055E+00  0.124609607012973E+00  0.653688435052496E-01 
 0.488790013532201E+00  0.105282109929422E+00  0.868785543467061E-01 
 0.492618785731203E+00  0.855963313741626E-01  0.108235371484329E+00 
 0.495551866436487E+00  0.665458313594040E-01  0.129178917601412E+00 
 0.497417987299727E+00  0.507478660702949E-01  0.148706644350643E+00 
 0.499365448819503E+00  0.251823057978573E-01  0.160876920871959E+00 
 0.498554856148401E+00  0.379875691621147E-01  0.639359197651672E-01 
 0.496678581419304E+00  0.575359605751700E-01  0.426179000641542E-01 
 0.494262215527151E+00  0.755305388713225E-01  0.212921161007120E-01 
 0.499219501615954E+00  0.279264964920097E-01  0.107549496476332E+00 
 0.497655788039769E+00  0.483602794710274E-01  0.855345663418350E-01 
 0.495455995814692E+00  0.672559009401532E-01  0.640588585447326E-01 
 0.492537081939167E+00  0.860652247708124E-01  0.427627672480306E-01 
 0.489167984914728E+00  0.103511750707179E+00  0.214949594147076E-01 
 0.498617121935897E+00  0.371613470202866E-01  0.130547608070871E+00 
 0.496731453741666E+00  0.570776914712807E-01  0.107500225775458E+00 
 0.494084836048712E+00  0.766822977402062E-01  0.859166894529829E-01 
 0.490697514460855E+00  0.959997359472371E-01  0.645303490890707E-01 
 0.486712573435128E+00  0.114502711147620E+00  0.431841205498480E-01 
 0.482481425016400E+00  0.131193271603935E+00  0.217349694276631E-01 
 0.287600000714883E+00  0.329818132028041E+00  0.216721191830142E-01 
 0.287600000714883E+00  0.329818132028041E+00  0.514749120489597E-01 
 0.287600000714883E+00  0.329818132028041E+00  0.831728802872136E-01 
 0.287600000714883E+00  0.329818132028041E+00  0.114461990079168E+00 
 0.287600000714883E+00  0.329818132028041E+00  0.145758779279340E+00 
 0.287600000714883E+00  0.329818132028041E+00  0.177043399465703E+00 
 0.287600000714883E+00  0.329818132028041E+00  0.204634526161327E+00 
 0.287600000714883E+00  0.329818132028041E+00  0.233914075298586E+00 
 0.287600000714883E+00  0.329818132028041E+00  0.262781770841488E+00 
 0.287600000714883E+00  0.329818132028041E+00  0.288319043413363E+00 
 0.287600000714883E+00  0.329818132028041E+00  0.314373215962040E+00 
 0.287600000714883E+00  0.329818132028041E+00  0.351115512673818E+00 
 0.287600000714883E+00  0.329818132028041E+00  0.390284367279691E+00 
 0.287600000714883E+00  0.329818132028041E+00  0.420318476317843E+00 
 0.287600000714883E+00  0.329818132028041E+00  0.445639720918211E+00 
 0.287600000714883E+00  0.329818132028041E+00  0.473868494857832E+00 
 0.287600000714883E+00  0.329818132028041E+00  0.503471728665572E+00 
 0.287600000714883E+00  0.329818132028041E+00  0.533393203193628E+00 
 0.287600000714883E+00  0.329818132028041E+00  0.563382008910772E+00 
 0.287600000714883E+00  0.329818132028041E+00  0.593362070278359E+00 
 0.287600000714883E+00  0.329818132028041E+00  0.623395888090225E+00 
 0.287600000714883E+00  0.329818132028041E+00  0.653408232935877E+00 
 0.287600000714883E+00  0.329818132028041E+00  0.683660391314632E+00 
 0.287600000714883E+00  0.329818132028041E+00  0.714256200571370E+00 
 0.287600000714883E+00  0.329818132028041E+00  0.745730993732800E+00 
 0.287600000714883E+00  0.329818132028041E+00  0.779272967738535E+00 
 0.287600000714883E+00  0.329818132028041E+00  0.808747683761453E+00 
 0.287600000714883E+00  0.329818132028041E+00  0.839464974105793E+00 
 0.287600000714883E+00  0.329818132028041E+00  0.875068092553391E+00 
 0.287600000714883E+00  0.329818132028041E+00  0.907585075988087E+00 
 0.287600000714883E+00  0.329818132028041E+00  0.936777435090449E+00 
 0.287600000714883E+00  0.329818132028041E+00  0.960501439496047E+00 
 0.287600000714883E+00  0.329818132028041E+00  0.981619846806789E+00 
 0.287600000714883E+00  0.357027676172814E+00  0.895466374419456E+00 
 0.287600000714883E+00  0.383871614600395E+00  0.884272569853278E+00 
 0.287600000714883E+00  0.370130989976242E+00  0.832132940188289E+00 
 0.287600000714883E+00  0.356257028393835E+00  0.707904679475765E+00 
 0.287600000714883E+00  0.382643830387035E+00  0.701303173146687E+00 
 0.287600000714883E+00  0.356307529045227E+00  0.647317179840817E+00 
 0.287600000714883E+00  0.382709582021992E+00  0.641082257619070E+00 
 0.287600000714883E+00  0.356331068450119E+00  0.587321131443162E+00 
 0.287600000714883E+00  0.382747533446114E+00  0.581141437875156E+00 
 0.287600000714883E+00  0.357510841267141E+00  0.498710004128815E+00 
 0.287600000714883E+00  0.384280381176001E+00  0.494087660551406E+00 
 0.287600000714883E+00  0.371019232188281E+00  0.444393294650108E+00 
 0.287600000714883E+00  0.370007481893924E+00  0.358610566115896E+00 
 0.287600000714883E+00  0.356386500324510E+00  0.197022630226444E+00 
 0.287600000714883E+00  0.382744713575570E+00  0.187405895715381E+00 
 0.287600000714883E+00  0.356320884130085E+00  0.135782908090622E+00 
 0.287600000714883E+00  0.382741866546717E+00  0.124707521768018E+00 
 0.287600000714883E+00  0.356157956516970E+00  0.728974183544660E-01 
 0.287600000714883E+00  0.382323554330123E+00  0.621147011671059E-01 
 0.287600000714883E+00  0.376787887949524E+00  0.977836825355148E+00 
 0.287600000714883E+00  0.353382723602780E+00  0.961843350083647E+00 
 0.287600000714883E+00  0.383545453713420E+00  0.951342650338053E+00 
 0.287600000714883E+00  0.356459123395989E+00  0.927805275928482E+00 
 0.287600000714883E+00  0.383076926956597E+00  0.915709418288655E+00 
 0.287600000714883E+00  0.359119647494665E+00  0.863410115113333E+00 
 0.287600000714883E+00  0.381743083102107E+00  0.314410128157406E-01 
 0.287600000714883E+00  0.355729406482269E+00  0.405227140495416E-01 
 0.287600000714883E+00  0.386337513051114E+00  0.856371238030392E+00 
 0.287600000714883E+00  0.353073709361566E+00  0.805765067983151E+00 
 0.287600000714883E+00  0.382347222746382E+00  0.799520220017008E+00 
 0.287600000714883E+00  0.355870782054068E+00  0.771867457330539E+00 
 0.287600000714883E+00  0.382427473950527E+00  0.762465246189742E+00 
 0.287600000714883E+00  0.356167552441024E+00  0.739069523396321E+00 
 0.287600000714883E+00  0.382524273382592E+00  0.731465204104766E+00 
 0.287600000714883E+00  0.356300707108122E+00  0.677455671830496E+00 
 0.287600000714883E+00  0.382699301265967E+00  0.671160040805774E+00 
 0.287600000714883E+00  0.356316759524246E+00  0.617272640649494E+00 
 0.287600000714883E+00  0.382715773583954E+00  0.611079189536865E+00 
 0.287600000714883E+00  0.356406802883711E+00  0.557433487363251E+00 
 0.287600000714883E+00  0.382857946787297E+00  0.551386817935147E+00 
 0.287600000714883E+00  0.356668434302167E+00  0.527787827827745E+00 
 0.287600000714883E+00  0.383218313815045E+00  0.522136783177795E+00 
 0.287600000714883E+00  0.360376393026885E+00  0.470622967357329E+00 
 0.287600000714883E+00  0.387236531719744E+00  0.469361266552416E+00 
 0.287600000714883E+00  0.353180233576988E+00  0.418364987629184E+00 
 0.287600000714883E+00  0.382926549228960E+00  0.416852276322181E+00 
 0.287600000714883E+00  0.358960645470700E+00  0.386977862296263E+00 
 0.287600000714883E+00  0.386131422497628E+00  0.385242495542488E+00 
 0.287600000714883E+00  0.357452286317529E+00  0.325655188777388E+00 
 0.287600000714883E+00  0.384472327113161E+00  0.336735579137264E+00 
 0.287600000714883E+00  0.350899815808595E+00  0.291563958539794E+00 
 0.287600000714883E+00  0.381681703370550E+00  0.298582279448439E+00 
 0.287600000714883E+00  0.382740555494579E+00  0.928901937789082E-01 
 0.287600000714883E+00  0.356314465568539E+00  0.104482483414122E+00 
 0.287600000714883E+00  0.355750945030332E+00  0.259704308504662E+00 
 0.287600000714883E+00  0.382508712851746E+00  0.252565722329719E+00 
 0.287600000714883E+00  0.356254525980415E+00  0.227702355991714E+00 
 0.287600000714883E+00  0.382647235809000E+00  0.218860195467860E+00 
 0.287600000714883E+00  0.356310365849100E+00  0.166780235811613E+00 
 0.287600000714883E+00  0.382758573789070E+00  0.156191464332738E+00 
 0.437600000714900E+00 -0.208166817117217E-16  0.216220715619810E-01 
 0.437600000714900E+00  0.346944695195361E-16  0.511616216195630E-01 
 0.437600000714900E+00 -0.208166817117217E-16  0.830023253588876E-01 
 0.437600000714900E+00  0.346944695195361E-16  0.115386735522719E+00 
 0.437600000714900E+00 -0.208166817117217E-16  0.143617468042724E+00 
 0.437600000714900E+00  0.346944695195361E-16  0.175331907529261E+00 
 0.437600000714900E+00 -0.208166817117217E-16  0.204420866166155E+00 
 0.437600000714900E+00  0.346944695195361E-16  0.237055402975920E+00 
 0.437600000714900E+00 -0.208166817117217E-16  0.266269748734596E+00 
 0.437600000714900E+00  0.346944695195361E-16  0.299117922715448E+00 
 0.437600000714900E+00 -0.208166817117217E-16  0.329519089716326E+00 
 0.437600000714900E+00  0.346944695195361E-16  0.358751212585311E+00 
 0.437600000714900E+00 -0.208166817117217E-16  0.386667676880137E+00 
 0.437600000714900E+00  0.346944695195361E-16  0.413189608263858E+00 
 0.437600000714900E+00 -0.208166817117217E-16  0.440100216696722E+00 
 0.437600000714900E+00  0.346944695195361E-16  0.471290338637249E+00 
 0.437600000714900E+00 -0.208166817117217E-16  0.502130144931650E+00 
 0.437600000714900E+00  0.346944695195361E-16  0.536537713276369E+00 
 0.437600000714900E+00 -0.208166817117217E-16  0.567329124253529E+00 
 0.437600000714900E+00  0.346944695195361E-16  0.596198115290021E+00 
 0.437600000714900E+00 -0.208166817117217E-16  0.627959455763713E+00 
 0.437600000714900E+00  0.346944695195361E-16  0.655849039151977E+00 
 0.437600000714900E+00 -0.208166817117217E-16  0.686954640726819E+00 
 0.437600000714900E+00  0.346944695195361E-16  0.715072301631252E+00 
 0.437600000714900E+00 -0.208166817117217E-16  0.747758729039907E+00 
 0.437600000714900E+00  0.346944695195361E-16  0.777741424762503E+00 
 0.437600000714900E+00 -0.208166817117217E-16  0.810507395100613E+00 
 0.437600000714900E+00  0.346944695195361E-16  0.840354147544577E+00 
 0.437600000714900E+00 -0.208166817117217E-16  0.866407275984622E+00 
 0.437600000714900E+00  0.346944695195361E-16  0.896995058014400E+00 
 0.437600000714900E+00 -0.208166817117217E-16  0.928182712667038E+00 
 0.437600000714900E+00  0.346944695195361E-16  0.954443032534167E+00 
 0.437600000714900E+00 -0.208166817117217E-16  0.980478405253382E+00 
 0.405900335773944E+00  0.163519656446136E+00  0.931902626808670E+00 
 0.380676222220773E+00  0.215822553180581E+00  0.899548921662468E+00 
 0.382798020190148E+00  0.212036403393774E+00  0.930144412846622E+00 
 0.404141974349503E+00  0.167818429245862E+00  0.102335427094736E+00 
 0.397955419989558E+00  0.182003418447562E+00  0.755936024781170E-01 
 0.409709969935624E+00  0.153725408313046E+00  0.752817053738430E-01 
 0.433760051762707E+00  0.578444303324098E-01  0.831873663499928E+00 
 0.348410460227918E+00  0.264771433182342E+00  0.878468411192651E+00 
 0.419349104133961E+00  0.125060343385538E+00  0.155241899286319E+00 
 0.429668730684240E+00  0.829369790736491E-01  0.824708504087413E+00 
 0.428966763288936E+00  0.864943733377063E-01  0.853677012147856E+00 
 0.423379130339429E+00  0.110652033956428E+00  0.830313150343937E+00 
 0.425756793863559E+00  0.101118312410214E+00  0.880760995515984E+00 
 0.418736111535651E+00  0.127097716429788E+00  0.863861995812575E+00 
 0.413720183192759E+00  0.142581101989757E+00  0.831229848415881E+00 
 0.420125585118697E+00  0.122426522266775E+00  0.898820532036821E+00 
 0.414995865343114E+00  0.138824321982076E+00  0.921076391497415E+00 
 0.408250647096365E+00  0.157560051317148E+00  0.895285309916036E+00 
 0.406229821963315E+00  0.162699392664251E+00  0.859572673540964E+00 
 0.402615412462569E+00  0.171448506185557E+00  0.829641810596775E+00 
 0.405382343981256E+00  0.164799623221432E+00  0.963221104935091E+00 
 0.395643874669183E+00  0.186975092090951E+00  0.850056695816249E+00 
 0.436001474131021E+00  0.373694418106137E-01  0.212697610499195E-01 
 0.436965502110040E+00  0.235565403100083E-01  0.408454009729455E-01 
 0.392472036947410E+00  0.193544467345400E+00  0.877602584700582E+00 
 0.394764505007334E+00  0.188824644080106E+00  0.913028658491713E+00 
 0.394653946472518E+00  0.189055608642883E+00  0.945870508365559E+00 
 0.391733227243464E+00  0.195035482154107E+00  0.829635620503754E+00 
 0.371097330595467E+00  0.231906299721637E+00  0.917600309908554E+00 
 0.383324658232341E+00  0.211082843965878E+00  0.847164284139388E+00 
 0.374982992847649E+00  0.225569314625646E+00  0.870375015757893E+00 
 0.363047283175887E+00  0.244316251617181E+00  0.893716713990780E+00 
 0.366373129439387E+00  0.239300001359074E+00  0.838005906584026E+00 
 0.360001721204233E+00  0.248782076033728E+00  0.864909920684271E+00 
 0.342855963120582E+00  0.271925631705286E+00  0.849398498731449E+00 
 0.399270473676260E+00  0.179100110206552E+00  0.785696463622263E+00 
 0.388330797088784E+00  0.201724943073617E+00  0.788019501388807E+00 
 0.375104597482812E+00  0.225367037458722E+00  0.785943221566906E+00 
 0.366543700905559E+00  0.239038649494426E+00  0.732646993387329E+00 
 0.365292301755761E+00  0.240946664022644E+00  0.675692473601706E+00 
 0.366444010927067E+00  0.239191445251176E+00  0.613961687862011E+00 
 0.364885041141035E+00  0.241562967727191E+00  0.520429675348346E+00 
 0.412100857234588E+00  0.147195937757062E+00  0.475059706822620E+00 
 0.400616078218910E+00  0.176069641046274E+00  0.473880852308424E+00 
 0.389234345235385E+00  0.199975961342470E+00  0.474499157075434E+00 
 0.400193591274547E+00  0.177027823034811E+00  0.364474759019068E+00 
 0.389142150785031E+00  0.200155307469136E+00  0.365512028233239E+00 
 0.375023407289602E+00  0.225502116643194E+00  0.365376586565328E+00 
 0.364354227795003E+00  0.242362862901001E+00  0.283248478084216E+00 
 0.432293027266874E+00  0.679448246896751E-01  0.229740620694687E-01 
 0.434663868978373E+00  0.506071302329725E-01  0.450256378209027E-01 
 0.436604336244788E+00  0.295027828840920E-01  0.646319290927844E-01 
 0.362807875768904E+00  0.244671628730668E+00  0.224969981900856E+00 
 0.327726928160091E+00  0.289980725539496E+00  0.158692476562102E+00 
 0.345155614275648E+00  0.269000673901872E+00  0.169761878155875E+00 
 0.345818471789766E+00  0.268147991218751E+00  0.139350371656442E+00 
 0.375881906057623E+00  0.224068189005382E+00  0.174010052465661E+00 
 0.365324191550765E+00  0.240898309860078E+00  0.151001687409859E+00 
 0.361743713988254E+00  0.246242250671257E+00  0.117617097649231E+00 
 0.388422255186848E+00  0.201548783923960E+00  0.177234492685420E+00 
 0.385113596426004E+00  0.207801055034601E+00  0.150714146928992E+00 
 0.379532734106251E+00  0.217827143321253E+00  0.122754424488540E+00 
 0.374425315833909E+00  0.226493804525291E+00  0.943376200571899E-01 
 0.400337469078846E+00  0.176702211296880E+00  0.162821295263361E+00 
 0.395926584210622E+00  0.186375697291716E+00  0.128253694532113E+00 
 0.390081244647011E+00  0.198318892696341E+00  0.991775451747814E-01 
 0.384555516602572E+00  0.208832026461922E+00  0.727265487346438E-01 
 0.435429238256389E+00  0.435331953470383E-01  0.156384051828688E+00 
 0.432377979477818E+00  0.674021029964786E-01  0.140247410620958E+00 
 0.424162808540617E+00  0.107608886606087E+00  0.128513999133832E+00 
 0.424242272913534E+00  0.107295174629732E+00  0.964323540723892E-01 
 0.411819953032606E+00  0.147980021995825E+00  0.165317127503552E+00 
 0.410984507779689E+00  0.150284713097339E+00  0.133900851814792E+00 
 0.415971300750668E+00  0.135873608833581E+00  0.102166532504605E+00 
 0.419597579050987E+00  0.124224121169017E+00  0.736689318769506E-01 
 0.392259532453487E+00  0.193974791725718E+00  0.536392788669407E-01 
 0.403128861505142E+00  0.170237720988126E+00  0.501892666711600E-01 
 0.414000715512724E+00  0.141764481378853E+00  0.491233202079149E-01 
 0.437116347346253E+00  0.205684104472420E-01  0.157416149281112E+00 
 0.437144392855871E+00  0.199634771602593E-01  0.221045836081738E+00 
 0.437177738905762E+00  0.192193972564650E-01  0.283394039928354E+00 
 0.437126464577034E+00  0.203522625778889E-01  0.379937872980953E+00 
 0.437067500321060E+00  0.215814918102651E-01  0.404003648576539E+00 
 0.437132897623465E+00  0.202136201846701E-01  0.451978499489852E+00 
 0.437084148054008E+00  0.212416606120785E-01  0.428765453696169E+00 
 0.437079624075476E+00  0.213345457813619E-01  0.520092753691931E+00 
 0.426265489116062E+00  0.989519752926225E-01  0.238013412294973E-01 
 0.430037535168426E+00  0.810029565629190E-01  0.473734597748660E-01 
 0.433151247067820E+00  0.622395195134136E-01  0.707209025263889E-01 
 0.435667297584731E+00  0.410824346999912E-01  0.901130712603638E-01 
 0.436954168540208E+00  0.237658414745184E-01  0.107875397936184E+00 
 0.437222508184031E+00  0.181724781722848E-01  0.613181811680020E+00 
 0.437329645076992E+00  0.153799272589177E-01  0.671501266120982E+00 
 0.437177051854736E+00  0.192350190345268E-01  0.731484979089594E+00 
 0.437250382306486E+00  0.174889621901741E-01  0.794284364662037E+00 
 0.436962686204204E+00  0.236087164170963E-01  0.933700716216862E+00 
 0.432914493658996E+00  0.638654977718311E-01  0.980077227874973E+00 
 0.436202356099215E+00  0.349466044009014E-01  0.967408515260495E+00 
 0.435998593318232E+00  0.374030379806676E-01  0.912539276420485E+00 
 0.434401692578032E+00  0.528103220119588E-01  0.935589958191405E+00 
 0.431677062546283E+00  0.717542632676392E-01  0.956638822820892E+00 
 0.428262583581263E+00  0.899161839157455E-01  0.977555694349020E+00 
 0.436970699656448E+00  0.234599289728416E-01  0.864912168564665E+00 
 0.435485913689029E+00  0.429625372166795E-01  0.886963140740005E+00 
 0.432862700324765E+00  0.642156000767819E-01  0.909305352232955E+00 
 0.429658596337400E+00  0.829894645063086E-01  0.931572739356141E+00 
 0.425539441571497E+00  0.102029134528748E+00  0.953290629510903E+00 
 0.421434209840958E+00  0.117842977734748E+00  0.976320170223884E+00 
 0.436652095358895E+00  0.287872931055403E-01  0.836668017039675E+00 
 0.434440514470663E+00  0.524899991629946E-01  0.859666156429366E+00 
 0.431385392307992E+00  0.734874406204824E-01  0.882688939569525E+00 
 0.427594958561208E+00  0.930393037307716E-01  0.905722956254485E+00 
 0.422886882590933E+00  0.112518643602686E+00  0.927258240157412E+00 
 0.416239246351583E+00  0.135050547656533E+00  0.950349300582466E+00 
 0.413560526931583E+00  0.143043529003358E+00  0.977749838219672E+00 
 0.305578566380515E+00  0.313233938765412E+00  0.976392762919095E+00 
 0.323700631452514E+00  0.294468439434358E+00  0.970743069826950E+00 
 0.306675450602912E+00  0.312160100946879E+00  0.950712696932187E+00 
 0.353740824301502E+00  0.257606657227944E+00  0.977142494808966E+00 
 0.340137532569281E+00  0.275318396703421E+00  0.961376823011191E+00 
 0.324901843884596E+00  0.293142546325251E+00  0.941137648681675E+00 
 0.307598526795738E+00  0.311250553314779E+00  0.922594195682662E+00 
 0.368154259301682E+00  0.236550633023233E+00  0.971865107700157E+00 
 0.355588030299691E+00  0.255050805396194E+00  0.951034800312714E+00 
 0.342038452716285E+00  0.272953214835639E+00  0.931811864350460E+00 
 0.327066433662223E+00  0.290725486665920E+00  0.911490526003910E+00 
 0.417905309283722E+00  0.129803363200421E+00  0.242433689392270E-01 
 0.423114909233902E+00  0.111658113048951E+00  0.483518790553052E-01 
 0.427498403735688E+00  0.934819524245534E-01  0.728309900700173E-01 
 0.431023350640529E+00  0.755819543825134E-01  0.102229678508361E+00 
 0.434933839941496E+00  0.482318929693758E-01  0.115586751442483E+00 
 0.436675505532888E+00  0.284299752594710E-01  0.133945196254622E+00 
 0.309419113262979E+00  0.309440742264518E+00  0.891423919732057E+00 
 0.436179792649908E+00  0.352271075954748E-01  0.810589648981317E+00 
 0.432983384354597E+00  0.633967625238639E-01  0.802655886544640E+00 
 0.427408943012762E+00  0.938901275874156E-01  0.801746131245087E+00 
 0.419474440353622E+00  0.124639297637945E+00  0.801893675673158E+00 
 0.408463794146148E+00  0.157006654309288E+00  0.799105623546939E+00 
 0.395740691287149E+00  0.186770088304401E+00  0.808056810763295E+00 
 0.381319216003273E+00  0.214684457127928E+00  0.814738835418462E+00 
 0.366534630846956E+00  0.239052557015289E+00  0.807859325484113E+00 
 0.349709879307921E+00  0.263052772158174E+00  0.814816714404730E+00 
 0.327308872502712E+00  0.290452513514112E+00  0.821831651574135E+00 
 0.310998988140587E+00  0.307852870704814E+00  0.799117147090024E+00 
 0.394497906799122E+00  0.189380997348664E+00  0.975801504434033E+00 
 0.382225159220710E+00  0.213067332748048E+00  0.961089407656279E+00 
 0.369890955664950E+00  0.233825664850831E+00  0.942901402632292E+00 
 0.357772200522068E+00  0.251977802909817E+00  0.923272835904143E+00 
 0.345196376819462E+00  0.268948363178468E+00  0.903609346475818E+00 
 0.330938436301714E+00  0.286310167482466E+00  0.880888901684169E+00 
 0.313506519088320E+00  0.305298907817877E+00  0.855095743691239E+00 
 0.305805487063326E+00  0.313012403440545E+00  0.825212235024883E+00 
 0.358625554446158E+00  0.250761784017915E+00  0.784424772162151E+00 
 0.336387459932891E+00  0.279887901534809E+00  0.786328170192801E+00 
 0.317157338720040E+00  0.301504532506039E+00  0.772506494384665E+00 
 0.416056566722592E+00  0.135612292631135E+00  0.733445247528066E+00 
 0.404692464447681E+00  0.166486545537247E+00  0.730263250758858E+00 
 0.394417868617662E+00  0.189547633962454E+00  0.743421303051878E+00 
 0.381564481326409E+00  0.214248237369114E+00  0.737133867232883E+00 
 0.435861612151640E+00  0.389668535839699E-01  0.749049111972033E+00 
 0.432620113375822E+00  0.658300700923179E-01  0.739193409726869E+00 
 0.426088440076605E+00  0.997115934019322E-01  0.746250186108371E+00 
 0.436238586044556E+00  0.344913999644248E-01  0.777959067972976E+00 
 0.431641730368023E+00  0.719665007525562E-01  0.771252026639542E+00 
 0.424770206173783E+00  0.105185705173032E+00  0.777787342637669E+00 
 0.417052437162022E+00  0.132518018710218E+00  0.769402424318775E+00 
 0.405785472859161E+00  0.163804489078079E+00  0.761480741849951E+00 
 0.394559260334808E+00  0.189253139233444E+00  0.767701150153449E+00 
 0.383958887997302E+00  0.209926970524369E+00  0.763148414270676E+00 
 0.370046484659293E+00  0.233579450759185E+00  0.759557806712717E+00 
 0.352998766824887E+00  0.258622565229274E+00  0.756421173833745E+00 
 0.333722307365506E+00  0.283060386123357E+00  0.752055006331238E+00 
 0.312150040335511E+00  0.306685690804450E+00  0.747053045802441E+00 
 0.349963288394078E+00  0.262715544652509E+00  0.727274538920938E+00 
 0.331138273341565E+00  0.286079018024791E+00  0.722321067120097E+00 
 0.310176637451250E+00  0.308681412147055E+00  0.718081779949713E+00 
 0.416897598882465E+00  0.133004333281660E+00  0.672206426938781E+00 
 0.405152941487269E+00  0.165362796994597E+00  0.680549585929035E+00 
 0.394405561312702E+00  0.189573241337687E+00  0.669098301084553E+00 
 0.380300939994810E+00  0.216483153304658E+00  0.686528537509402E+00 
 0.436540806649247E+00  0.304283544688646E-01  0.685283271745129E+00 
 0.433788705609865E+00  0.576291550431318E-01  0.685052947284633E+00 
 0.427073892122656E+00  0.954025748754903E-01  0.684598440327879E+00 
 0.436007933374067E+00  0.372940030103466E-01  0.713214265592880E+00 
 0.430701345032259E+00  0.773958139247316E-01  0.713492336055134E+00 
 0.392869512566850E+00  0.192736365850219E+00  0.270468438867547E-01 
 0.380583949092221E+00  0.215985227085172E+00  0.468366996161322E-01 
 0.369696603472362E+00  0.234132829835250E+00  0.671336239559256E-01 
 0.357547015861307E+00  0.252297229620810E+00  0.884093242379156E-01 
 0.343502550908872E+00  0.271108388185904E+00  0.110205968014410E+00 
 0.327267492864110E+00  0.290499137245021E+00  0.130361063675391E+00 
 0.310888816114530E+00  0.307964128821151E+00  0.148475863266277E+00 
 0.298630207635737E+00  0.319865221168389E+00  0.162581568508341E+00 
 0.424417177408176E+00  0.106601220192562E+00  0.716852636652941E+00 
 0.419121282827710E+00  0.125821742582585E+00  0.701476122964291E+00 
 0.409953528802858E+00  0.153074703487372E+00  0.704565281781021E+00 
 0.394199989054142E+00  0.190000340145428E+00  0.707956153180417E+00 
 0.377942227157288E+00  0.220575233326528E+00  0.713206292069025E+00 
 0.364861935731040E+00  0.241597865222896E+00  0.704615274184941E+00 
 0.348529228020802E+00  0.264615074855695E+00  0.697921726355799E+00 
 0.329905018039346E+00  0.287500329909586E+00  0.692707284818921E+00 
 0.309421547847397E+00  0.309438307831117E+00  0.688146972450766E+00 
 0.348339763155654E+00  0.264864437081168E+00  0.668356448175338E+00 
 0.329519810199711E+00  0.287941756804407E+00  0.662813350325173E+00 
 0.309197591780020E+00  0.309662089806131E+00  0.658181580541014E+00 
 0.420216464074012E+00  0.122114224997742E+00  0.609689415302622E+00 
 0.410257780144468E+00  0.152257395408551E+00  0.614822056756467E+00 
 0.397572909622113E+00  0.182837474715309E+00  0.603224630259208E+00 
 0.382534637445544E+00  0.212511203893042E+00  0.622898577424721E+00 
 0.435993293970056E+00  0.374647599592066E-01  0.630575787647927E+00 
 0.432349736174861E+00  0.675830323024692E-01  0.624191455518607E+00 
 0.426588801455888E+00  0.975487319143429E-01  0.618217473112064E+00 
 0.436460476477106E+00  0.315596752048526E-01  0.657196264273868E+00 
 0.432789809969312E+00  0.647050308121048E-01  0.654963954000743E+00 
 0.426565569509210E+00  0.976502715559507E-01  0.649287206131934E+00 
 0.418633557611701E+00  0.127435101392961E+00  0.636933126115242E+00 
 0.407547167197441E+00  0.159370847820436E+00  0.650919121362803E+00 
 0.396165551319227E+00  0.185867201446615E+00  0.636002137181793E+00 
 0.381276393949575E+00  0.214760499260158E+00  0.655490715336130E+00 
 0.365878184265815E+00  0.240056066167911E+00  0.645331837680852E+00 
 0.348484800858849E+00  0.264673580464747E+00  0.638171125670092E+00 
 0.329483946876951E+00  0.287982793541642E+00  0.632851462462207E+00 
 0.309132501748654E+00  0.309727068543069E+00  0.628110692607060E+00 
 0.348581128185948E+00  0.264546702300884E+00  0.607742375958628E+00 
 0.407189108455069E+00  0.160283469457176E+00  0.247755765548426E-01 
 0.329439345820731E+00  0.288033814075483E+00  0.602658488483144E+00 
 0.309101456976225E+00  0.309758050615055E+00  0.598128311975523E+00 
 0.436198618080047E+00  0.349932309270980E-01  0.596997883116215E+00 
 0.431977551333860E+00  0.699224983054183E-01  0.592974538239617E+00 
 0.425800904843562E+00  0.100932403419668E+00  0.590252804811520E+00 
 0.417980495492051E+00  0.129561051299700E+00  0.586462258469676E+00 
 0.408736599540480E+00  0.156295082525806E+00  0.582425681913039E+00 
 0.398825631214125E+00  0.180088524099451E+00  0.574403933261304E+00 
 0.384417841656647E+00  0.209085350136515E+00  0.586716742752906E+00 
 0.366073001048108E+00  0.239758875809207E+00  0.582700405805719E+00 
 0.348292220784782E+00  0.264926951378046E+00  0.577178789941940E+00 
 0.329251608844201E+00  0.288248397565653E+00  0.572474081509499E+00 
 0.308978476120441E+00  0.309880722085054E+00  0.568038288795173E+00 
 0.415977225879378E+00  0.135855467962686E+00  0.532219891917781E+00 
 0.406344816332533E+00  0.162411978823432E+00  0.526292166967018E+00 
 0.396402657067296E+00  0.185360983207501E+00  0.519970599612382E+00 
 0.382267610725538E+00  0.212991160417169E+00  0.526793490165913E+00 
 0.435565713832910E+00  0.421458130647586E-01  0.538595412166661E+00 
 0.431864404986740E+00  0.706179604004358E-01  0.530010288130956E+00 
 0.425098545905616E+00  0.103850791497212E+00  0.538383789368578E+00 
 0.435925418026409E+00  0.382464448565030E-01  0.566772537481930E+00 
 0.430830487970121E+00  0.766736673252096E-01  0.561449144776126E+00 
 0.376983659914931E+00  0.222209542510684E+00  0.222455826277869E-01 
 0.365567654087345E+00  0.240528690410807E+00  0.415291600867498E-01 
 0.352663574550243E+00  0.259079454629475E+00  0.603218143067905E-01 
 0.339920931315555E+00  0.275585778078671E+00  0.825898542283829E-01 
 0.325185501398019E+00  0.292827850974222E+00  0.103318808684969E+00 
 0.307909383421653E+00  0.310943036948188E+00  0.122301150978970E+00 
 0.423805520299113E+00  0.109007529967723E+00  0.566913657513668E+00 
 0.416778303674697E+00  0.133377682584852E+00  0.559597554309470E+00 
 0.407344125773049E+00  0.159889098514732E+00  0.553674554514569E+00 
 0.394242365359045E+00  0.189912395545339E+00  0.548725855574947E+00 
 0.379105034776415E+00  0.218570659588236E+00  0.559382402238389E+00 
 0.364984357200638E+00  0.241412882059967E+00  0.551802523211995E+00 
 0.347755530424527E+00  0.265631044279123E+00  0.546453805180953E+00 
 0.328823834137542E+00  0.288736292711443E+00  0.542149296320686E+00 
 0.308670442873379E+00  0.310187553460832E+00  0.537985987985357E+00 
 0.347001366745411E+00  0.266615476112093E+00  0.515463389004678E+00 
 0.327873888450916E+00  0.289814550873034E+00  0.511895780779885E+00 
 0.307919820567060E+00  0.310932701283757E+00  0.508045459049439E+00 
 0.435636215985957E+00  0.414107226101963E-01  0.469371937479534E+00 
 0.431919225312982E+00  0.702818855090122E-01  0.479973532047263E+00 
 0.423963622195310E+00  0.108390994463094E+00  0.478153673843735E+00 
 0.435493339052550E+00  0.428872039951706E-01  0.501860791716163E+00 
 0.429129287134477E+00  0.856843950152199E-01  0.506647570844962E+00 
 0.422316927699479E+00  0.114639317880641E+00  0.511801640804560E+00 
 0.414534310962772E+00  0.140196525136263E+00  0.503550244442195E+00 
 0.404338506501870E+00  0.167344353909835E+00  0.499215649389192E+00 
 0.392506466665360E+00  0.193474634646350E+00  0.497710880884854E+00 
 0.378896254760029E+00  0.218932383978449E+00  0.494921358331308E+00 
 0.363184263406237E+00  0.244112579437707E+00  0.488464406137374E+00 
 0.345013209235756E+00  0.269183294575472E+00  0.483851536067128E+00 
 0.325653668555627E+00  0.292307113806565E+00  0.482390028971665E+00 
 0.306290359660818E+00  0.312537959621726E+00  0.478291797647358E+00 
 0.435698632084300E+00  0.407487745279719E-01  0.443479005998441E+00 
 0.431733538757332E+00  0.714136691239177E-01  0.445427112213485E+00 
 0.425280611899439E+00  0.103102675853277E+00  0.446612244054652E+00 
 0.417526599630335E+00  0.131016408234974E+00  0.444550311493869E+00 
 0.407021535465125E+00  0.160708525888564E+00  0.450566771425826E+00 
 0.394408577084228E+00  0.189566966922136E+00  0.446801283177856E+00 
 0.377959486695596E+00  0.220545657500811E+00  0.462278167015724E+00 
 0.361229155577682E+00  0.246996473226435E+00  0.455493265869342E+00 
 0.340713887246687E+00  0.274604820902535E+00  0.450417208829465E+00 
 0.320912244692151E+00  0.297504776150413E+00  0.456656034893812E+00 
 0.304762278544152E+00  0.314028206061561E+00  0.444537063052196E+00 
 0.435266595615924E+00  0.451303818573138E-01  0.419399665837981E+00 
 0.432108165147174E+00  0.691107389543113E-01  0.406336545154626E+00 
 0.425711510783463E+00  0.101308786450773E+00  0.417339403009361E+00 
 0.418161748393960E+00  0.128974853385340E+00  0.416035956647502E+00 
 0.407665100214525E+00  0.159068936919639E+00  0.416189932058434E+00 
 0.394932345422050E+00  0.188473348686499E+00  0.419259455268665E+00 
 0.379769011323858E+00  0.217414945815055E+00  0.422257973210884E+00 
 0.358460786118832E+00  0.250997261819189E+00  0.423616347000011E+00 
 0.341692941084335E+00  0.273385615274100E+00  0.418601906045507E+00 
 0.324670241949019E+00  0.293399036498806E+00  0.428925201115958E+00 
 0.308452722444848E+00  0.310404057064379E+00  0.412537487674299E+00 
 0.435542658041534E+00  0.423834124602792E-01  0.392241303934024E+00 
 0.433377620104860E+00  0.606432108146909E-01  0.378988986112901E+00 
 0.428731974672073E+00  0.876507531026025E-01  0.382093966542159E+00 
 0.419926518059015E+00  0.123107595446001E+00  0.385293552540398E+00 
 0.409327012500400E+00  0.154742229088120E+00  0.376421434489522E+00 
 0.362964139664231E+00  0.244439755243428E+00  0.187403913310683E-01 
 0.347313369336279E+00  0.266208910643394E+00  0.294934179875856E-01 
 0.333621635122314E+00  0.283179033835443E+00  0.555200608025997E-01 
 0.323168034127403E+00  0.295052846696811E+00  0.784060034675150E-01 
 0.306777185751324E+00  0.312060120694975E+00  0.935631322444911E-01 
 0.395727551834002E+00  0.186797926501155E+00  0.391893667700458E+00 
 0.382019711315318E+00  0.213435472197629E+00  0.388176532525386E+00 
 0.367733544739203E+00  0.237204132972433E+00  0.394038814007669E+00 
 0.351642947512682E+00  0.260463045536702E+00  0.397947732786360E+00 
 0.331403557087077E+00  0.285771662303480E+00  0.391353213461882E+00 
 0.311093710577045E+00  0.307757150794372E+00  0.387905421384594E+00 
 0.356260909311935E+00  0.254110064975583E+00  0.367440582040467E+00 
 0.338149283582619E+00  0.277756768843214E+00  0.357130389360916E+00 
 0.314611989963703E+00  0.304159590341555E+00  0.359082027200838E+00 
 0.436262565300880E+00  0.341867626831624E-01  0.359975050907816E+00 
 0.432726134495204E+00  0.651295105962480E-01  0.353681888557467E+00 
 0.426784188188418E+00  0.966903166714260E-01  0.351909786186293E+00 
 0.418159720333594E+00  0.128981428570917E+00  0.348257789448533E+00 
 0.407779959209701E+00  0.158774259540385E+00  0.343501084193469E+00 
 0.396455601407212E+00  0.185247717228876E+00  0.342388218525314E+00 
 0.384050036897732E+00  0.209760172064467E+00  0.341652265898223E+00 
 0.369705586930912E+00  0.234118644318928E+00  0.338858069439510E+00 
 0.352822970852260E+00  0.258862341534350E+00  0.334997690372548E+00 
 0.333359187108069E+00  0.283487941535982E+00  0.330010497726032E+00 
 0.311176606729219E+00  0.307673333342610E+00  0.325537019694865E+00 
 0.417704569980848E+00  0.130447893209429E+00  0.278979735836874E+00 
 0.406884041732844E+00  0.161056316885765E+00  0.282510313468506E+00 
 0.393075785664435E+00  0.192315333111927E+00  0.296088716303427E+00 
 0.379564460078504E+00  0.217771856012153E+00  0.288698070658003E+00 
 0.435771062437992E+00  0.399667582789162E-01  0.300916571072265E+00 
 0.431666226578957E+00  0.718194225593164E-01  0.293035095986926E+00 
 0.425088772814771E+00  0.103890788102213E+00  0.288418786770085E+00 
 0.436141920074658E+00  0.356929429894866E-01  0.328966768993268E+00 
 0.432113223950110E+00  0.690791018551260E-01  0.324390348925186E+00 
 0.425579575032344E+00  0.101861601896673E+00  0.319917738379530E+00 
 0.415659088297127E+00  0.136825739324384E+00  0.311802981539468E+00 
 0.402817030396922E+00  0.170974268964276E+00  0.316180849115838E+00 
 0.391840152604748E+00  0.194820572405360E+00  0.321969270296730E+00 
 0.380879975926068E+00  0.215462768394499E+00  0.315759907792259E+00 
 0.366587795516523E+00  0.238971020845621E+00  0.310880163252758E+00 
 0.349803962156946E+00  0.262927649145089E+00  0.305977499676946E+00 
 0.330783423117788E+00  0.286489245201526E+00  0.300987500540641E+00 
 0.325660175461588E+00  0.292299864426910E+00  0.284886510267594E-01 
 0.310121411706270E+00  0.308736895474082E+00  0.591550422825612E-01 
 0.309880135623009E+00  0.308979064293893E+00  0.295473507028399E+00 
 0.347850173852033E+00  0.265507094400078E+00  0.277328839690081E+00 
 0.329316976825364E+00  0.288173713930095E+00  0.272184895996606E+00 
 0.309125795247449E+00  0.309733762025222E+00  0.267259566822706E+00 
 0.416776458044219E+00  0.133383449669661E+00  0.214326679952848E+00 
 0.404701059974478E+00  0.166465650154009E+00  0.225268764439402E+00 
 0.391169071357735E+00  0.196164518297248E+00  0.224356317799587E+00 
 0.378125933054350E+00  0.220260162937925E+00  0.237007290942267E+00 
 0.435728767649042E+00  0.404252602800434E-01  0.238218048937857E+00 
 0.432343733114158E+00  0.676214245826137E-01  0.227063988735202E+00 
 0.425642194765392E+00  0.101599619393809E+00  0.230321813389765E+00 
 0.436042877081815E+00  0.368831936235722E-01  0.266888859204119E+00 
 0.430965480448803E+00  0.759112329448144E-01  0.258762665361329E+00 
 0.423640192452327E+00  0.109648292119036E+00  0.260820488029361E+00 
 0.415435900686685E+00  0.137501901973412E+00  0.248770582861754E+00 
 0.405443233091020E+00  0.164649765764679E+00  0.253988746070240E+00 
 0.392362501988834E+00  0.193766425519815E+00  0.259184975232625E+00 
 0.376167210435551E+00  0.223588887064630E+00  0.264033212094641E+00 
 0.363012024846639E+00  0.244368636372194E+00  0.254867385946915E+00 
 0.346607896995740E+00  0.267126798292218E+00  0.248632965555920E+00 
 0.328158937963976E+00  0.289491747827149E+00  0.243722461512248E+00 
 0.308420504586117E+00  0.310436069064967E+00  0.238735247173187E+00 
 0.345162380513578E+00  0.268991991895412E+00  0.220662249654981E+00 
 0.326721486799488E+00  0.291113089175313E+00  0.215715009964381E+00 
 0.307868179535449E+00  0.310983833430603E+00  0.209723986164356E+00 
 0.436318723774067E+00  0.334623954586180E-01  0.176156568319821E+00 
 0.433246677708315E+00  0.615717214342334E-01  0.175522210499008E+00 
 0.426890237227092E+00  0.962210267346219E-01  0.169214589184189E+00 
 0.305781363435585E+00  0.313035969819986E+00  0.274048323088065E-01 
 0.435879594154794E+00  0.387651908948381E-01  0.203219272141251E+00 
 0.430405916616331E+00  0.790221966748921E-01  0.200996613602524E+00 
 0.424194508372244E+00  0.107483857822914E+00  0.200287748015327E+00 
 0.418446421152428E+00  0.128048245791924E+00  0.183294916967363E+00 
 0.408663081066097E+00  0.156487209698517E+00  0.192161699583736E+00 
 0.396638676715026E+00  0.184855405004606E+00  0.197482245850833E+00 
 0.379851142187352E+00  0.217271421048944E+00  0.203437371069249E+00 
 0.360064160597006E+00  0.248691698452592E+00  0.191430749163544E+00 
 0.341280880217132E+00  0.273899838305686E+00  0.196356566440954E+00 
 0.326156643537225E+00  0.291745787462636E+00  0.187382066340288E+00 
 0.308068484131613E+00  0.310785407814644E+00  0.179417428040137E+00 
 0.464278443202580E+00  0.000000000000000E+00  0.974345189591437E+00 
 0.471168036187778E+00  0.000000000000000E+00  0.943194562193420E+00 
 0.468974167461232E+00  0.000000000000000E+00  0.909495673576087E+00 
 0.468732490446574E+00  0.000000000000000E+00  0.878665198108837E+00 
 0.468792419908685E+00  0.000000000000000E+00  0.848663860617372E+00 
 0.468758589676554E+00  0.000000000000000E+00  0.818311737805479E+00 
 0.468756251851934E+00  0.000000000000000E+00  0.786396911930099E+00 
 0.468732508016972E+00  0.000000000000000E+00  0.754153543364766E+00 
 0.468560708743389E+00  0.000000000000000E+00  0.722261108987543E+00 
 0.468628795445565E+00  0.000000000000000E+00  0.691856510449309E+00 
 0.468548693593172E+00  0.000000000000000E+00  0.661703522384906E+00 
 0.468625047694310E+00  0.000000000000000E+00  0.632040026506682E+00 
 0.468519641330344E+00  0.000000000000000E+00  0.601883588308401E+00 
 0.468607771677438E+00  0.000000000000000E+00  0.571915804767279E+00 
 0.468557296631700E+00  0.000000000000000E+00  0.541509025190824E+00 
 0.468430702872386E+00  0.000000000000000E+00  0.510230594507153E+00 
 0.468544972354099E+00  0.000000000000000E+00  0.479381443826957E+00 
 0.468545165795837E+00  0.000000000000000E+00  0.449103841419848E+00 
 0.468664564128930E+00  0.000000000000000E+00  0.419868282785412E+00 
 0.468688109786740E+00  0.000000000000000E+00  0.391270348112506E+00 
 0.468632788009825E+00  0.000000000000000E+00  0.362329077439224E+00 
 0.468585844308419E+00  0.000000000000000E+00  0.332874964317087E+00 
 0.468514570168181E+00  0.000000000000000E+00  0.302925783901199E+00 
 0.468388639560685E+00  0.000000000000000E+00  0.272679421771617E+00 
 0.468070816893707E+00  0.000000000000000E+00  0.276054782232426E-01 
 0.468611614604884E+00  0.000000000000000E+00  0.243040158905963E+00 
 0.468425811189372E+00  0.000000000000000E+00  0.212644935076069E+00 
 0.468492877624132E+00  0.000000000000000E+00  0.183151634784800E+00 
 0.468493981277154E+00  0.000000000000000E+00  0.153728956881003E+00 
 0.468717221977494E+00  0.000000000000000E+00  0.123734894980409E+00 
 0.468629128323538E+00  0.000000000000000E+00  0.922496361489861E-01 
 0.468526135150800E+00  0.000000000000000E+00  0.602057886738144E-01 
