 0.500000000000000E+00 -0.462592926927149E-17  0.000000000000000E+00 
 0.344459627422814E+00  0.362419046237551E+00  0.000000000000000E+00 
 0.352436832375146E+00  0.354666433688576E+00  0.000000000000000E+00 
 0.364790991062592E+00  0.341946681281705E+00  0.000000000000000E+00 
 0.380062602853488E+00  0.324888316059891E+00  0.000000000000000E+00 
 0.396653239360672E+00  0.304411247664546E+00  0.000000000000000E+00 
 0.413456507513708E+00  0.281164927390610E+00  0.000000000000000E+00 
 0.429249769689431E+00  0.256407166868577E+00  0.000000000000000E+00 
 0.440135273035849E+00  0.237236045805984E+00  0.000000000000000E+00 
 0.450376276478707E+00  0.217166317796235E+00  0.000000000000000E+00 
 0.463276239041395E+00  0.188082764600216E+00  0.000000000000000E+00 
 0.474341262261934E+00  0.158115043293656E+00  0.000000000000000E+00 
 0.483279930604555E+00  0.128220547007321E+00  0.000000000000000E+00 
 0.490040126785488E+00  0.993009271863201E-01  0.000000000000000E+00 
 0.493731486692809E+00  0.789254017925052E-01  0.000000000000000E+00 
 0.496473930767787E+00  0.592759316078799E-01  0.000000000000000E+00 
 0.498820997061281E+00  0.343163647665218E-01  0.000000000000000E+00 
 0.499807726115610E+00  0.138649527638429E-01  0.000000000000000E+00 
 0.337000014819205E+00  0.369365658950390E+00  0.000000000000000E+00 
 0.337000014819205E+00  0.354707760930242E+00  0.000000000000000E+00 
 0.337000014819205E+00  0.358029499574402E+00  0.000000000000000E+00 
 0.337000014819205E+00  0.361541705676995E+00  0.000000000000000E+00 
 0.337000014819205E+00  0.365342474202788E+00  0.000000000000000E+00 
 0.337000014819205E+00  0.351567922947697E+00  0.000000000000000E+00 
 0.484779718895556E+00  0.464503883885840E-01  0.000000000000000E+00 
 0.481148342161140E+00  0.752681026032537E-01  0.000000000000000E+00 
 0.474810164508009E+00  0.108278908905575E+00  0.000000000000000E+00 
 0.466725064698399E+00  0.139056565527043E+00  0.000000000000000E+00 
 0.456361351989222E+00  0.170009796319132E+00  0.000000000000000E+00 
 0.443837775686197E+00  0.200442119595247E+00  0.000000000000000E+00 
 0.427504419884177E+00  0.233257337319539E+00  0.000000000000000E+00 
 0.409889320032583E+00  0.262982432411620E+00  0.000000000000000E+00 
 0.393153109949231E+00  0.287401542395217E+00  0.000000000000000E+00 
 0.376393469088870E+00  0.309025841736812E+00  0.000000000000000E+00 
 0.358552953260823E+00  0.329558483644164E+00  0.000000000000000E+00 
 0.345527949630802E+00  0.343190108333318E+00  0.000000000000000E+00 
 0.487000014819215E+00  0.578241158658936E-17  0.000000000000000E+00 
 0.495675606717383E+00  0.000000000000000E+00  0.000000000000000E+00 
 0.491352662883603E+00  0.000000000000000E+00  0.000000000000000E+00 
 0.489877266399274E+00  0.304837691989622E-01  0.000000000000000E+00 
 0.352298643602505E+00  0.349031982592846E+00  0.000000000000000E+00 
 0.352717948271974E+00  0.342596546205501E+00  0.000000000000000E+00 
 0.367454663089050E+00  0.332456455852627E+00  0.000000000000000E+00 
 0.371959804814123E+00  0.320791389740226E+00  0.000000000000000E+00 
 0.384076871705678E+00  0.313217715994512E+00  0.000000000000000E+00 
 0.389050155611071E+00  0.300043354013367E+00  0.000000000000000E+00 
 0.400803654847525E+00  0.291568023274241E+00  0.000000000000000E+00 
 0.405946652378322E+00  0.276848673943336E+00  0.000000000000000E+00 
 0.417609801303109E+00  0.267008298686912E+00  0.000000000000000E+00 
 0.423054439545942E+00  0.249640093273635E+00  0.000000000000000E+00 
 0.435511433609483E+00  0.235728434495346E+00  0.000000000000000E+00 
 0.440515069992649E+00  0.217281205790224E+00  0.000000000000000E+00 
 0.452255252000970E+00  0.202818313033902E+00  0.000000000000000E+00 
 0.493399712602545E+00  0.464132795170510E-01  0.000000000000000E+00 
 0.487471664074086E+00  0.612304235526983E-01  0.000000000000000E+00 
 0.454843988919661E+00  0.185976531107367E+00  0.000000000000000E+00 
 0.464512129175784E+00  0.172709515345470E+00  0.000000000000000E+00 
 0.466041738956236E+00  0.155554040569201E+00  0.000000000000000E+00 
 0.474730792866598E+00  0.142233667622138E+00  0.000000000000000E+00 
 0.475177139110792E+00  0.125189816880985E+00  0.000000000000000E+00 
 0.482866342191621E+00  0.111741791408104E+00  0.000000000000000E+00 
 0.482172415345719E+00  0.935490139437707E-01  0.000000000000000E+00 
 0.489101811663494E+00  0.779497655788566E-01  0.000000000000000E+00 
 0.494776156828425E+00  0.209094881718107E-01  0.000000000000000E+00 
 0.337000014819205E+00  0.369365658950390E+00  0.100000000000000E+01 
 0.499503989918589E+00  0.222657597088035E-01  0.100000000000000E+01 
 0.496905393696669E+00  0.555430438053105E-01  0.100000000000000E+01 
 0.492241085988953E+00  0.877423117111478E-01  0.100000000000000E+01 
 0.485055614499105E+00  0.121330337685575E+00  0.100000000000000E+01 
 0.475631245461729E+00  0.154191174651873E+00  0.100000000000000E+01 
 0.468116300667621E+00  0.175690435281097E+00  0.100000000000000E+01 
 0.459594346933136E+00  0.196908700333693E+00  0.100000000000000E+01 
 0.446058821560872E+00  0.225901588546266E+00  0.100000000000000E+01 
 0.430425452805901E+00  0.254428633563197E+00  0.100000000000000E+01 
 0.415082244340269E+00  0.278759269681647E+00  0.100000000000000E+01 
 0.400362053637564E+00  0.299516653972884E+00  0.100000000000000E+01 
 0.389632629657081E+00  0.313347114086772E+00  0.100000000000000E+01 
 0.378913552220431E+00  0.326227711796062E+00  0.100000000000000E+01 
 0.365869214373729E+00  0.340792778640555E+00  0.100000000000000E+01 
 0.355350500384443E+00  0.351747099315013E+00  0.100000000000000E+01 
 0.346085559532392E+00  0.360866714290957E+00  0.100000000000000E+01 
 0.500000000000000E+00 -0.462592926927149E-17  0.100000000000000E+01 
 0.491441904931911E+00  0.000000000000000E+00  0.100000000000000E+01 
 0.495806882893506E+00  0.000000000000000E+00  0.100000000000000E+01 
 0.487000014819215E+00  0.578241158658936E-17  0.100000000000000E+01 
 0.358822782276690E+00  0.329264673709638E+00  0.100000000000000E+01 
 0.377159196320146E+00  0.308090822753682E+00  0.100000000000000E+01 
 0.394436921629997E+00  0.285637058675785E+00  0.100000000000000E+01 
 0.410186714656750E+00  0.262518329937183E+00  0.100000000000000E+01 
 0.428050866701440E+00  0.232253030012645E+00  0.100000000000000E+01 
 0.442961003224637E+00  0.202372340145905E+00  0.100000000000000E+01 
 0.455317712325892E+00  0.172785402381740E+00  0.100000000000000E+01 
 0.467500917445250E+00  0.136425461779506E+00  0.100000000000000E+01 
 0.475782407973866E+00  0.103923600286435E+00  0.100000000000000E+01 
 0.481546644481979E+00  0.726762933978728E-01  0.100000000000000E+01 
 0.485225695617509E+00  0.415335857639168E-01  0.100000000000000E+01 
 0.486756093897258E+00  0.154116672617259E-01  0.100000000000000E+01 
 0.337000014819205E+00  0.351567922947697E+00  0.100000000000000E+01 
 0.337000014819205E+00  0.364408042863471E+00  0.100000000000000E+01 
 0.337000014819205E+00  0.359792230420810E+00  0.100000000000000E+01 
 0.337000014819205E+00  0.355704944867678E+00  0.100000000000000E+01 
 0.354095334272901E+00  0.340256551650191E+00  0.100000000000000E+01 
 0.490711291942977E+00  0.252681692669088E-01  0.100000000000000E+01 
 0.493995531268550E+00  0.408980802781578E-01  0.100000000000000E+01 
 0.488079700088011E+00  0.563297560606995E-01  0.100000000000000E+01 
 0.490258585913161E+00  0.726653815039236E-01  0.100000000000000E+01 
 0.483385586983554E+00  0.878787487578227E-01  0.100000000000000E+01 
 0.484383340835869E+00  0.104988720029338E+00  0.100000000000000E+01 
 0.476391902682302E+00  0.120410251327318E+00  0.100000000000000E+01 
 0.476017348390150E+00  0.138130366118668E+00  0.100000000000000E+01 
 0.466109432232537E+00  0.154853773291227E+00  0.100000000000000E+01 
 0.463590941972582E+00  0.174237016733450E+00  0.100000000000000E+01 
 0.453199677559859E+00  0.189679632259281E+00  0.100000000000000E+01 
 0.449514999617764E+00  0.208922459330496E+00  0.100000000000000E+01 
 0.439357738369630E+00  0.220056076620969E+00  0.100000000000000E+01 
 0.434377986458013E+00  0.238481385617341E+00  0.100000000000000E+01 
 0.350612504909709E+00  0.349454919445931E+00  0.100000000000000E+01 
 0.423336404245726E+00  0.249197940790955E+00  0.100000000000000E+01 
 0.418489344448149E+00  0.265446509387028E+00  0.100000000000000E+01 
 0.407037530342932E+00  0.275271884672687E+00  0.100000000000000E+01 
 0.402991618919346E+00  0.288571463271049E+00  0.100000000000000E+01 
 0.390400427546018E+00  0.298016934111064E+00  0.100000000000000E+01 
 0.385189069720274E+00  0.311177763720893E+00  0.100000000000000E+01 
 0.372410596467032E+00  0.320297009561219E+00  0.100000000000000E+01 
 0.368027413659734E+00  0.331938434080296E+00  0.100000000000000E+01 
 0.500000000000000E+00 -0.138777878078145E-16  0.983078065770776E+00 
 0.500000000000000E+00 -0.138777878078145E-16  0.956290548879095E+00 
 0.500000000000000E+00 -0.138777878078145E-16  0.927399142251449E+00 
 0.500000000000000E+00 -0.138777878078145E-16  0.897566331879982E+00 
 0.500000000000000E+00 -0.138777878078145E-16  0.866567718077033E+00 
 0.500000000000000E+00 -0.138777878078145E-16  0.834652722995015E+00 
 0.500000000000000E+00 -0.138777878078145E-16  0.802369163576764E+00 
 0.500000000000000E+00 -0.138777878078145E-16  0.768192908524680E+00 
 0.500000000000000E+00 -0.138777878078145E-16  0.734843786766957E+00 
 0.500000000000000E+00 -0.138777878078145E-16  0.702817114784227E+00 
 0.500000000000000E+00 -0.138777878078145E-16  0.671195414214191E+00 
 0.500000000000000E+00 -0.138777878078145E-16  0.639888168344660E+00 
 0.500000000000000E+00 -0.138777878078145E-16  0.608886232250604E+00 
 0.500000000000000E+00 -0.138777878078145E-16  0.578116822005678E+00 
 0.500000000000000E+00 -0.138777878078145E-16  0.547456984150648E+00 
 0.500000000000000E+00 -0.138777878078145E-16  0.516808464542601E+00 
 0.500000000000000E+00 -0.138777878078145E-16  0.486142283317060E+00 
 0.500000000000000E+00 -0.138777878078145E-16  0.455519823129481E+00 
 0.500000000000000E+00 -0.138777878078145E-16  0.425112372604920E+00 
 0.500000000000000E+00 -0.138777878078145E-16  0.395413805799386E+00 
 0.500000000000000E+00 -0.138777878078145E-16  0.366790931756933E+00 
 0.500000000000000E+00 -0.138777878078145E-16  0.338974315833590E+00 
 0.500000000000000E+00 -0.138777878078145E-16  0.311421976925906E+00 
 0.500000000000000E+00 -0.138777878078145E-16  0.283913301484972E+00 
 0.500000000000000E+00 -0.138777878078145E-16  0.257260166488522E+00 
 0.500000000000000E+00 -0.138777878078145E-16  0.228486239318117E+00 
 0.500000000000000E+00 -0.138777878078145E-16  0.199675685739060E+00 
 0.500000000000000E+00 -0.138777878078145E-16  0.173105341424693E+00 
 0.500000000000000E+00 -0.138777878078145E-16  0.144228025656541E+00 
 0.500000000000000E+00 -0.138777878078145E-16  0.112533079831543E+00 
 0.500000000000000E+00 -0.138777878078145E-16  0.803507515759991E-01 
 0.500000000000000E+00 -0.138777878078145E-16  0.491982354841793E-01 
 0.500000000000000E+00 -0.138777878078145E-16  0.186011304743043E-01 
 0.337000014819205E+00  0.369365658950390E+00  0.219319679340638E-01 
 0.337000014819205E+00  0.369365658950390E+00  0.502579004766576E-01 
 0.337000014819205E+00  0.369365658950390E+00  0.709336508597124E-01 
 0.337000014819205E+00  0.369365658950390E+00  0.105364013492216E+00 
 0.337000014819205E+00  0.369365658950390E+00  0.144580314302077E+00 
 0.337000014819205E+00  0.369365658950390E+00  0.180160443811056E+00 
 0.337000014819205E+00  0.369365658950390E+00  0.220002669205522E+00 
 0.337000014819205E+00  0.369365658950390E+00  0.262123935951370E+00 
 0.337000014819205E+00  0.369365658950390E+00  0.286463007922344E+00 
 0.337000014819205E+00  0.369365658950390E+00  0.307099321971779E+00 
 0.337000014819205E+00  0.369365658950390E+00  0.340720941941778E+00 
 0.337000014819205E+00  0.369365658950390E+00  0.381453882075169E+00 
 0.337000014819205E+00  0.369365658950390E+00  0.416795297977948E+00 
 0.337000014819205E+00  0.369365658950390E+00  0.443054440923288E+00 
 0.337000014819205E+00  0.369365658950390E+00  0.468439192684875E+00 
 0.337000014819205E+00  0.369365658950390E+00  0.499053160755473E+00 
 0.337000014819205E+00  0.369365658950390E+00  0.539851468340065E+00 
 0.337000014819205E+00  0.369365658950390E+00  0.565687012409820E+00 
 0.337000014819205E+00  0.369365658950390E+00  0.583178520586347E+00 
 0.337000014819205E+00  0.369365658950390E+00  0.607021341890483E+00 
 0.337000014819205E+00  0.369365658950390E+00  0.635589017252658E+00 
 0.337000014819205E+00  0.369365658950390E+00  0.667121016397893E+00 
 0.337000014819205E+00  0.369365658950390E+00  0.696976493690457E+00 
 0.337000014819205E+00  0.369365658950390E+00  0.724295315728221E+00 
 0.337000014819205E+00  0.369365658950390E+00  0.751055542868741E+00 
 0.337000014819205E+00  0.369365658950390E+00  0.778614025171437E+00 
 0.337000014819205E+00  0.369365658950390E+00  0.812763949742878E+00 
 0.337000014819205E+00  0.369365658950390E+00  0.849392781996616E+00 
 0.337000014819205E+00  0.369365658950390E+00  0.883368092138600E+00 
 0.337000014819205E+00  0.369365658950390E+00  0.922731590097409E+00 
 0.337000014819205E+00  0.369365658950390E+00  0.953004499251507E+00 
 0.337000014819205E+00  0.369365658950390E+00  0.974233693256241E+00 
 0.337000014819205E+00  0.369365658950390E+00  0.990100731503488E+00 
 0.452113383326995E+00  0.213526318323101E+00  0.895850875170189E+00 
 0.444481171247159E+00  0.228990149147848E+00  0.862352906547221E+00 
 0.429755146158050E+00  0.255559218872404E+00  0.892191340339520E+00 
 0.440540142983390E+00  0.236483366053882E+00  0.894928138276680E+00 
 0.433818123420358E+00  0.248599750184989E+00  0.872515902964033E+00 
 0.457622003457164E+00  0.201449998639491E+00  0.868212827213162E+00 
 0.463092018070824E+00  0.188535892601624E+00  0.897955629507369E+00 
 0.439629257366513E+00  0.238172450269480E+00  0.829458299025833E+00 
 0.452206276518477E+00  0.213329518532470E+00  0.834960842110370E+00 
 0.442444669250550E+00  0.232900654038951E+00  0.795275902097870E+00 
 0.454568727985187E+00  0.208248100922744E+00  0.251459377163091E+00 
 0.454099045093427E+00  0.209270297092630E+00  0.200916263457166E+00 
 0.453085686828256E+00  0.211455338999438E+00  0.168812466019842E+00 
 0.446144332365095E+00  0.225732662010848E+00  0.138131862064430E+00 
 0.348736866019077E+00  0.358305174787070E+00  0.165085305788237E-01 
 0.457628503924361E+00  0.201435231267896E+00  0.131054390460169E+00 
 0.443943077368553E+00  0.230031615341324E+00  0.104841125602271E+00 
 0.455826325998645E+00  0.205480803304291E+00  0.927556985431559E-01 
 0.435904669947480E+00  0.244922679060105E+00  0.786985069553990E-01 
 0.475225382974120E+00  0.155437561024035E+00  0.773666424870200E+00 
 0.401616282571816E+00  0.297832774511462E+00  0.237637018212624E+00 
 0.440745103434541E+00  0.236101151624629E+00  0.953913628235346E+00 
 0.431929706588667E+00  0.251866489565858E+00  0.920081382607619E+00 
 0.446274418763109E+00  0.225475371510170E+00  0.924809713796603E+00 
 0.458028268392644E+00  0.200524575434624E+00  0.925586587799631E+00 
 0.468004994435908E+00  0.175986718768906E+00  0.923946572033661E+00 
 0.480413806253340E+00  0.138573355163171E+00  0.806874626091806E+00 
 0.360096809368411E+00  0.346886563421950E+00  0.198436722917242E-01 
 0.350346930362560E+00  0.356731030869942E+00  0.362303553448555E-01 
 0.481918540944345E+00  0.133246087725208E+00  0.846820751743164E+00 
 0.477828608058204E+00  0.147240691798018E+00  0.876546640195118E+00 
 0.482953037309361E+00  0.129446374046023E+00  0.779794600347664E+00 
 0.488116045528499E+00  0.108363859739399E+00  0.828448920179466E+00 
 0.490220301928509E+00  0.984075991838126E-01  0.797259650268458E+00 
 0.359336168058533E+00  0.347674443013877E+00  0.764860380564400E+00 
 0.366594365197587E+00  0.340012604774261E+00  0.789034392425819E+00 
 0.371055762050180E+00  0.335138212457726E+00  0.764885834878703E+00 
 0.378688749851073E+00  0.326488637989489E+00  0.791196198244469E+00 
 0.383213287890740E+00  0.321165963302415E+00  0.764876092207796E+00 
 0.386058168494979E+00  0.317740602596367E+00  0.818375188832516E+00 
 0.391747277718045E+00  0.310699324750636E+00  0.791957334578367E+00 
 0.395769290353286E+00  0.305559599445438E+00  0.764158739706115E+00 
 0.391865702147411E+00  0.310549950057179E+00  0.841110083387009E+00 
 0.401613345699768E+00  0.297836734732032E+00  0.823728961155151E+00 
 0.405074727619822E+00  0.293111693802425E+00  0.791140626071247E+00 
 0.408397840393806E+00  0.288463522757514E+00  0.762478427904079E+00 
 0.401644066230501E+00  0.297795305641020E+00  0.856965263412647E+00 
 0.410714749930184E+00  0.285155035357587E+00  0.877850598352145E+00 
 0.414103694897764E+00  0.280210866798595E+00  0.848846644573952E+00 
 0.415968671247546E+00  0.277434793312864E+00  0.817491603855780E+00 
 0.417719042725181E+00  0.274792287636969E+00  0.787509788761485E+00 
 0.420795962156424E+00  0.270056953683569E+00  0.760140343064612E+00 
 0.419680732831604E+00  0.271786832811908E+00  0.899376236203938E+00 
 0.422557365090687E+00  0.267292486253571E+00  0.872431323847627E+00 
 0.373738533635430E+00  0.332143806921096E+00  0.223794168244936E-01 
 0.365335243787809E+00  0.341365141229304E+00  0.423731049735522E-01 
 0.356020616348515E+00  0.351068826207659E+00  0.602224425006090E-01 
 0.349020024320821E+00  0.358029360001514E+00  0.781702147735402E-01 
 0.428688637732782E+00  0.257344228376724E+00  0.844606059027682E+00 
 0.429006482009452E+00  0.256814015181949E+00  0.809443242174561E+00 
 0.428927293920104E+00  0.256946252220921E+00  0.782507244614604E+00 
 0.433178880197145E+00  0.249711949556179E+00  0.759308602708447E+00 
 0.472898800798978E+00  0.162378336618184E+00  0.900280126211463E+00 
 0.468380449851818E+00  0.174985011348425E+00  0.873618336209267E+00 
 0.464174579326423E+00  0.185854674160049E+00  0.843801315689736E+00 
 0.459340846181262E+00  0.197499334250732E+00  0.808560710267010E+00 
 0.452174716744659E+00  0.213396404695316E+00  0.780911567824292E+00 
 0.444777612200760E+00  0.228413825511921E+00  0.759216249423757E+00 
 0.461003399992323E+00  0.193586841483399E+00  0.780619612257239E+00 
 0.455789319673425E+00  0.205562876200049E+00  0.757709264317900E+00 
 0.473343245791009E+00  0.161078153900620E+00  0.852781848647940E+00 
 0.472155302960612E+00  0.164527717683594E+00  0.824506060260924E+00 
 0.469474875313684E+00  0.172027153232275E+00  0.793124209750564E+00 
 0.466252718926679E+00  0.180577966799604E+00  0.761965682498661E+00 
 0.373112295974549E+00  0.332847133970837E+00  0.223521250509579E+00 
 0.379574919008749E+00  0.325457955594116E+00  0.201317072608909E+00 
 0.389895826369504E+00  0.313019559420241E+00  0.224364918503607E+00 
 0.391858417336608E+00  0.310559142133102E+00  0.190204265842239E+00 
 0.407522581128779E+00  0.289698715686034E+00  0.215732168464845E+00 
 0.404149402006239E+00  0.294386244342359E+00  0.172161823733190E+00 
 0.426263194371933E+00  0.261342092139471E+00  0.240023155882885E+00 
 0.419722933514923E+00  0.271721657365819E+00  0.198466009732899E+00 
 0.418085343532719E+00  0.274234654125128E+00  0.168725728097950E+00 
 0.411797542686114E+00  0.283589110929313E+00  0.142965589074553E+00 
 0.442140964246470E+00  0.233476696342915E+00  0.246986925582538E+00 
 0.434894848891459E+00  0.246711309849538E+00  0.213279776915430E+00 
 0.430365606733519E+00  0.254529849999740E+00  0.179947754439882E+00 
 0.425967713383457E+00  0.261823427437021E+00  0.149610543508387E+00 
 0.420480453608252E+00  0.270547940545477E+00  0.120492635221360E+00 
 0.448407256867645E+00  0.221203372461711E+00  0.222275854620139E+00 
 0.443318820704340E+00  0.231232400863966E+00  0.190604981314180E+00 
 0.439063806271021E+00  0.239213239647815E+00  0.159364906728853E+00 
 0.388888260023261E+00  0.314270458707274E+00  0.249993295584023E-01 
 0.380286405750004E+00  0.324626323026558E+00  0.474521093477741E-01 
 0.371233329978161E+00  0.334941509391305E+00  0.676124580582452E-01 
 0.362615968360189E+00  0.344252319513176E+00  0.864298637587310E-01 
 0.353547339198233E+00  0.353559441884741E+00  0.103251708346914E+00 
 0.434266167782752E+00  0.247816253541375E+00  0.128268203705269E+00 
 0.429032343479798E+00  0.256770808793041E+00  0.989891090848901E-01 
 0.497678099944671E+00  0.481301239917593E-01  0.240086390904864E+00 
 0.495093472067067E+00  0.698745584356444E-01  0.249830967065348E+00 
 0.494992380567009E+00  0.705871318343909E-01  0.221653681292290E+00 
 0.491095371510867E+00  0.939432598998139E-01  0.230833480506263E+00 
 0.491330673458920E+00  0.927047426963932E-01  0.201587506162961E+00 
 0.486877873816025E+00  0.113797785516184E+00  0.179795120239281E+00 
 0.485787601194063E+00  0.118365563092134E+00  0.238033983878912E+00 
 0.486151381967612E+00  0.116862456807057E+00  0.208277855742841E+00 
 0.480477322383253E+00  0.138352964100592E+00  0.185261692523289E+00 
 0.481765486040876E+00  0.133798417254461E+00  0.157035608337459E+00 
 0.479059621468290E+00  0.143184772509714E+00  0.243402418587555E+00 
 0.479557799735510E+00  0.141507302683771E+00  0.214174378045775E+00 
 0.471411856870868E+00  0.166645915646198E+00  0.248918047542954E+00 
 0.471493326927414E+00  0.166415271723836E+00  0.220022267331284E+00 
 0.472631709647167E+00  0.163154120499594E+00  0.190433333596308E+00 
 0.474228551684225E+00  0.158452771409914E+00  0.161984350025505E+00 
 0.476002991961615E+00  0.153039706101359E+00  0.133605423991689E+00 
 0.463977527173320E+00  0.186346060538267E+00  0.256459876477831E+00 
 0.461467119200451E+00  0.192478824541394E+00  0.227710025581725E+00 
 0.463495808483434E+00  0.187541023560947E+00  0.195561225223453E+00 
 0.464835395247636E+00  0.184195698443189E+00  0.165460414101779E+00 
 0.468178074254670E+00  0.175525755338608E+00  0.140002431465001E+00 
 0.467783560432539E+00  0.176574461882393E+00  0.108774972095251E+00 
 0.464048389571655E+00  0.186169525261127E+00  0.791220712106425E-01 
 0.446247826219222E+00  0.225527997363119E+00  0.698851202083998E-01 
 0.456619062995409E+00  0.203713110302688E+00  0.596351916863850E-01 
 0.346025424594439E+00  0.360924376475514E+00  0.983150455115853E+00 
 0.345990851631079E+00  0.360957519089991E+00  0.962872298461962E+00 
 0.353955264885278E+00  0.353151058981836E+00  0.974449954294673E+00 
 0.347140780921495E+00  0.359851744780006E+00  0.938601113153406E+00 
 0.356339665600959E+00  0.350744982457906E+00  0.954605006130085E+00 
 0.363630982846903E+00  0.343179994046557E+00  0.974377352523110E+00 
 0.348255166775005E+00  0.358773380861113E+00  0.902844923619306E+00 
 0.358338446175486E+00  0.348702678499231E+00  0.928426214751019E+00 
 0.367376451274816E+00  0.339167426279002E+00  0.948894354275779E+00 
 0.375311281241545E+00  0.330365618932767E+00  0.972664370321610E+00 
 0.385229862413422E+00  0.318744338153536E+00  0.982187260662730E+00 
 0.346224993593351E+00  0.360732939736981E+00  0.867702969488666E+00 
 0.355536623368370E+00  0.351558970080153E+00  0.880741555816344E+00 
 0.361649071985870E+00  0.345267937595947E+00  0.900819512079397E+00 
 0.370314662132283E+00  0.335956918383672E+00  0.922071489283469E+00 
 0.379242524644400E+00  0.325845220160342E+00  0.942593370614964E+00 
 0.387827451055414E+00  0.315578624446999E+00  0.961265419158006E+00 
 0.395949772495332E+00  0.305325691124894E+00  0.979395616363119E+00 
 0.347632368788132E+00  0.359376872058779E+00  0.838268579255408E+00 
 0.357033564943958E+00  0.350038617160176E+00  0.857250402026962E+00 
 0.365926092643772E+00  0.340731704897654E+00  0.875609873526377E+00 
 0.373883826281269E+00  0.331980247070934E+00  0.895799635979944E+00 
 0.382699708152933E+00  0.321777770176344E+00  0.916251581981078E+00 
 0.391738958355949E+00  0.310709813984361E+00  0.936387515320284E+00 
 0.404857564494612E+00  0.293411575217289E+00  0.282083578749298E-01 
 0.395509372679430E+00  0.305895956368704E+00  0.527062670386809E-01 
 0.386120372638058E+00  0.317665008828243E+00  0.747644459833492E-01 
 0.376874446970828E+00  0.328581270343324E+00  0.951742420192581E-01 
 0.367397160052752E+00  0.339144993749241E+00  0.114176617811267E+00 
 0.357135874575322E+00  0.349934232522798E+00  0.131520706471844E+00 
 0.349560961673627E+00  0.357501236464728E+00  0.153014344271432E+00 
 0.400531224739360E+00  0.299290390772554E+00  0.956426383065548E+00 
 0.408187901612464E+00  0.288760518383684E+00  0.977662584547943E+00 
 0.345174263336653E+00  0.361738480023896E+00  0.791628589269674E+00 
 0.349772235222955E+00  0.357294533217537E+00  0.811747394395045E+00 
 0.359348617571748E+00  0.347661575457044E+00  0.830446882067678E+00 
 0.368397555761018E+00  0.338058043698575E+00  0.849606954999088E+00 
 0.377352386992417E+00  0.328032278946943E+00  0.869904649331622E+00 
 0.386115774904345E+00  0.317670597270219E+00  0.890159029714007E+00 
 0.395250778543650E+00  0.306230014957121E+00  0.910580899425714E+00 
 0.404646355646170E+00  0.293702786609649E+00  0.931309918035902E+00 
 0.413546042689137E+00  0.281033219702145E+00  0.953099731500953E+00 
 0.421251674827058E+00  0.269345552135911E+00  0.976348682890691E+00 
 0.347565722925741E+00  0.359441327962029E+00  0.764915345331968E+00 
 0.355203908619015E+00  0.351895131114050E+00  0.788645908780302E+00 
 0.360625787085887E+00  0.346336601716718E+00  0.808068769770551E+00 
 0.372037444609402E+00  0.334048110020856E+00  0.818548758227145E+00 
 0.380253156567876E+00  0.324665269039001E+00  0.843859260676455E+00 
 0.389261673461607E+00  0.313807822677940E+00  0.864371021487367E+00 
 0.398491562531148E+00  0.302000785746468E+00  0.884150990539525E+00 
 0.407767289396528E+00  0.289354173459116E+00  0.905047506064089E+00 
 0.417840138608536E+00  0.274608118174973E+00  0.926530110591811E+00 
 0.426896160463635E+00  0.260306873096748E+00  0.950757918453857E+00 
 0.433283849905540E+00  0.249529768586903E+00  0.975635648951712E+00 
 0.498679143874668E+00  0.363195741223411E-01  0.979824476850047E+00 
 0.499539242761508E+00  0.214603108379047E-01  0.962921136989519E+00 
 0.495664672355954E+00  0.657003240347002E-01  0.975652684257406E+00 
 0.497927540744885E+00  0.454770729901432E-01  0.955788941052118E+00 
 0.499425939082632E+00  0.239526902754377E-01  0.939742596335783E+00 
 0.490987979285842E+00  0.945029322127414E-01  0.970773820506726E+00 
 0.494679696797381E+00  0.727461172603131E-01  0.948566529629308E+00 
 0.497406855501895E+00  0.508568589249985E-01  0.929091010160482E+00 
 0.499280316053893E+00  0.268172705755951E-01  0.912253457787830E+00 
 0.479746711138206E+00  0.140865514417384E+00  0.977624036757603E+00 
 0.485320177657170E+00  0.120267722847042E+00  0.962050273097856E+00 
 0.489890541771351E+00  0.100036278834094E+00  0.940849459687531E+00 
 0.493700446148365E+00  0.791193369089121E-01  0.919785225158457E+00 
 0.496832444939855E+00  0.561918290775943E-01  0.900021636030329E+00 
 0.499089070163746E+00  0.301678644104504E-01  0.882097359952977E+00 
 0.463870701759999E+00  0.186611821835289E+00  0.976723782468541E+00 
 0.472214832499188E+00  0.164356782542624E+00  0.971800443681347E+00 
 0.478798543095814E+00  0.144055389101991E+00  0.952508691590588E+00 
 0.483802020338401E+00  0.126236306649401E+00  0.932765731800909E+00 
 0.488306018058023E+00  0.107504570732215E+00  0.911295226015526E+00 
 0.492407191504063E+00  0.868052864466279E-01  0.889712956933270E+00 
 0.495996992131998E+00  0.631425672269542E-01  0.868798372082460E+00 
 0.498763620039923E+00  0.351404514010671E-01  0.849470951637236E+00 
 0.480015938445948E+00  0.139945342322838E+00  0.756791228048364E+00 
 0.486964863397449E+00  0.113424961169508E+00  0.760147467879433E+00 
 0.494346137663422E+00  0.749793049931606E-01  0.769433322820640E+00 
 0.497914654837590E+00  0.456179405274163E-01  0.756651069797003E+00 
 0.453927657991285E+00  0.209641792852825E+00  0.961867661539453E+00 
 0.498903809674332E+00  0.330906133584432E-01  0.784021941749676E+00 
 0.421577632562944E+00  0.268835079040336E+00  0.330605349367819E-01 
 0.410596791239517E+00  0.285324858755441E+00  0.591379926761610E-01 
 0.400935934216564E+00  0.298748015313727E+00  0.821552002742664E-01 
 0.391551805205358E+00  0.310945628431122E+00  0.103930055111721E+00 
 0.382097171639252E+00  0.322493025390138E+00  0.124684488746799E+00 
 0.372340716008924E+00  0.333710040607054E+00  0.144145771243892E+00 
 0.362898456548014E+00  0.343954517683762E+00  0.163303564265573E+00 
 0.352856644652946E+00  0.354248766157716E+00  0.180890497049890E+00 
 0.464557052090185E+00  0.184896580155711E+00  0.950781019752663E+00 
 0.472198593293324E+00  0.164403432116869E+00  0.945102101415264E+00 
 0.476600774494782E+00  0.151167793365431E+00  0.926075133262819E+00 
 0.481341622847084E+00  0.135315343235480E+00  0.904450259802205E+00 
 0.485951792729747E+00  0.117689656056704E+00  0.881070480267437E+00 
 0.490484169310506E+00  0.970838794846152E-01  0.858458462820276E+00 
 0.494531110877007E+00  0.737494432165692E-01  0.835160771586051E+00 
 0.497989926776461E+00  0.447887578436190E-01  0.812535060114816E+00 
 0.344324255062961E+00  0.362547662211932E+00  0.739860963045442E+00 
 0.353583404480745E+00  0.353523374157645E+00  0.740766636180224E+00 
 0.363814421974736E+00  0.342985519174191E+00  0.740192779851539E+00 
 0.374993303215621E+00  0.330726507167837E+00  0.739244858146748E+00 
 0.386860995161938E+00  0.316762640509128E+00  0.738128063268395E+00 
 0.399210228124180E+00  0.301050151571196E+00  0.736721259753313E+00 
 0.411726902883841E+00  0.283691659097831E+00  0.735066890519266E+00 
 0.424248679542442E+00  0.264599807079473E+00  0.733589655525336E+00 
 0.436550482166287E+00  0.243769720269731E+00  0.732665602168116E+00 
 0.448438719863637E+00  0.221139581547634E+00  0.732265061287833E+00 
 0.460074896290601E+00  0.195783272531626E+00  0.733255329361837E+00 
 0.471980705196264E+00  0.165027918615117E+00  0.738738343239709E+00 
 0.481222435543766E+00  0.135738599997665E+00  0.732290169217655E+00 
 0.488793071048893E+00  0.105267913889241E+00  0.732798264004316E+00 
 0.494750071886617E+00  0.722659419656838E-01  0.733409327367810E+00 
 0.498529422357862E+00  0.383199040126114E-01  0.731458134734977E+00 
 0.346152589173408E+00  0.360802418240989E+00  0.718849439425163E+00 
 0.355963744809977E+00  0.351126490571215E+00  0.716388188663732E+00 
 0.366493630043010E+00  0.340121183018491E+00  0.714441762989680E+00 
 0.377824384872723E+00  0.327488525288365E+00  0.712780860885817E+00 
 0.389784355288260E+00  0.313158356702348E+00  0.711082137028266E+00 
 0.402180270679551E+00  0.297070748940591E+00  0.709417127711955E+00 
 0.414761574968878E+00  0.279236165152969E+00  0.707807397103389E+00 
 0.427322178059609E+00  0.259606926214214E+00  0.706450411877462E+00 
 0.439663787259979E+00  0.238108702428558E+00  0.705513042099495E+00 
 0.451638738395284E+00  0.214528436298585E+00  0.705184233803965E+00 
 0.463102500977952E+00  0.188510141870315E+00  0.705651016852327E+00 
 0.473596962854143E+00  0.160330648272037E+00  0.705901624445719E+00 
 0.482529332832967E+00  0.131016956749011E+00  0.704084674938585E+00 
 0.489825877692786E+00  0.100352426689604E+00  0.703575702635654E+00 
 0.495323853124318E+00  0.682222876051432E-01  0.703139356040944E+00 
 0.498787650298163E+00  0.347976997808315E-01  0.702530336495180E+00 
 0.346945973011288E+00  0.360039569785393E+00  0.692672097167549E+00 
 0.357356289075606E+00  0.349709140083744E+00  0.689993192852469E+00 
 0.368327205017829E+00  0.338134692162390E+00  0.687723807468976E+00 
 0.379982413967080E+00  0.324982099623580E+00  0.685721918240142E+00 
 0.392158375990022E+00  0.310180283288394E+00  0.683789598538849E+00 
 0.404700145404852E+00  0.293628663977637E+00  0.681961807916511E+00 
 0.417366798920891E+00  0.275326996784784E+00  0.680289015986879E+00 
 0.429956578468812E+00  0.255220180689915E+00  0.678869755277657E+00 
 0.442263567718184E+00  0.233244371141477E+00  0.677797043787993E+00 
 0.454076912441061E+00  0.209318316417826E+00  0.677113595962406E+00 
 0.465127013954659E+00  0.183458063027011E+00  0.676660178894527E+00 
 0.475074087340713E+00  0.155899363492570E+00  0.675959729613029E+00 
 0.483624567143912E+00  0.126914451717935E+00  0.674822353474159E+00 
 0.490573082452816E+00  0.966335902921078E-01  0.673939932561364E+00 
 0.495730400807399E+00  0.652025284428102E-01  0.673100023199512E+00 
 0.498919442155936E+00  0.328540749193971E-01  0.672292915913100E+00 
 0.347530272953501E+00  0.359475603318035E+00  0.664254258837407E+00 
 0.358411325361115E+00  0.348627769767254E+00  0.662347306729312E+00 
 0.369778187689360E+00  0.336547310060818E+00  0.660310558388542E+00 
 0.381726690229950E+00  0.322931469457666E+00  0.658288774994484E+00 
 0.394123901924740E+00  0.307678972196050E+00  0.656221749026627E+00 
 0.406805319510117E+00  0.290705060186904E+00  0.654250432461570E+00 
 0.419543248883895E+00  0.271999011608399E+00  0.652438308724395E+00 
 0.432127898515278E+00  0.251526299469399E+00  0.650856949742486E+00 
 0.444339439484292E+00  0.229265048620119E+00  0.649537930564028E+00 
 0.455942861716744E+00  0.205222091524149E+00  0.648452205959613E+00 
 0.466676261462504E+00  0.179480547657346E+00  0.647467461707650E+00 
 0.476272122231809E+00  0.152200084049940E+00  0.646404035090026E+00 
 0.484492108447089E+00  0.123561308072124E+00  0.645229662541949E+00 
 0.491130916856250E+00  0.937572530951048E-01  0.644083065504729E+00 
 0.496013306421969E+00  0.630142829233680E-01  0.642902471380619E+00 
 0.498998712170963E+00  0.316272865058054E-01  0.641683194881524E+00 
 0.348076354094153E+00  0.358946864759286E+00  0.635228072201376E+00 
 0.359324494902293E+00  0.347686507306815E+00  0.634398140199478E+00 
 0.371006384323542E+00  0.335192874016098E+00  0.632689141793067E+00 
 0.383180615772918E+00  0.321204943448708E+00  0.630636765471821E+00 
 0.395753601822814E+00  0.305579918588034E+00  0.628413374318241E+00 
 0.408546152993041E+00  0.288253431678769E+00  0.626255152294120E+00 
 0.421330994580647E+00  0.269221457179184E+00  0.624256833119078E+00 
 0.433889290442937E+00  0.248475519194397E+00  0.622470016408476E+00 
 0.346410944315260E+00  0.360554375453425E+00  0.239819495504141E+00 
 0.445994462761092E+00  0.226028624705909E+00  0.620895255157159E+00 
 0.457412525073838E+00  0.201925188883347E+00  0.619491722771636E+00 
 0.467901228920435E+00  0.176262417930614E+00  0.618174454899087E+00 
 0.477225580857612E+00  0.149183594859202E+00  0.616855474054741E+00 
 0.485171829079626E+00  0.120864785059711E+00  0.615498225969412E+00 
 0.491553402008776E+00  0.915164082205973E-01  0.614104524517937E+00 
 0.496217403817749E+00  0.613863840633513E-01  0.612622253892126E+00 
 0.499052367508680E+00  0.307690507487883E-01  0.611053625608343E+00 
 0.348561734517288E+00  0.358475546209640E+00  0.607918777386407E+00 
 0.360132749740239E+00  0.346849250488644E+00  0.607102108455666E+00 
 0.372029668722667E+00  0.334056770010881E+00  0.605238338481965E+00 
 0.384381979593368E+00  0.319766311177215E+00  0.602861733943322E+00 
 0.397089287984020E+00  0.303842224465830E+00  0.600366925240816E+00 
 0.409974038038123E+00  0.286218951389868E+00  0.597977430755406E+00 
 0.422793411299170E+00  0.266918960289468E+00  0.595777358267449E+00 
 0.435322361313935E+00  0.245956178495399E+00  0.593789786452601E+00 
 0.447332307107764E+00  0.223369216808505E+00  0.591995931585163E+00 
 0.458596376950519E+00  0.199221893997266E+00  0.590353391513832E+00 
 0.468887682960219E+00  0.173621256671517E+00  0.588798787493486E+00 
 0.477990814564498E+00  0.146713261813537E+00  0.587267381232441E+00 
 0.485711135772747E+00  0.118678947527977E+00  0.585709578497615E+00 
 0.491882017169575E+00  0.897333894667409E-01  0.584087288060390E+00 
 0.496372189758764E+00  0.601219530129342E-01  0.582345595915262E+00 
 0.499092096459826E+00  0.301177564127074E-01  0.580507805688147E+00 
 0.348957039107529E+00  0.358090749471843E+00  0.583013826951270E+00 
 0.360730911407145E+00  0.346227106904370E+00  0.580703874528418E+00 
 0.372805432578957E+00  0.333190800352616E+00  0.577838185649205E+00 
 0.385326497475502E+00  0.318627510336540E+00  0.574885613297814E+00 
 0.398173921904397E+00  0.302419456905919E+00  0.572035664639654E+00 
 0.411150041549597E+00  0.284527052024521E+00  0.569419679574124E+00 
 0.424005185283862E+00  0.264989816506971E+00  0.567040034429745E+00 
 0.434656647999438E+00  0.247130731293970E+00  0.239757759691499E-01 
 0.436510630004079E+00  0.243841075074406E+00  0.564887454513208E+00 
 0.448440917663114E+00  0.221135124675988E+00  0.562924442447644E+00 
 0.459576735457502E+00  0.196949801285061E+00  0.561105738186467E+00 
 0.469703725335037E+00  0.171401313899247E+00  0.559372980283962E+00 
 0.478621663954690E+00  0.144641981434310E+00  0.557664747593537E+00 
 0.486152777400778E+00  0.116856651610039E+00  0.555922384595328E+00 
 0.492148706363735E+00  0.882589985469047E-01  0.554093587548574E+00 
 0.496496737521920E+00  0.590845972321843E-01  0.552122501990759E+00 
 0.499124022021996E+00  0.295839591769996E-01  0.550050791016967E+00 
 0.348989280468005E+00  0.358059327651751E+00  0.558981799616527E+00 
 0.360989338757449E+00  0.345957652471310E+00  0.553965260694475E+00 
 0.373324487464511E+00  0.332609120529429E+00  0.549928684675836E+00 
 0.386076470459705E+00  0.317718364211729E+00  0.546458033127769E+00 
 0.399079244919856E+00  0.301223764457916E+00  0.543361515254747E+00 
 0.412153696769301E+00  0.283071245871775E+00  0.540587798677287E+00 
 0.425045862418854E+00  0.263317327269994E+00  0.538088484370226E+00 
 0.437534187996615E+00  0.241999657714929E+00  0.535823482912230E+00 
 0.449397019044588E+00  0.219185581811028E+00  0.533745849556063E+00 
 0.460422945568394E+00  0.194963358593668E+00  0.531804916590981E+00 
 0.470408063519422E+00  0.169458708173725E+00  0.529941477098339E+00 
 0.479165521063812E+00  0.142829980829115E+00  0.528091322997382E+00 
 0.486532803636430E+00  0.115264179109016E+00  0.526188851432893E+00 
 0.492377916606151E+00  0.869711862549106E-01  0.524173313352807E+00 
 0.496604034090636E+00  0.581758826740643E-01  0.521983868014087E+00 
 0.499151803923280E+00  0.291114520444364E-01  0.519667097087585E+00 
 0.348928929515635E+00  0.358118139930209E+00  0.530396578510273E+00 
 0.361251837561660E+00  0.345683540045406E+00  0.524970585374686E+00 
 0.373831901417955E+00  0.332038716842232E+00  0.520921083804013E+00 
 0.386780037485072E+00  0.316861488040194E+00  0.517456057913877E+00 
 0.399914262773172E+00  0.300114282283584E+00  0.514329586153846E+00 
 0.413069337213425E+00  0.281733424808031E+00  0.511517509271869E+00 
 0.425994315595062E+00  0.261780142640145E+00  0.508972460370872E+00 
 0.438467171556641E+00  0.240305096631594E+00  0.506656793543482E+00 
 0.450269822909209E+00  0.217386951258141E+00  0.504519026590841E+00 
 0.461196375963167E+00  0.193126649632930E+00  0.502505884573917E+00 
 0.471052513637111E+00  0.167658967538748E+00  0.500554718152548E+00 
 0.479663546208612E+00  0.141148441148241E+00  0.498597282984665E+00 
 0.486881272625195E+00  0.113783242908921E+00  0.496561183991898E+00 
 0.492588764677999E+00  0.857689274329754E-01  0.494376106807724E+00 
 0.459256472040618E+00  0.197695454901738E+00  0.291112149553842E-01 
 0.466809333687789E+00  0.179134156379966E+00  0.541377230807854E-01 
 0.472638756827337E+00  0.163133704502500E+00  0.795969241730093E-01 
 0.477885727042856E+00  0.147055200141717E+00  0.105291195762631E+00 
 0.483345733206292E+00  0.127972271181192E+00  0.129360324572404E+00 
 0.487967995701366E+00  0.109028597951143E+00  0.152326793283031E+00 
 0.491897115379072E+00  0.896505877378865E-01  0.174148064886029E+00 
 0.495206397619073E+00  0.690697021648463E-01  0.194313072651888E+00 
 0.497717906197850E+00  0.477167250555569E-01  0.212885310469709E+00 
 0.499229510350107E+00  0.277469997583965E-01  0.230247591101357E+00 
 0.499828524593393E+00  0.130937390684555E-01  0.243757609718905E+00 
 0.496703434216015E+00  0.573210121859067E-01  0.491967447617269E+00 
 0.499177899325987E+00  0.286605098435933E-01  0.489365334010490E+00 
 0.349373226728282E+00  0.357684705355804E+00  0.496977117436692E+00 
 0.361789351522866E+00  0.345120942750022E+00  0.494385808743891E+00 
 0.374489461458549E+00  0.331296911027685E+00  0.491176913788272E+00 
 0.387516971030075E+00  0.315959803082095E+00  0.488054141034548E+00 
 0.400746969266131E+00  0.299001449200519E+00  0.485037636598863E+00 
 0.413966088987611E+00  0.280414117277111E+00  0.482276132331388E+00 
 0.426920069778475E+00  0.260267658421753E+00  0.479755636366309E+00 
 0.439378038053864E+00  0.238635579233142E+00  0.477448392776044E+00 
 0.451122462349734E+00  0.215611975464058E+00  0.475303590805395E+00 
 0.461952758134047E+00  0.191310348001217E+00  0.473264939534651E+00 
 0.471683437796663E+00  0.165875659782625E+00  0.471266672313880E+00 
 0.480151815072486E+00  0.139478437339244E+00  0.469236205459207E+00 
 0.487223639425576E+00  0.112308170606134E+00  0.467095283275667E+00 
 0.492796717633226E+00  0.845659215637066E-01  0.464761432207722E+00 
 0.496802118991544E+00  0.564593177917697E-01  0.462136220885098E+00 
 0.499204105713126E+00  0.282003694861962E-01  0.459206930760791E+00 
 0.349680394346208E+00  0.357384417413351E+00  0.467042109152922E+00 
 0.362282207149575E+00  0.344603543775790E+00  0.464554337869238E+00 
 0.375109274957482E+00  0.330594966448179E+00  0.461558680305895E+00 
 0.388267715623268E+00  0.315036793096758E+00  0.458512168986301E+00 
 0.401604395897471E+00  0.297848802575782E+00  0.455609917258499E+00 
 0.414901428675271E+00  0.279028322009108E+00  0.452946721422803E+00 
 0.427888650024191E+00  0.258672192514920E+00  0.450508813048719E+00 
 0.440331298348247E+00  0.236872006988895E+00  0.448263951769021E+00 
 0.452014252848327E+00  0.213736087785775E+00  0.446160768403851E+00 
 0.462743425788660E+00  0.189389867441146E+00  0.444140705527071E+00 
 0.472343021655284E+00  0.163988017530416E+00  0.442133085614167E+00 
 0.480662492561437E+00  0.137708272244723E+00  0.440063129361987E+00 
 0.487582102366285E+00  0.110741561538898E+00  0.437850816066363E+00 
 0.446678391436360E+00  0.224674018577641E+00  0.333269988382273E-01 
 0.435219241106514E+00  0.246138603576663E+00  0.513619432950740E-01 
 0.424389750734272E+00  0.264373484812117E+00  0.687453730763858E-01 
 0.415295978935141E+00  0.278440747521449E+00  0.903812300126796E-01 
 0.406187745409142E+00  0.291567342957742E+00  0.112464966412048E+00 
 0.397058172655297E+00  0.303882884558568E+00  0.134895515403469E+00 
 0.387595425361782E+00  0.315863556363533E+00  0.156632865417693E+00 
 0.376874662639424E+00  0.328581022976709E+00  0.174960718962068E+00 
 0.366178034670579E+00  0.340460933037540E+00  0.194036077668458E+00 
 0.355730976496803E+00  0.351362309248774E+00  0.219937446715770E+00 
 0.493014873461444E+00  0.832846597267257E-01  0.435402789596440E+00 
 0.496905923206507E+00  0.555383064405859E-01  0.432589899779616E+00 
 0.499231788541100E+00  0.277059796804620E-01  0.429329059143806E+00 
 0.349853537013475E+00  0.357214924994968E+00  0.438926286612460E+00 
 0.362665217986619E+00  0.344200435302918E+00  0.435302264273275E+00 
 0.375701267525079E+00  0.329922047732566E+00  0.431895382373960E+00 
 0.389059611880528E+00  0.314058304146496E+00  0.428874149406177E+00 
 0.402550715650661E+00  0.296568577784534E+00  0.426111927547901E+00 
 0.415946602930086E+00  0.277467878340758E+00  0.423609507814253E+00 
 0.428970473254152E+00  0.256874158054307E+00  0.421306133559448E+00 
 0.441391173352192E+00  0.234891106870343E+00  0.419169355507734E+00 
 0.453001372722031E+00  0.211635905063284E+00  0.417153871943194E+00 
 0.463616256509061E+00  0.187243068497941E+00  0.415193978063484E+00 
 0.473069961716604E+00  0.161879002101725E+00  0.413209984506684E+00 
 0.481224812741741E+00  0.135730172038778E+00  0.411129740180891E+00 
 0.487976735996069E+00  0.108989472549521E+00  0.408885817287370E+00 
 0.493255241110016E+00  0.818490508039058E-01  0.406383545059252E+00 
 0.497020321447025E+00  0.545050462681746E-01  0.403460374608475E+00 
 0.499261985874295E+00  0.271563889509484E-01  0.399965142535360E+00 
 0.349939172226603E+00  0.357131034413645E+00  0.409271013394124E+00 
 0.363054713019732E+00  0.343789580054661E+00  0.405164956302166E+00 
 0.376395502827814E+00  0.329129800308324E+00  0.401781883691262E+00 
 0.390012546695994E+00  0.312874117529248E+00  0.399074795091735E+00 
 0.403691350578710E+00  0.295014056390431E+00  0.396623135153478E+00 
 0.417191326979391E+00  0.275592809581773E+00  0.394355422244032E+00 
 0.430240130113686E+00  0.254741889840989E+00  0.392218847366498E+00 
 0.442619357889673E+00  0.232568493182833E+00  0.390226067236540E+00 
 0.454136349515506E+00  0.209189330628334E+00  0.388348170487530E+00 
 0.464615365610022E+00  0.184749998752546E+00  0.386491337877104E+00 
 0.473899555034100E+00  0.159434035696527E+00  0.384551058544292E+00 
 0.481865261570697E+00  0.133438636426651E+00  0.382474334356645E+00 
 0.488426575527030E+00  0.106955506258156E+00  0.380243074262784E+00 
 0.493530522465682E+00  0.801724603261710E-01  0.377785316837841E+00 
 0.475877165261234E+00  0.153430517117462E+00  0.525197867138368E-01 
 0.480745924609864E+00  0.137416723767551E+00  0.778689946462734E-01 
 0.485251425586994E+00  0.120544821397646E+00  0.102385192660745E+00 
 0.489367555540722E+00  0.102564104754533E+00  0.125756394910350E+00 
 0.492828366293369E+00  0.843812857013295E-01  0.147907568973189E+00 
 0.495577997815770E+00  0.663509463452652E-01  0.168536646614779E+00 
 0.497902716760155E+00  0.457480561647884E-01  0.186483272862176E+00 
 0.499422203186875E+00  0.240304590877457E-01  0.204960780996447E+00 
 0.497152571021945E+00  0.532852805779344E-01  0.374872805350258E+00 
 0.499296887789328E+00  0.265069395421456E-01  0.371310151118293E+00 
 0.350267865477484E+00  0.356808663591352E+00  0.375870040678711E+00 
 0.363728692916195E+00  0.343076431643849E+00  0.373520834714679E+00 
 0.377412664380873E+00  0.327962925900064E+00  0.371202560137108E+00 
 0.391286051005270E+00  0.311279980545973E+00  0.369280345638048E+00 
 0.405149427619870E+00  0.293008432130018E+00  0.367323948174259E+00 
 0.418727136915785E+00  0.273253700451265E+00  0.365294219252347E+00 
 0.431763604644934E+00  0.252151124732795E+00  0.363293146329868E+00 
 0.444069846881334E+00  0.229786794857295E+00  0.361478842589164E+00 
 0.455466888400176E+00  0.206276303949488E+00  0.359822505324305E+00 
 0.465780734942308E+00  0.181791933145019E+00  0.358116955647352E+00 
 0.474861651707938E+00  0.156545238628355E+00  0.356202656144427E+00 
 0.482606196539132E+00  0.130733542222466E+00  0.354098462446268E+00 
 0.488950525461324E+00  0.104534126729483E+00  0.351926615670716E+00 
 0.493856094858778E+00  0.781419066240254E-01  0.349694279408626E+00 
 0.497312919941443E+00  0.517673609460215E-01  0.346927353001992E+00 
 0.499339868617147E+00  0.256845402803029E-01  0.343364882578651E+00 
 0.350976890224848E+00  0.356111250212760E+00  0.341303310016434E+00 
 0.364860022691616E+00  0.341873022979985E+00  0.341588240454315E+00 
 0.378899431529519E+00  0.326244112263513E+00  0.340788729599223E+00 
 0.393016566352537E+00  0.309092184586511E+00  0.339981482168501E+00 
 0.407038082442272E+00  0.290379061644806E+00  0.338530455241114E+00 
 0.420614944462525E+00  0.270338803161491E+00  0.336479620447146E+00 
 0.433577719272710E+00  0.249018797182612E+00  0.334471741515266E+00 
 0.445790436668639E+00  0.226430754480887E+00  0.332954197186086E+00 
 0.457041481519131E+00  0.202763616486780E+00  0.331716571778540E+00 
 0.467146071920490E+00  0.178254165419089E+00  0.330200622795315E+00 
 0.475972069040356E+00  0.153135853063357E+00  0.328181160506633E+00 
 0.483460480634069E+00  0.127538087115478E+00  0.325910114026291E+00 
 0.489571809505012E+00  0.101584660938493E+00  0.323849193582463E+00 
 0.494254704117523E+00  0.755796762211906E-01  0.322299947554141E+00 
 0.470145955843701E+00  0.170184547488344E+00  0.268216486003538E-01 
 0.497514373571815E+00  0.497940567682986E-01  0.319766328408056E+00 
 0.499391537300279E+00  0.246595310755143E-01  0.315941214180747E+00 
 0.351870542675737E+00  0.355228266326151E+00  0.310348450923661E+00 
 0.366443638637561E+00  0.340175042738388E+00  0.311214726132372E+00 
 0.380980806737929E+00  0.323811094462986E+00  0.310873719072671E+00 
 0.395375059677391E+00  0.306069538152851E+00  0.312118592652299E+00 
 0.409453514051537E+00  0.286963098378255E+00  0.310609988431570E+00 
 0.422772055148224E+00  0.266952784937237E+00  0.307541093010698E+00 
 0.435690414256928E+00  0.245303613761859E+00  0.305486293115731E+00 
 0.447867718214045E+00  0.222293740311654E+00  0.304736965812513E+00 
 0.458926134454556E+00  0.198461087154633E+00  0.304369657189525E+00 
 0.468723492071111E+00  0.174064034138771E+00  0.302940392378180E+00 
 0.477199771925483E+00  0.149266130365421E+00  0.300381563546669E+00 
 0.484417305147563E+00  0.123854246893568E+00  0.297591579510498E+00 
 0.490345078644101E+00  0.977839651962956E-01  0.295636143700008E+00 
 0.494780175213201E+00  0.720595463210424E-01  0.296319044316731E+00 
 0.497764471485206E+00  0.472284969806713E-01  0.293610547162707E+00 
 0.499433815003650E+00  0.237879051389677E-01  0.288517793992667E+00 
 0.355823339646602E+00  0.351268773110760E+00  0.258132282625956E+00 
 0.369493087215472E+00  0.336860295226344E+00  0.252318031918748E+00 
 0.382685757565622E+00  0.321794361287493E+00  0.247409848694043E+00 
 0.396849845946835E+00  0.304154894374516E+00  0.259544780690836E+00 
 0.412767566093662E+00  0.282175364589317E+00  0.251868760206004E+00 
 0.353084816921948E+00  0.354021344072917E+00  0.284413394297452E+00 
 0.368556830844249E+00  0.337884392119618E+00  0.282155051748083E+00 
 0.384236882735194E+00  0.319940647536291E+00  0.278953911430866E+00 
 0.399315970618036E+00  0.300909879547641E+00  0.288503672434954E+00 
 0.411555201050381E+00  0.283940691850218E+00  0.282026640391957E+00 
 0.424892404215974E+00  0.263564877856610E+00  0.277160870214696E+00 
 0.438246527365664E+00  0.240707252179773E+00  0.275979831216836E+00 
 0.450573719547181E+00  0.216756368426439E+00  0.277239533193359E+00 
 0.461210593618648E+00  0.193092693631670E+00  0.278618915321841E+00 
 0.470421755565068E+00  0.169420694990545E+00  0.276445628087930E+00 
 0.478355975279881E+00  0.145518249419218E+00  0.272302238319386E+00 
 0.485396258195423E+00  0.119960295639360E+00  0.268446515510547E+00 
 0.491505013201438E+00  0.917759336528601E-01  0.265444459712342E+00 
 0.495656696762159E+00  0.657604665040096E-01  0.274486447756368E+00 
 0.497876817727127E+00  0.460290600589305E-01  0.267137289938835E+00 
 0.499400998656197E+00  0.244671727257764E-01  0.259350800402192E+00 
 0.499589669869560E+00  0.202524507066291E-01  0.236521038964147E-01 
 0.479298530257519E+00  0.142383000716314E+00  0.258688367316486E-01 
 0.483578883357633E+00  0.127088408482382E+00  0.513129437758799E-01 
 0.487445902057732E+00  0.111339537304249E+00  0.761119978227094E-01 
 0.490970160074372E+00  0.945954645664684E-01  0.999691108285247E-01 
 0.494014973978485E+00  0.771310928551955E-01  0.122742309739534E+00 
 0.496408308210696E+00  0.598230017584769E-01  0.144125648841714E+00 
 0.497943739403695E+00  0.452993641088353E-01  0.163112904643210E+00 
 0.499491465542665E+00  0.225449739419020E-01  0.173405044223234E+00 
 0.499353314357482E+00  0.254217906567997E-01  0.498505957745944E-01 
 0.498149805467931E+00  0.429740772124591E-01  0.246137648829372E-01 
 0.499602980557571E+00  0.199213909652858E-01  0.964237864300697E-01 
 0.498887727512620E+00  0.333321967066938E-01  0.738543849411143E-01 
 0.497419198477426E+00  0.507359930037306E-01  0.495358685753292E-01 
 0.495565343389521E+00  0.664453943567636E-01  0.250528377634310E-01 
 0.499369477199934E+00  0.251022955337616E-01  0.119411349362991E+00 
 0.498108197121609E+00  0.434536990400117E-01  0.970814888780516E-01 
 0.496422851504498E+00  0.597021984866796E-01  0.738530385431742E-01 
 0.494226146463337E+00  0.757661939917798E-01  0.498730158293862E-01 
 0.491869307739039E+00  0.898030294829667E-01  0.252557335017010E-01 
 0.498904132447258E+00  0.330857465844237E-01  0.143743672431366E+00 
 0.497357134261002E+00  0.513408317003480E-01  0.120816520428336E+00 
 0.495238047181039E+00  0.688424042601032E-01  0.981805466616318E-01 
 0.492643201569233E+00  0.854556958172845E-01  0.747351873541568E-01 
 0.489678201379215E+00  0.101070564923804E+00  0.504489545084768E-01 
 0.486569078279952E+00  0.115110955437776E+00  0.253456739923187E-01 
 0.337000014819205E+00  0.351567922947697E+00  0.169872273726178E-01 
 0.337000014819205E+00  0.351567922947697E+00  0.507583879691684E-01 
 0.337000014819205E+00  0.351567922947697E+00  0.773464393258328E-01 
 0.337000014819205E+00  0.351567922947697E+00  0.116055979420797E+00 
 0.337000014819205E+00  0.351567922947697E+00  0.159265577958437E+00 
 0.337000014819205E+00  0.351567922947697E+00  0.194082094196973E+00 
 0.337000014819205E+00  0.351567922947697E+00  0.227178373272050E+00 
 0.337000014819205E+00  0.351567922947697E+00  0.258125688461147E+00 
 0.337000014819205E+00  0.351567922947697E+00  0.280731357756670E+00 
 0.337000014819205E+00  0.351567922947697E+00  0.304146519604850E+00 
 0.337000014819205E+00  0.351567922947697E+00  0.339142918978953E+00 
 0.337000014819205E+00  0.351567922947697E+00  0.387116426820596E+00 
 0.337000014819205E+00  0.351567922947697E+00  0.423428748858906E+00 
 0.337000014819205E+00  0.351567922947697E+00  0.445850345822525E+00 
 0.337000014819205E+00  0.351567922947697E+00  0.466626575277064E+00 
 0.337000014819205E+00  0.351567922947697E+00  0.497373406191814E+00 
 0.337000014819205E+00  0.351567922947697E+00  0.531389585569084E+00 
 0.337000014819205E+00  0.351567922947697E+00  0.554816805343646E+00 
 0.337000014819205E+00  0.351567922947697E+00  0.575769030719447E+00 
 0.337000014819205E+00  0.351567922947697E+00  0.600722442886181E+00 
 0.337000014819205E+00  0.351567922947697E+00  0.632950387602730E+00 
 0.337000014819205E+00  0.351567922947697E+00  0.669342578701490E+00 
 0.337000014819205E+00  0.351567922947697E+00  0.700358876291503E+00 
 0.337000014819205E+00  0.351567922947697E+00  0.730038703310254E+00 
 0.337000014819205E+00  0.351567922947697E+00  0.760211721729695E+00 
 0.337000014819205E+00  0.351567922947697E+00  0.793785755056636E+00 
 0.337000014819205E+00  0.351567922947697E+00  0.829434801451664E+00 
 0.337000014819205E+00  0.351567922947697E+00  0.863248610366761E+00 
 0.337000014819205E+00  0.351567922947697E+00  0.895848921612689E+00 
 0.337000014819205E+00  0.351567922947697E+00  0.923455333722289E+00 
 0.337000014819205E+00  0.351567922947697E+00  0.945287781402148E+00 
 0.337000014819205E+00  0.351567922947697E+00  0.964007975120836E+00 
 0.337000014819205E+00  0.351567922947697E+00  0.984300349427758E+00 
 0.337000014819205E+00  0.355831444428954E+00  0.604635139869891E-01 
 0.337000014819205E+00  0.355903243156738E+00  0.273386016581376E+00 
 0.337000014819205E+00  0.355826615898053E+00  0.290490561419121E+00 
 0.337000014819205E+00  0.356116241680068E+00  0.438367239633036E+00 
 0.337000014819205E+00  0.356081775651652E+00  0.454550231538645E+00 
 0.337000014819205E+00  0.355756198120443E+00  0.546451525581790E+00 
 0.337000014819205E+00  0.356310752817187E+00  0.566795039556229E+00 
 0.337000014819205E+00  0.355704789916899E+00  0.587388289304119E+00 
 0.337000014819205E+00  0.355904896217236E+00  0.937019208397733E+00 
 0.337000014819205E+00  0.356381592985919E+00  0.955287629240574E+00 
 0.337000014819205E+00  0.355552949878284E+00  0.973277828720860E+00 
 0.337000014819205E+00  0.360236851220279E+00  0.971017201192325E+00 
 0.337000014819205E+00  0.364773343963896E+00  0.965787602182995E+00 
 0.337000014819205E+00  0.365317929854137E+00  0.986357426688240E+00 
 0.337000014819205E+00  0.360939927759902E+00  0.944396013954406E+00 
 0.337000014819205E+00  0.365575348096338E+00  0.940781842128088E+00 
 0.337000014819205E+00  0.363468916366423E+00  0.924615173297386E+00 
 0.337000014819205E+00  0.357535101859138E+00  0.916631309147937E+00 
 0.337000014819205E+00  0.363700523636611E+00  0.900716093441330E+00 
 0.337000014819205E+00  0.357318310757818E+00  0.847046335406928E+00 
 0.337000014819205E+00  0.357380276446689E+00  0.880989612454073E+00 
 0.337000014819205E+00  0.363613868792175E+00  0.864880188701473E+00 
 0.337000014819205E+00  0.363661048227963E+00  0.830044274583301E+00 
 0.337000014819205E+00  0.357273373905551E+00  0.778152701650552E+00 
 0.337000014819205E+00  0.357308365239667E+00  0.812192089850810E+00 
 0.337000014819205E+00  0.363642495268959E+00  0.794985778700763E+00 
 0.337000014819205E+00  0.363576028026109E+00  0.763588277337736E+00 
 0.337000014819205E+00  0.357306909316565E+00  0.718296215617746E+00 
 0.337000014819205E+00  0.357281307518444E+00  0.747296377970665E+00 
 0.337000014819205E+00  0.363645265817911E+00  0.222438214015101E-01 
 0.337000014819205E+00  0.363576787835643E+00  0.735206697377803E+00 
 0.337000014819205E+00  0.363566102163065E+00  0.707051761787343E+00 
 0.337000014819205E+00  0.357345373302059E+00  0.657256357187882E+00 
 0.337000014819205E+00  0.357339481951899E+00  0.688920079473181E+00 
 0.337000014819205E+00  0.363569180313407E+00  0.677393222224063E+00 
 0.337000014819205E+00  0.363434683973107E+00  0.644456383686286E+00 
 0.337000014819205E+00  0.357125362148946E+00  0.614699521601255E+00 
 0.337000014819205E+00  0.363254440461380E+00  0.611645897683424E+00 
 0.337000014819205E+00  0.358025162655578E+00  0.198694414252643E-01 
 0.337000014819205E+00  0.355859840358688E+00  0.415879769119626E-01 
 0.337000014819205E+00  0.360667680535262E+00  0.583692748296149E+00 
 0.337000014819205E+00  0.365307694984176E+00  0.591428018883068E+00 
 0.337000014819205E+00  0.360555618306491E+00  0.554623412634115E+00 
 0.337000014819205E+00  0.364675431372370E+00  0.566674119729662E+00 
 0.337000014819205E+00  0.364070518507999E+00  0.539693700866109E+00 
 0.337000014819205E+00  0.358107391139892E+00  0.527467365236454E+00 
 0.337000014819205E+00  0.363712761439410E+00  0.511831977393464E+00 
 0.337000014819205E+00  0.357266497420409E+00  0.478984700376070E+00 
 0.337000014819205E+00  0.363344118156777E+00  0.474289305121055E+00 
 0.337000014819205E+00  0.361021893948177E+00  0.449874569974720E+00 
 0.337000014819205E+00  0.365131489616483E+00  0.506862697140145E-01 
 0.337000014819205E+00  0.360618968940443E+00  0.504785187592025E-01 
 0.337000014819205E+00  0.365784787268927E+00  0.453383285027994E+00 
 0.337000014819205E+00  0.364355054809255E+00  0.430479547127060E+00 
 0.337000014819205E+00  0.357952149400684E+00  0.418282082404438E+00 
 0.337000014819205E+00  0.363630349729607E+00  0.395907622519103E+00 
 0.337000014819205E+00  0.357233585567538E+00  0.371276293124075E+00 
 0.337000014819205E+00  0.363424912743407E+00  0.351688676048277E+00 
 0.337000014819205E+00  0.357399560478756E+00  0.318034809623535E+00 
 0.337000014819205E+00  0.363589986655093E+00  0.312090650400140E+00 
 0.337000014819205E+00  0.363892552292447E+00  0.791970488320473E-01 
 0.337000014819205E+00  0.357625969306777E+00  0.888061572937862E-01 
 0.337000014819205E+00  0.360601672777560E+00  0.284019544687116E+00 
 0.337000014819205E+00  0.365136078116328E+00  0.286097243564142E+00 
 0.337000014819205E+00  0.363802615277652E+00  0.264228704972875E+00 
 0.337000014819205E+00  0.357380063515069E+00  0.213703599153503E+00 
 0.337000014819205E+00  0.357950085718767E+00  0.253018040543571E+00 
 0.337000014819205E+00  0.363797111806117E+00  0.236942685077340E+00 
 0.337000014819205E+00  0.363619340979740E+00  0.196912185008471E+00 
 0.337000014819205E+00  0.357240682697654E+00  0.140787592365527E+00 
 0.337000014819205E+00  0.357341480274412E+00  0.178446753951944E+00 
 0.337000014819205E+00  0.363592153256402E+00  0.160482919051738E+00 
 0.337000014819205E+00  0.363545111793003E+00  0.120158993361566E+00 
 0.487000014819215E+00  0.173472347597681E-16  0.163082510192348E-01 
 0.487000014819215E+00  0.173472347597681E-16  0.408827873321707E-01 
 0.487000014819215E+00  0.173472347597681E-16  0.704229922108145E-01 
 0.487000014819215E+00  0.173472347597681E-16  0.101332112397592E+00 
 0.487000014819215E+00  0.173472347597681E-16  0.131085821368383E+00 
 0.487000014819215E+00  0.173472347597681E-16  0.160465367213519E+00 
 0.487000014819215E+00  0.173472347597681E-16  0.189467004476228E+00 
 0.487000014819215E+00  0.173472347597681E-16  0.218268595683927E+00 
 0.487000014819215E+00  0.173472347597681E-16  0.246836170670510E+00 
 0.487000014819215E+00  0.173472347597681E-16  0.275095418830324E+00 
 0.487000014819215E+00  0.173472347597681E-16  0.303030434067184E+00 
 0.487000014819215E+00  0.173472347597681E-16  0.330717538962025E+00 
 0.487000014819215E+00  0.173472347597681E-16  0.357072376329833E+00 
 0.487000014819215E+00  0.173472347597681E-16  0.383564305622600E+00 
 0.487000014819215E+00  0.173472347597681E-16  0.414986107795303E+00 
 0.487000014819215E+00  0.173472347597681E-16  0.445895658282856E+00 
 0.487000014819215E+00  0.173472347597681E-16  0.476831971351469E+00 
 0.487000014819215E+00  0.173472347597681E-16  0.507676291200966E+00 
 0.487000014819215E+00  0.173472347597681E-16  0.538322698389635E+00 
 0.487000014819215E+00  0.173472347597681E-16  0.568875908074031E+00 
 0.487000014819215E+00  0.173472347597681E-16  0.599494015061200E+00 
 0.487000014819215E+00  0.173472347597681E-16  0.630146742960826E+00 
 0.487000014819215E+00  0.173472347597681E-16  0.661726097976597E+00 
 0.487000014819215E+00  0.173472347597681E-16  0.693302103645925E+00 
 0.487000014819215E+00  0.173472347597681E-16  0.725347789494384E+00 
 0.487000014819215E+00  0.173472347597681E-16  0.757634395074157E+00 
 0.487000014819215E+00  0.173472347597681E-16  0.788371066637726E+00 
 0.487000014819215E+00  0.173472347597681E-16  0.820154788356032E+00 
 0.487000014819215E+00  0.173472347597681E-16  0.851269840308906E+00 
 0.487000014819215E+00  0.173472347597681E-16  0.883326637423515E+00 
 0.487000014819215E+00  0.173472347597681E-16  0.914532138375335E+00 
 0.487000014819215E+00  0.173472347597681E-16  0.942861811672393E+00 
 0.487000014819215E+00  0.173472347597681E-16  0.978273539149626E+00 
 0.459812485481314E+00  0.160441555182561E+00  0.895006867641294E+00 
 0.453797088253111E+00  0.176740536173517E+00  0.869510135987733E+00 
 0.447467758889915E+00  0.192202027013094E+00  0.898836413494444E+00 
 0.445863195227110E+00  0.195895445520764E+00  0.108445649061984E+00 
 0.439017630727967E+00  0.210790261501593E+00  0.837902409736214E-01 
 0.452244458301684E+00  0.180676407893562E+00  0.795007216160803E-01 
 0.483815538516913E+00  0.556016107994687E-01  0.814902932051135E+00 
 0.480545903999900E+00  0.790230889223224E-01  0.805970670058819E+00 
 0.479344386692871E+00  0.860114723739927E-01  0.836419466280371E+00 
 0.475262858056857E+00  0.106274315737775E+00  0.810605120387858E+00 
 0.474574996507447E+00  0.109305018749649E+00  0.867207068917828E+00 
 0.471087569331687E+00  0.123472735674987E+00  0.839781501761891E+00 
 0.466993431202401E+00  0.138152631707506E+00  0.813214624282837E+00 
 0.469739364168400E+00  0.128506591988777E+00  0.894323818527358E+00 
 0.465595720079199E+00  0.142792296283215E+00  0.867975446066216E+00 
 0.461078502014321E+00  0.156766161572362E+00  0.842001685747320E+00 
 0.457387203952947E+00  0.167230260700651E+00  0.817011071792455E+00 
 0.460235848407208E+00  0.159223045677438E+00  0.941923892578647E+00 
 0.450676833091844E+00  0.184551907462944E+00  0.949431371682628E+00 
 0.464834128273737E+00  0.145252358417676E+00  0.919662097749025E+00 
 0.454559545870948E+00  0.174770231136486E+00  0.921639319173125E+00 
 0.442463800332198E+00  0.203457120370596E+00  0.928077945960197E+00 
 0.483836282489732E+00  0.554208099942848E-01  0.196580471987804E-01 
 0.485858452602087E+00  0.333253427440469E-01  0.357672489508517E-01 
 0.447041421006639E+00  0.193191569014465E+00  0.841140934276020E+00 
 0.438499112952122E+00  0.211866803379175E+00  0.874826072346983E+00 
 0.433188176176942E+00  0.222524197458171E+00  0.906380149638039E+00 
 0.436212074182471E+00  0.216536465223146E+00  0.823454653623219E+00 
 0.421908456820583E+00  0.243232951092533E+00  0.886543150792174E+00 
 0.424799844136208E+00  0.238147237766390E+00  0.851047419783718E+00 
 0.409365145971759E+00  0.263797633987543E+00  0.872107830852382E+00 
 0.414095153301954E+00  0.256308834115679E+00  0.832662450305130E+00 
 0.403648836867043E+00  0.272463999327962E+00  0.848760807967211E+00 
 0.383373908350217E+00  0.300322261629369E+00  0.838892660916075E+00 
 0.452467660349692E+00  0.180116714303752E+00  0.775741067657243E+00 
 0.441873812548778E+00  0.204735312580694E+00  0.779153656963187E+00 
 0.428500170928518E+00  0.231423028128446E+00  0.781853524707780E+00 
 0.470011670967473E+00  0.127507033485477E+00  0.723719895965889E+00 
 0.419177792325918E+00  0.247909243181204E+00  0.732613042382833E+00 
 0.469034871801851E+00  0.131054582017277E+00  0.661678188938997E+00 
 0.416790471765232E+00  0.251902197448976E+00  0.676475944243697E+00 
 0.469114467867119E+00  0.130769378952612E+00  0.600214966121076E+00 
 0.414003658189001E+00  0.256456595625910E+00  0.617610523077886E+00 
 0.465610607913739E+00  0.142743743232762E+00  0.517496316214746E+00 
 0.411277368071196E+00  0.260806328424631E+00  0.528483763230122E+00 
 0.460379072739867E+00  0.158808450080851E+00  0.463351199686868E+00 
 0.449162611584500E+00  0.188207233624260E+00  0.467702477176590E+00 
 0.438264147533743E+00  0.212352422685565E+00  0.472296158937307E+00 
 0.447671731599189E+00  0.191726459209179E+00  0.365778349614968E+00 
 0.479033224046313E+00  0.877279014550163E-01  0.221591100683207E-01 
 0.482553357764384E+00  0.656602721912177E-01  0.418824824404884E-01 
 0.485448516197449E+00  0.388426641156135E-01  0.582256896836575E-01 
 0.435600807868122E+00  0.217763519944336E+00  0.369655379971524E+00 
 0.420095241883587E+00  0.246351379498224E+00  0.374693540617434E+00 
 0.465216815870383E+00  0.144021972855962E+00  0.286919181715096E+00 
 0.409266019186948E+00  0.263951396989624E+00  0.292810221396034E+00 
 0.462338460220634E+00  0.153010335058504E+00  0.232619188223080E+00 
 0.407286109867582E+00  0.266996327957591E+00  0.231420199974395E+00 
 0.370947202800726E+00  0.315542686760786E+00  0.170360439918888E+00 
 0.386499027599533E+00  0.296289581488307E+00  0.181243077525797E+00 
 0.386140013833997E+00  0.296757315242912E+00  0.151029241594638E+00 
 0.402713130796071E+00  0.273845118120318E+00  0.161172482669713E+00 
 0.400520573829150E+00  0.277042026366888E+00  0.129939324526092E+00 
 0.413493825232464E+00  0.257277808853642E+00  0.106884001311678E+00 
 0.419638410076995E+00  0.247128750294173E+00  0.168493593911128E+00 
 0.417666468547202E+00  0.250447071225073E+00  0.136690761178346E+00 
 0.434279970539072E+00  0.220385847146523E+00  0.174426315322015E+00 
 0.436286861561828E+00  0.216385740894445E+00  0.141354747241246E+00 
 0.430090909981002E+00  0.228453110255960E+00  0.110682219197702E+00 
 0.424427500787857E+00  0.238810198712035E+00  0.831646715981604E-01 
 0.481392819740301E+00  0.736883134315655E-01  0.139149611377023E+00 
 0.474739746274020E+00  0.108587235629164E+00  0.152597410673198E+00 
 0.474757307436606E+00  0.108510430233448E+00  0.123236805697383E+00 
 0.456660756299961E+00  0.169203924568702E+00  0.181128144737734E+00 
 0.464236453839685E+00  0.147151382461245E+00  0.151582821616169E+00 
 0.464906932522300E+00  0.145019166066446E+00  0.122099393681021E+00 
 0.469770540735146E+00  0.128392575686100E+00  0.978897978325780E-01 
 0.448201814871111E+00  0.190483982476606E+00  0.162382169954665E+00 
 0.454076461517685E+00  0.176021537118279E+00  0.131468667882061E+00 
 0.458961730337002E+00  0.162859278274119E+00  0.102068000950053E+00 
 0.463971001396089E+00  0.147986230093924E+00  0.753276423563565E-01 
 0.432906191623002E+00  0.223072283550371E+00  0.615719144400905E-01 
 0.445029742575865E+00  0.197781552872773E+00  0.556616571039543E-01 
 0.457582377926788E+00  0.166695476377643E+00  0.519868921860006E-01 
 0.486428511573071E+00  0.235863851131960E-01  0.921988230674455E+00 
 0.483217889064506E+00  0.605762834940295E-01  0.977361715464764E+00 
 0.471838299531590E+00  0.120572109250193E+00  0.239357714372185E-01 
 0.476608034967157E+00  0.100068953420379E+00  0.459942610597234E-01 
 0.480772670734749E+00  0.776315239350859E-01  0.659574249433076E-01 
 0.484067687083310E+00  0.533618661191725E-01  0.830804964753029E-01 
 0.485981099185730E+00  0.314862774575104E-01  0.981186841529436E-01 
 0.485895563878883E+00  0.327798022679229E-01  0.962203039619491E+00 
 0.485510322328534E+00  0.380623350091169E-01  0.900624377107866E+00 
 0.484132581231136E+00  0.527698609471673E-01  0.926127742596242E+00 
 0.481877474001272E+00  0.704493753276815E-01  0.951248458389868E+00 
 0.478887771040431E+00  0.885184567298462E-01  0.975094581347086E+00 
 0.486402097608101E+00  0.241249637583314E-01  0.850609738238534E+00 
 0.485000484924894E+00  0.440856445628520E-01  0.873855398296294E+00 
 0.482534453577324E+00  0.657990542845407E-01  0.898023413779274E+00 
 0.479708434916262E+00  0.839573219207052E-01  0.923476742655724E+00 
 0.476188183786664E+00  0.102048165372353E+00  0.948478796039832E+00 
 0.471957418585226E+00  0.120104993552609E+00  0.973581723852504E+00 
 0.485975054619740E+00  0.315794351001116E-01  0.824374649477741E+00 
 0.484073884351736E+00  0.533056181141099E-01  0.844969847915360E+00 
 0.480999456330277E+00  0.762137615125055E-01  0.869118534503398E+00 
 0.477297125780285E+00  0.967288382840632E-01  0.895512550042726E+00 
 0.473206823188643E+00  0.115083955969612E+00  0.921286958332442E+00 
 0.468503080205111E+00  0.132943139244662E+00  0.946278907087530E+00 
 0.460873211266591E+00  0.157368667690623E+00  0.970474333930120E+00 
 0.360065168083331E+00  0.327905610148746E+00  0.977448158473059E+00 
 0.400258688098389E+00  0.277420253470542E+00  0.979720622733244E+00 
 0.382692494296480E+00  0.301190088221771E+00  0.972018021212678E+00 
 0.360785603214613E+00  0.327112767936328E+00  0.952657503546207E+00 
 0.413043562054452E+00  0.258000058680762E+00  0.972631528045114E+00 
 0.352598638147086E+00  0.335921441427486E+00  0.903240499023567E+00 
 0.399167217839748E+00  0.278988434591792E+00  0.955131759582255E+00 
 0.382261838576968E+00  0.301736476418838E+00  0.940147111951852E+00 
 0.361821142591769E+00  0.325966984842769E+00  0.924651778349572E+00 
 0.424908300271982E+00  0.237953673629728E+00  0.961739066508058E+00 
 0.414230764788023E+00  0.256089609193807E+00  0.944403165103583E+00 
 0.400865401622310E+00  0.276542843364438E+00  0.926970105084415E+00 
 0.385570123801048E+00  0.297497384973288E+00  0.909536901851947E+00 
 0.369969247980747E+00  0.316688758850799E+00  0.893255035933367E+00 
 0.354258873064701E+00  0.334170114296337E+00  0.877457377856821E+00 
 0.486239149504302E+00  0.272122017344116E-01  0.791797318773505E+00 
 0.483549817683319E+00  0.578669875864909E-01  0.783628933978143E+00 
 0.462446018162737E+00  0.152684952498048E+00  0.254119756683473E-01 
 0.468230154238959E+00  0.133901221410644E+00  0.491058354460029E-01 
 0.473600264690877E+00  0.113453971806346E+00  0.714056488954364E-01 
 0.478401909929762E+00  0.911077768879386E-01  0.925960810980892E-01 
 0.482719510382803E+00  0.644273911445566E-01  0.110112198150054E+00 
 0.485773877514540E+00  0.345362759774591E-01  0.123766910245934E+00 
 0.478928731694686E+00  0.882965706651472E-01  0.782738111142585E+00 
 0.472168515539429E+00  0.119272408239269E+00  0.784231389591168E+00 
 0.461771814084468E+00  0.154712010364552E+00  0.785826782023917E+00 
 0.447852279645178E+00  0.191304338817819E+00  0.804069246463965E+00 
 0.435700464102390E+00  0.217564059566073E+00  0.800066080058625E+00 
 0.422602627024424E+00  0.242024862495495E+00  0.811979507460848E+00 
 0.403714684362516E+00  0.272366422423871E+00  0.818813874608741E+00 
 0.388757303417853E+00  0.293320257522695E+00  0.804387019165801E+00 
 0.364040018244189E+00  0.323487062416211E+00  0.815636255237449E+00 
 0.446576980144321E+00  0.194262747944851E+00  0.976066433981862E+00 
 0.437845446211185E+00  0.213214398355356E+00  0.957311744263777E+00 
 0.428740081487939E+00  0.230978260794439E+00  0.935371517916283E+00 
 0.417582541308577E+00  0.250586982160243E+00  0.916083403035787E+00 
 0.404505025224517E+00  0.271191259081146E+00  0.898061029596372E+00 
 0.390269475363001E+00  0.291305254044257E+00  0.875263612000596E+00 
 0.371603152258117E+00  0.314769934500945E+00  0.866006811934079E+00 
 0.357728405952469E+00  0.330453328033785E+00  0.847332059709099E+00 
 0.410396277657345E+00  0.262190598074953E+00  0.787523221433683E+00 
 0.394298136207191E+00  0.285828609865138E+00  0.777402130562137E+00 
 0.375003770192434E+00  0.310710776728711E+00  0.783076312540897E+00 
 0.461684645155907E+00  0.154971942173952E+00  0.716205909855765E+00 
 0.447183347233656E+00  0.192862822728511E+00  0.725774923523832E+00 
 0.431792962127470E+00  0.225219564627707E+00  0.736962658148682E+00 
 0.486062704522351E+00  0.302003593740134E-01  0.721532527522467E+00 
 0.483559310402464E+00  0.577876090264972E-01  0.715300659853525E+00 
 0.478085053796770E+00  0.927561090712936E-01  0.727973282572734E+00 
 0.486031134029831E+00  0.307042535746801E-01  0.755006823175864E+00 
 0.482575966359934E+00  0.654939014388596E-01  0.750141660366452E+00 
 0.476826955128360E+00  0.990205498718446E-01  0.759607251272190E+00 
 0.470120823120314E+00  0.127103997193559E+00  0.754602480508452E+00 
 0.459522908638404E+00  0.161269063587545E+00  0.748784760699138E+00 
 0.447834721422825E+00  0.191345438205476E+00  0.756171007893818E+00 
 0.436678631342076E+00  0.215594033690916E+00  0.757313035642548E+00 
 0.422622133869322E+00  0.241990798167305E+00  0.758628106510371E+00 
 0.406719899724081E+00  0.267858054951384E+00  0.756772680883480E+00 
 0.388471275087027E+00  0.293698966402948E+00  0.754411941477324E+00 
 0.366194088019369E+00  0.321046576579725E+00  0.757149215387013E+00 
 0.403128471481931E+00  0.273233325043900E+00  0.729644993828507E+00 
 0.384186324597184E+00  0.299282278837901E+00  0.728076916212406E+00 
 0.362208470583625E+00  0.325536539072606E+00  0.728816925147473E+00 
 0.457331251344018E+00  0.167383215938808E+00  0.657295195541539E+00 
 0.443950506938654E+00  0.200192312097190E+00  0.663775259290838E+00 
 0.432289821944694E+00  0.224264407066599E+00  0.682281885728651E+00 
 0.485967230884168E+00  0.316996047400559E-01  0.658741255134072E+00 
 0.483299402161676E+00  0.599224691086162E-01  0.656524260457994E+00 
 0.477790972044911E+00  0.942592248338869E-01  0.666471511696652E+00 
 0.485969127901929E+00  0.316705093129252E-01  0.689932554440706E+00 
 0.482336812398357E+00  0.672325355709489E-01  0.687771045071042E+00 
 0.476086046802928E+00  0.102523609346652E+00  0.700308397208327E+00 
 0.469267573869730E+00  0.130218887064511E+00  0.692953137743791E+00 
 0.459179566311110E+00  0.162244076367191E+00  0.689041663445853E+00 
 0.446119265244791E+00  0.195311585962926E+00  0.690319776331469E+00 
 0.432774534437197E+00  0.223327599674953E+00  0.711369592655033E+00 
 0.434318740909652E+00  0.220309431773955E+00  0.317179823952737E-01 
 0.420180406127413E+00  0.246206094036094E+00  0.552339950932453E-01 
 0.408905119147271E+00  0.264510147194889E+00  0.785689996045371E-01 
 0.396748751515722E+00  0.282417142901451E+00  0.100943793837891E+00 
 0.383685102253131E+00  0.299924585092494E+00  0.121902703767393E+00 
 0.369936526218347E+00  0.316726981805151E+00  0.141251618440705E+00 
 0.356575173720726E+00  0.331697392090943E+00  0.158773805346955E+00 
 0.417810705787879E+00  0.250206371947123E+00  0.705344313902841E+00 
 0.400778666747225E+00  0.276668528593731E+00  0.701842791534560E+00 
 0.381549109334297E+00  0.302637227716790E+00  0.699970098433275E+00 
 0.360238125284842E+00  0.327715589383784E+00  0.699598410211689E+00 
 0.399144137063039E+00  0.279021454877766E+00  0.673108283961750E+00 
 0.379862172622681E+00  0.304751938868772E+00  0.670787692533810E+00 
 0.359102931524857E+00  0.328959114487124E+00  0.669454586360922E+00 
 0.461228231124556E+00  0.156325088349936E+00  0.594299373451529E+00 
 0.447415383647621E+00  0.192323916633781E+00  0.605763125628065E+00 
 0.428912748487695E+00  0.230657470329143E+00  0.622113476906448E+00 
 0.486283869463143E+00  0.264009987283492E-01  0.593042702366965E+00 
 0.482947402928754E+00  0.626962553768456E-01  0.603821421149694E+00 
 0.476729087080803E+00  0.994906627026345E-01  0.603125515877798E+00 
 0.485644493721793E+00  0.363103311965879E-01  0.626178809959717E+00 
 0.481783227357836E+00  0.710910421261009E-01  0.636284114871178E+00 
 0.476699821573789E+00  0.996307911512441E-01  0.633945251190291E+00 
 0.468981614603941E+00  0.131245036467605E+00  0.629929364815092E+00 
 0.459605567140010E+00  0.161033341540850E+00  0.621901770773455E+00 
 0.448974434961223E+00  0.188655694812417E+00  0.638145048412919E+00 
 0.433620003423936E+00  0.221681544257824E+00  0.648523563568659E+00 
 0.415656774171670E+00  0.253768517588585E+00  0.646936646925850E+00 
 0.397779886581340E+00  0.280962944647935E+00  0.643825237856162E+00 
 0.378636204158201E+00  0.306273797988937E+00  0.640986778073035E+00 
 0.358253047124312E+00  0.329884477749476E+00  0.638011762566049E+00 
 0.396549844502488E+00  0.282696365839668E+00  0.614434523123061E+00 
 0.377726450558528E+00  0.307395092645206E+00  0.611317998435745E+00 
 0.357805165336343E+00  0.330370213688418E+00  0.607590399850908E+00 
 0.485900040171111E+00  0.327133825156479E-01  0.567453184386767E+00 
 0.482126893784361E+00  0.687217048955424E-01  0.571064679701511E+00 
 0.475805543492866E+00  0.103817624781938E+00  0.574365432702178E+00 
 0.468006822187579E+00  0.134679726832905E+00  0.572708480723137E+00 
 0.458538163355104E+00  0.164048063630238E+00  0.570996188880119E+00 
 0.450607938771706E+00  0.184720058331031E+00  0.272230494887952E-01 
 0.447451609372951E+00  0.192239620535054E+00  0.571522146987295E+00 
 0.431979442942459E+00  0.224861680392706E+00  0.589131304002384E+00 
 0.413081066927828E+00  0.257940005775906E+00  0.588366081560865E+00 
 0.395535832134407E+00  0.284113392735444E+00  0.585203380969529E+00 
 0.377004652588331E+00  0.308279915597256E+00  0.582386246670600E+00 
 0.357513355362487E+00  0.330685976677807E+00  0.579640826400325E+00 
 0.454462773034996E+00  0.175021719678574E+00  0.517601632456615E+00 
 0.442027253191734E+00  0.204403820584835E+00  0.514504728856038E+00 
 0.427206606337790E+00  0.233802330902104E+00  0.534783555959806E+00 
 0.485744301183595E+00  0.349497968744276E-01  0.507054921156647E+00 
 0.482517033421820E+00  0.659266781486334E-01  0.504524914448035E+00 
 0.475667791415826E+00  0.104446956123647E+00  0.517611244565385E+00 
 0.485694018921402E+00  0.356417510495628E-01  0.537924396153739E+00 
 0.481119171082816E+00  0.754543414953120E-01  0.538612944269963E+00 
 0.473939525211295E+00  0.112028303907522E+00  0.549830836047864E+00 
 0.466546404539441E+00  0.139654813183156E+00  0.545629387907421E+00 
 0.456153754988982E+00  0.170566017258290E+00  0.544905807643916E+00 
 0.441264108998815E+00  0.206046112662648E+00  0.547504695257939E+00 
 0.425523481138853E+00  0.236851813236421E+00  0.564509274530986E+00 
 0.411375138605359E+00  0.260652085683825E+00  0.559181202510179E+00 
 0.394501107270227E+00  0.285548403596425E+00  0.555976035189239E+00 
 0.376210585448174E+00  0.309248459706174E+00  0.554140364968338E+00 
 0.416437818027426E+00  0.252484768155356E+00  0.271185643288515E-01 
 0.404332121367761E+00  0.271448982433441E+00  0.512014682922238E-01 
 0.392221460068558E+00  0.288671683224368E+00  0.735231046017236E-01 
 0.379606405896312E+00  0.305070468968046E+00  0.942231801409641E-01 
 0.367006210085478E+00  0.320117878589423E+00  0.113701066950409E+00 
 0.353028327288146E+00  0.335469841514901E+00  0.132139114672974E+00 
 0.357058467875227E+00  0.331177090017553E+00  0.553462963301696E+00 
 0.393555797145311E+00  0.286849871827095E+00  0.526467263009529E+00 
 0.375082132612444E+00  0.310616175092025E+00  0.525868910965835E+00 
 0.356275343314947E+00  0.332019418377473E+00  0.527097532360947E+00 
 0.485143566322588E+00  0.424821667256340E-01  0.446788713598281E+00 
 0.479055926774804E+00  0.876038438416945E-01  0.454981862343501E+00 
 0.470773265946668E+00  0.124665739093830E+00  0.460301612434955E+00 
 0.485515486249559E+00  0.379964083270671E-01  0.477043586710773E+00 
 0.480954596713866E+00  0.764963419629287E-01  0.480636658575449E+00 
 0.473404979833247E+00  0.114266090783690E+00  0.487679943853422E+00 
 0.463538293055623E+00  0.149336081725017E+00  0.489957730384704E+00 
 0.452801612346916E+00  0.179275526187870E+00  0.491298510847236E+00 
 0.442825032272000E+00  0.202669694890996E+00  0.489636759225485E+00 
 0.429316645615052E+00  0.229904832989106E+00  0.498325058975999E+00 
 0.410638884334187E+00  0.261810467908906E+00  0.495586959351088E+00 
 0.391648371925392E+00  0.289448729833267E+00  0.497184203161303E+00 
 0.373031019612832E+00  0.313076464846065E+00  0.497167728025309E+00 
 0.354732473658382E+00  0.333667329185979E+00  0.498735245148019E+00 
 0.485748916930370E+00  0.348855863484503E-01  0.419576305566746E+00 
 0.482797502667427E+00  0.638403152561336E-01  0.418273455414543E+00 
 0.476274813687564E+00  0.101643082798492E+00  0.431892708874434E+00 
 0.467833643074765E+00  0.135280068159708E+00  0.432826432673134E+00 
 0.455465051177533E+00  0.172396640308768E+00  0.437621746639714E+00 
 0.442855898233623E+00  0.202602240445652E+00  0.449594384824375E+00 
 0.427898987627546E+00  0.232532730645021E+00  0.461115714726347E+00 
 0.407730808271331E+00  0.266316733271330E+00  0.460655335708150E+00 
 0.387293656970980E+00  0.295250127356358E+00  0.471163299894456E+00 
 0.370075644713453E+00  0.316564419390146E+00  0.466393278204423E+00 
 0.351395992348703E+00  0.337179286130049E+00  0.473988012255374E+00 
 0.486093117779835E+00  0.297068221286184E-01  0.395921175767353E+00 
 0.483887193014965E+00  0.549745292840582E-01  0.387341695615182E+00 
 0.477626569141976E+00  0.950887736989516E-01  0.395240081191476E+00 
 0.464859256604136E+00  0.145171918714852E+00  0.405424406243543E+00 
 0.455244932283747E+00  0.172977068028885E+00  0.411050486847637E+00 
 0.441667777657172E+00  0.205179405919021E+00  0.420127932452205E+00 
 0.424264962343696E+00  0.239098841823649E+00  0.434818597653782E+00 
 0.412063284026957E+00  0.259562833223145E+00  0.427630797823555E+00 
 0.399317082817580E+00  0.278773890104438E+00  0.249386153950739E-01 
 0.387294593919295E+00  0.295248898312574E+00  0.475283369930899E-01 
 0.374641761873623E+00  0.311147175295111E+00  0.680652165179788E-01 
 0.361683834305663E+00  0.326119331588688E+00  0.868657753857527E-01 
 0.351424002823718E+00  0.337150092204132E+00  0.105542801134625E+00 
 0.393111216073386E+00  0.287458842673530E+00  0.435948395719799E+00 
 0.374500376718143E+00  0.311317333715724E+00  0.437493800059634E+00 
 0.355417487582389E+00  0.332937567652737E+00  0.442871879585406E+00 
 0.486264291940112E+00  0.267591632507983E-01  0.363745862502953E+00 
 0.483368152176568E+00  0.593653425435807E-01  0.361327261114037E+00 
 0.478871647462437E+00  0.886056414147408E-01  0.360740526851750E+00 
 0.471805513002853E+00  0.120700341068356E+00  0.370942490101550E+00 
 0.456623472669770E+00  0.169304514531959E+00  0.381280357353580E+00 
 0.442168262323980E+00  0.204098609077326E+00  0.389438759759871E+00 
 0.426845449119608E+00  0.234461035141851E+00  0.402778536950392E+00 
 0.408888687142883E+00  0.264535547631079E+00  0.403139826547218E+00 
 0.394602001798889E+00  0.285408960283680E+00  0.406358457616674E+00 
 0.377231630204039E+00  0.308002129225598E+00  0.406895058542527E+00 
 0.358150568197518E+00  0.329995734720456E+00  0.413584041786352E+00 
 0.399965106484003E+00  0.277843351601480E+00  0.378160511326740E+00 
 0.383490610221881E+00  0.300173227163165E+00  0.371706121067816E+00 
 0.361048914522273E+00  0.326822116381660E+00  0.382596453060303E+00 
 0.485944165721344E+00  0.320512438961188E-01  0.332881434640205E+00 
 0.482443570062602E+00  0.664621406453213E-01  0.333614367557485E+00 
 0.476522427598194E+00  0.100475820125189E+00  0.339244907032194E+00 
 0.468044437915371E+00  0.134548944887676E+00  0.344347085972573E+00 
 0.456523292998958E+00  0.169574459702191E+00  0.343989245367091E+00 
 0.444179791168445E+00  0.199683067763552E+00  0.343302116587348E+00 
 0.430555102483429E+00  0.227577059826759E+00  0.346266604110472E+00 
 0.415040440860957E+00  0.254775287035162E+00  0.347866641124603E+00 
 0.397700743943009E+00  0.281074959220988E+00  0.347043579249905E+00 
 0.379123213931223E+00  0.305670742944691E+00  0.345106628850628E+00 
 0.358539052996290E+00  0.329573606210240E+00  0.345479598940889E+00 
 0.455689895410070E+00  0.171801436708377E+00  0.280978878993086E+00 
 0.439755318704334E+00  0.209246921375577E+00  0.289218760908073E+00 
 0.422546979381161E+00  0.242122003646437E+00  0.298697804426150E+00 
 0.485650336872010E+00  0.362320953024472E-01  0.274511683565147E+00 
 0.482109145364536E+00  0.688461065695362E-01  0.272082749951065E+00 
 0.475088544796727E+00  0.107050871256765E+00  0.287710243925913E+00 
 0.485693916335955E+00  0.356431489650589E-01  0.303872337702671E+00 
 0.480984062593160E+00  0.763108509013388E-01  0.304982941919966E+00 
 0.382016627728308E+00  0.302046868172790E+00  0.229953735468020E-01 
 0.369648330242900E+00  0.317063284507264E+00  0.435447676402445E-01 
 0.355776662177042E+00  0.332553726612801E+00  0.617762105853535E-01 
 0.473762361442543E+00  0.112775171532963E+00  0.318066605076675E+00 
 0.465766575083884E+00  0.142234004262448E+00  0.315571694841885E+00 
 0.453124578774246E+00  0.178457643558818E+00  0.312407620012059E+00 
 0.439251972026873E+00  0.210301496676583E+00  0.321664818372313E+00 
 0.426443032104881E+00  0.235192165692448E+00  0.321655025483085E+00 
 0.411393921109320E+00  0.260622439763357E+00  0.320802137964917E+00 
 0.394907839749868E+00  0.284985635669581E+00  0.318223301113268E+00 
 0.376740670296424E+00  0.308602465606644E+00  0.315665800992240E+00 
 0.357235529941239E+00  0.330986088199340E+00  0.312481415875246E+00 
 0.393034538405317E+00  0.287563673043765E+00  0.289255541997024E+00 
 0.375216823595943E+00  0.310453458225980E+00  0.286509920154590E+00 
 0.356499955744064E+00  0.331778233144340E+00  0.283639694127143E+00 
 0.451035065523160E+00  0.183674669190999E+00  0.227571719785134E+00 
 0.440156687547878E+00  0.208401307195485E+00  0.228071247086858E+00 
 0.426310115538444E+00  0.235433004957901E+00  0.234091931931490E+00 
 0.485100235424622E+00  0.429741320433651E-01  0.217088025336394E+00 
 0.480455154592160E+00  0.795729782007087E-01  0.217861319789394E+00 
 0.472827691159648E+00  0.116631852023963E+00  0.233694802806617E+00 
 0.485397419255811E+00  0.394760663402760E-01  0.245947368266314E+00 
 0.479862207590078E+00  0.830739198586605E-01  0.248454998057664E+00 
 0.471977381612184E+00  0.120026520737752E+00  0.263672098864965E+00 
 0.463836877412358E+00  0.148406083386953E+00  0.259122425989687E+00 
 0.452903802282474E+00  0.179017206748350E+00  0.255661045533401E+00 
 0.439887310905049E+00  0.208969299512231E+00  0.252986422010597E+00 
 0.424820973597860E+00  0.238109543750927E+00  0.270810119238720E+00 
 0.408922909186429E+00  0.264482643620357E+00  0.263127174732420E+00 
 0.391598013569273E+00  0.289516856508392E+00  0.260228562656991E+00 
 0.363847386284158E+00  0.323703713182419E+00  0.206503704168297E-01 
 0.352636726437467E+00  0.335881457662322E+00  0.386944259253645E-01 
 0.373736193471406E+00  0.312234322462157E+00  0.258083254587587E+00 
 0.355644010062839E+00  0.332695585393498E+00  0.256503712876921E+00 
 0.389108177197191E+00  0.292854641199658E+00  0.232003882940024E+00 
 0.371561779083683E+00  0.314818771292416E+00  0.229890109252652E+00 
 0.354575905311081E+00  0.333833703820819E+00  0.226784683006919E+00 
 0.485307845426089E+00  0.405624161236788E-01  0.153189580372190E+00 
 0.479768982428452E+00  0.836106328972213E-01  0.169777752790568E+00 
 0.469446134825540E+00  0.129573689193692E+00  0.181255317430768E+00 
 0.484257004690544E+00  0.516155775134623E-01  0.187319783940249E+00 
 0.476468110167601E+00  0.100733085067516E+00  0.199726431378698E+00 
 0.469000320440596E+00  0.131178176006989E+00  0.210875843030208E+00 
 0.460883663591738E+00  0.157338053465013E+00  0.206493004786817E+00 
 0.452777436469646E+00  0.179336575906534E+00  0.203722826673985E+00 
 0.441648909311474E+00  0.205220016903548E+00  0.198785389170411E+00 
 0.422630830132772E+00  0.241975610041988E+00  0.201124079608363E+00 
 0.402343621033581E+00  0.274387727581775E+00  0.198375008388964E+00 
 0.384166152465375E+00  0.299308171846093E+00  0.208211590394924E+00 
 0.369872810062989E+00  0.316801387007707E+00  0.200199865775776E+00 
 0.353502596433207E+00  0.334970041569213E+00  0.190487998172106E+00 
 0.495486340376810E+00  0.000000000000000E+00  0.973094580392802E+00 
 0.491165003763324E+00  0.000000000000000E+00  0.958455884545277E+00 
 0.495626805921184E+00  0.000000000000000E+00  0.942374771732600E+00 
 0.491349591094733E+00  0.000000000000000E+00  0.928203571640750E+00 
 0.495670355779852E+00  0.000000000000000E+00  0.912888972338185E+00 
 0.491320670893096E+00  0.000000000000000E+00  0.898367823390529E+00 
 0.495636998833341E+00  0.000000000000000E+00  0.882551465843122E+00 
 0.491323890056171E+00  0.000000000000000E+00  0.866936736245489E+00 
 0.495649200301622E+00  0.000000000000000E+00  0.851123500129071E+00 
 0.491338597047176E+00  0.000000000000000E+00  0.835247586438161E+00 
 0.495648805503827E+00  0.000000000000000E+00  0.819295453137099E+00 
 0.491339970499549E+00  0.000000000000000E+00  0.803309397520420E+00 
 0.495667721007836E+00  0.000000000000000E+00  0.786840722871953E+00 
 0.491356690752877E+00  0.000000000000000E+00  0.771191965654081E+00 
 0.495656876561859E+00  0.000000000000000E+00  0.753926398356412E+00 
 0.491331734178110E+00  0.000000000000000E+00  0.738890935537762E+00 
 0.495640696484057E+00  0.000000000000000E+00  0.721499372062285E+00 
 0.491328229263700E+00  0.000000000000000E+00  0.706637384588484E+00 
 0.495643899064912E+00  0.000000000000000E+00  0.689633594648967E+00 
 0.491331490231563E+00  0.000000000000000E+00  0.674909750499193E+00 
 0.495641971867900E+00  0.000000000000000E+00  0.658083839572126E+00 
 0.491328173298203E+00  0.000000000000000E+00  0.643456757076516E+00 
 0.495643946527055E+00  0.000000000000000E+00  0.626862430064364E+00 
 0.491334470054507E+00  0.000000000000000E+00  0.612432048389391E+00 
 0.495645589633766E+00  0.000000000000000E+00  0.595980193011812E+00 
 0.491332718143743E+00  0.000000000000000E+00  0.581749961822683E+00 
 0.495644398105560E+00  0.000000000000000E+00  0.565299138007536E+00 
 0.491332845928015E+00  0.000000000000000E+00  0.551140804914393E+00 
 0.495644489188314E+00  0.000000000000000E+00  0.534666130931369E+00 
 0.491464800689849E+00  0.000000000000000E+00  0.243727616732184E-01 
 0.495705832894915E+00  0.000000000000000E+00  0.372453000193754E-01 
 0.491332217581135E+00  0.000000000000000E+00  0.520520396196079E+00 
 0.495643375832602E+00  0.000000000000000E+00  0.503992816095187E+00 
 0.491330336456606E+00  0.000000000000000E+00  0.489801442610147E+00 
 0.495642327047492E+00  0.000000000000000E+00  0.473251162485934E+00 
 0.491329958676205E+00  0.000000000000000E+00  0.459035977075351E+00 
 0.495643026113305E+00  0.000000000000000E+00  0.442532571722033E+00 
 0.491326620280188E+00  0.000000000000000E+00  0.428371423528461E+00 
 0.491312868818512E+00  0.000000000000000E+00  0.532513709881640E-01 
 0.495644321333747E+00  0.000000000000000E+00  0.672017882575707E-01 
 0.495628449889462E+00  0.000000000000000E+00  0.412053147153729E+00 
 0.491308126155468E+00  0.000000000000000E+00  0.397847747977116E+00 
 0.495643596109049E+00  0.000000000000000E+00  0.382600312640441E+00 
 0.491355153965935E+00  0.000000000000000E+00  0.369169598171060E+00 
 0.495663070532632E+00  0.000000000000000E+00  0.354532829116504E+00 
 0.491347992874036E+00  0.000000000000000E+00  0.342151134131252E+00 
 0.495647630536158E+00  0.000000000000000E+00  0.327103861244923E+00 
 0.491329013131419E+00  0.000000000000000E+00  0.314839935240690E+00 
 0.495640535964026E+00  0.000000000000000E+00  0.299602863394034E+00 
 0.491320284010799E+00  0.000000000000000E+00  0.287180915138468E+00 
 0.495624601528106E+00  0.000000000000000E+00  0.272185070852912E+00 
 0.491322982478073E+00  0.000000000000000E+00  0.259307963578350E+00 
 0.495651719338683E+00  0.000000000000000E+00  0.244326823425317E+00 
 0.491340523087672E+00  0.000000000000000E+00  0.230977941595544E+00 
 0.495649092316060E+00  0.000000000000000E+00  0.215632387118704E+00 
 0.491318495580162E+00  0.000000000000000E+00  0.202436378842071E+00 
 0.491337891778279E+00  0.000000000000000E+00  0.836318390874764E-01 
 0.495662479819297E+00  0.000000000000000E+00  0.983857034461870E-01 
 0.495614171431160E+00  0.000000000000000E+00  0.187506064844502E+00 
 0.491310888243765E+00  0.000000000000000E+00  0.173932377325795E+00 
 0.495641372766025E+00  0.000000000000000E+00  0.159405718660538E+00 
 0.491340857394330E+00  0.000000000000000E+00  0.144811160520819E+00 
 0.495664519354009E+00  0.000000000000000E+00  0.129575575267410E+00 
 0.491351039961413E+00  0.000000000000000E+00  0.114612927503712E+00 
