 0.500000000000000E+00 -0.462592926927149E-17  0.000000000000000E+00 
 0.290119174836512E+00  0.407223359340033E+00  0.000000000000000E+00 
 0.307578233303453E+00  0.394202524596085E+00  0.000000000000000E+00 
 0.327715212369419E+00  0.377627779144578E+00  0.000000000000000E+00 
 0.349573019780156E+00  0.357489445776771E+00  0.000000000000000E+00 
 0.371766134496023E+00  0.334350028027343E+00  0.000000000000000E+00 
 0.393522536900311E+00  0.308447747522240E+00  0.000000000000000E+00 
 0.412732177045670E+00  0.282227124903227E+00  0.000000000000000E+00 
 0.428392300942577E+00  0.257837228679501E+00  0.000000000000000E+00 
 0.442519095665708E+00  0.232759210282223E+00  0.000000000000000E+00 
 0.457102129943845E+00  0.202626856069970E+00  0.000000000000000E+00 
 0.469530988756111E+00  0.171873938099144E+00  0.000000000000000E+00 
 0.479545779047919E+00  0.141548033533935E+00  0.000000000000000E+00 
 0.487166872952732E+00  0.112554155398443E+00  0.000000000000000E+00 
 0.492285657812428E+00  0.874918916939485E-01  0.000000000000000E+00 
 0.495954938339654E+00  0.634720342868424E-01  0.000000000000000E+00 
 0.498501288397018E+00  0.386841759187472E-01  0.000000000000000E+00 
 0.499710167980959E+00  0.170219862660769E-01  0.000000000000000E+00 
 0.273000011779368E+00  0.418892579987358E+00  0.000000000000000E+00 
 0.273000011779368E+00  0.335852906013481E+00  0.000000000000000E+00 
 0.273000011779368E+00  0.355036551538244E+00  0.000000000000000E+00 
 0.273000011779368E+00  0.379751834593787E+00  0.000000000000000E+00 
 0.273000011779368E+00  0.401671874001991E+00  0.000000000000000E+00 
 0.273000011779368E+00  0.323109893896506E+00  0.000000000000000E+00 
 0.421735684836996E+00  0.326806074058097E-01  0.000000000000000E+00 
 0.418090664850635E+00  0.642588976726205E-01  0.000000000000000E+00 
 0.412241510471079E+00  0.947942351088282E-01  0.000000000000000E+00 
 0.404121395141543E+00  0.124959625296314E+00  0.000000000000000E+00 
 0.393604109682841E+00  0.154934872788928E+00  0.000000000000000E+00 
 0.380219906029701E+00  0.185369450083101E+00  0.000000000000000E+00 
 0.364120761618910E+00  0.215279076836118E+00  0.000000000000000E+00 
 0.346333499750635E+00  0.242862341493741E+00  0.000000000000000E+00 
 0.328190589977928E+00  0.266870655215749E+00  0.000000000000000E+00 
 0.310524230829001E+00  0.287234594074950E+00  0.000000000000000E+00 
 0.294877583772790E+00  0.303275815972303E+00  0.000000000000000E+00 
 0.282090415515212E+00  0.315204707198038E+00  0.000000000000000E+00 
 0.423000011779376E+00  0.000000000000000E+00  0.000000000000000E+00 
 0.477950149904842E+00  0.000000000000000E+00  0.000000000000000E+00 
 0.449173977029997E+00  0.000000000000000E+00  0.000000000000000E+00 
 0.446812562969532E+00  0.278008895114800E-01  0.000000000000000E+00 
 0.299830448864376E+00  0.364592185017329E+00  0.000000000000000E+00 
 0.296651385603540E+00  0.334330185884816E+00  0.000000000000000E+00 
 0.322213353324807E+00  0.345674831424240E+00  0.000000000000000E+00 
 0.317464255856015E+00  0.314968971178982E+00  0.000000000000000E+00 
 0.343614220678822E+00  0.324670278532473E+00  0.000000000000000E+00 
 0.336688102322444E+00  0.294301252311709E+00  0.000000000000000E+00 
 0.364344266006603E+00  0.301280695891339E+00  0.000000000000000E+00 
 0.355999686351126E+00  0.270719037583862E+00  0.000000000000000E+00 
 0.384643249401774E+00  0.275168312595453E+00  0.000000000000000E+00 
 0.375581087719555E+00  0.243600956819366E+00  0.000000000000000E+00 
 0.407043320606448E+00  0.243695464618755E+00  0.000000000000000E+00 
 0.393604596708009E+00  0.213107531750837E+00  0.000000000000000E+00 
 0.424547402301030E+00  0.208321755998337E+00  0.000000000000000E+00 
 0.470683413316274E+00  0.493386919009847E-01  0.000000000000000E+00 
 0.443934511777156E+00  0.576844695784480E-01  0.000000000000000E+00 
 0.408588528506274E+00  0.181644715783719E+00  0.000000000000000E+00 
 0.438266756955391E+00  0.177060866818786E+00  0.000000000000000E+00 
 0.420838680489101E+00  0.150924749830981E+00  0.000000000000000E+00 
 0.449481104199756E+00  0.146336064746735E+00  0.000000000000000E+00 
 0.430747167438291E+00  0.120278951959025E+00  0.000000000000000E+00 
 0.458713710721612E+00  0.115458485239526E+00  0.000000000000000E+00 
 0.438862860589052E+00  0.890223514768498E-01  0.000000000000000E+00 
 0.467904819650485E+00  0.819496303833800E-01  0.000000000000000E+00 
 0.473377556949725E+00  0.230751739591143E-01  0.000000000000000E+00 
 0.273000011779368E+00  0.418892579987358E+00  0.100000000000000E+01 
 0.499444801975451E+00  0.235560985671044E-01  0.100000000000000E+01 
 0.497074654552989E+00  0.540072939613380E-01  0.100000000000000E+01 
 0.492654588322739E+00  0.853900263763473E-01  0.100000000000000E+01 
 0.485670724852562E+00  0.118844213242324E+00  0.100000000000000E+01 
 0.476450020185698E+00  0.151642270706581E+00  0.100000000000000E+01 
 0.467521773576471E+00  0.177266441358514E+00  0.100000000000000E+01 
 0.456594694515153E+00  0.203767723009838E+00  0.100000000000000E+01 
 0.440418075193286E+00  0.236710623004211E+00  0.100000000000000E+01 
 0.421909519982232E+00  0.268313914936148E+00  0.100000000000000E+01 
 0.404576420375110E+00  0.293799115173042E+00  0.100000000000000E+01 
 0.387138421752579E+00  0.316423517461838E+00  0.100000000000000E+01 
 0.370979449230885E+00  0.335222684567064E+00  0.100000000000000E+01 
 0.353585475089796E+00  0.353521303184862E+00  0.100000000000000E+01 
 0.332650361130237E+00  0.373287740543301E+00  0.100000000000000E+01 
 0.311097165293943E+00  0.391431416401485E+00  0.100000000000000E+01 
 0.291043756648645E+00  0.406563072248138E+00  0.100000000000000E+01 
 0.500000000000000E+00 -0.462592926927149E-17  0.100000000000000E+01 
 0.445467253950815E+00  0.000000000000000E+00  0.100000000000000E+01 
 0.476121028998568E+00  0.000000000000000E+00  0.100000000000000E+01 
 0.423000011779376E+00  0.000000000000000E+00  0.100000000000000E+01 
 0.288817951706591E+00  0.309052100360691E+00  0.100000000000000E+01 
 0.307460352609940E+00  0.290511861269579E+00  0.100000000000000E+01 
 0.325817031313061E+00  0.269763363101232E+00  0.100000000000000E+01 
 0.344159424255614E+00  0.245933528949165E+00  0.100000000000000E+01 
 0.364313223485519E+00  0.214953216209799E+00  0.100000000000000E+01 
 0.379911570183890E+00  0.186000561304951E+00  0.100000000000000E+01 
 0.391346971452669E+00  0.160550795389395E+00  0.100000000000000E+01 
 0.402245804879461E+00  0.130871396501362E+00  0.100000000000000E+01 
 0.410732689234629E+00  0.101131933430710E+00  0.100000000000000E+01 
 0.416665329296139E+00  0.729315660594644E-01  0.100000000000000E+01 
 0.420583590037375E+00  0.451492387158129E-01  0.100000000000000E+01 
 0.422534390701592E+00  0.198418406347647E-01  0.100000000000000E+01 
 0.273000011779368E+00  0.323109893896506E+00  0.100000000000000E+01 
 0.273000011779368E+00  0.403074393794190E+00  0.100000000000000E+01 
 0.273000011779368E+00  0.380068646054502E+00  0.100000000000000E+01 
 0.273000011779368E+00  0.349021010528923E+00  0.100000000000000E+01 
 0.296528421059933E+00  0.335118676146382E+00  0.100000000000000E+01 
 0.446879049124321E+00  0.282693279358901E-01  0.100000000000000E+01 
 0.471629663163057E+00  0.395660577019950E-01  0.100000000000000E+01 
 0.443608399800549E+00  0.578554438509911E-01  0.100000000000000E+01 
 0.467443610855965E+00  0.714432374821405E-01  0.100000000000000E+01 
 0.438518544142056E+00  0.878243818255834E-01  0.100000000000000E+01 
 0.461444886283474E+00  0.103104094146713E+00  0.100000000000000E+01 
 0.431340535877261E+00  0.118368319425525E+00  0.100000000000000E+01 
 0.453212782190055E+00  0.135511272293323E+00  0.100000000000000E+01 
 0.421907317324748E+00  0.150123745979782E+00  0.100000000000000E+01 
 0.442710985308873E+00  0.171217935188292E+00  0.100000000000000E+01 
 0.409392595586692E+00  0.181614430801583E+00  0.100000000000000E+01 
 0.425201776146215E+00  0.207452745435466E+00  0.100000000000000E+01 
 0.393973107537835E+00  0.211714921091162E+00  0.100000000000000E+01 
 0.408109305946263E+00  0.238583755986728E+00  0.100000000000000E+01 
 0.299102475511434E+00  0.367486485113122E+00  0.100000000000000E+01 
 0.376373443576644E+00  0.241002933029456E+00  0.100000000000000E+01 
 0.390091612510555E+00  0.266821040552900E+00  0.100000000000000E+01 
 0.357768912456770E+00  0.268384189676720E+00  0.100000000000000E+01 
 0.371538919555573E+00  0.292786865342574E+00  0.100000000000000E+01 
 0.338566779886924E+00  0.293292268498581E+00  0.100000000000000E+01 
 0.351102081719518E+00  0.320058931392288E+00  0.100000000000000E+01 
 0.317908766350984E+00  0.315681751426511E+00  0.100000000000000E+01 
 0.325010427761174E+00  0.344186516208664E+00  0.100000000000000E+01 
 0.500000000000000E+00 -0.138777878078145E-16  0.978341890555155E+00 
 0.500000000000000E+00 -0.138777878078145E-16  0.950786703921341E+00 
 0.500000000000000E+00 -0.138777878078145E-16  0.923614199502861E+00 
 0.500000000000000E+00 -0.138777878078145E-16  0.894977181907717E+00 
 0.500000000000000E+00 -0.138777878078145E-16  0.864820545508932E+00 
 0.500000000000000E+00 -0.138777878078145E-16  0.833277597690649E+00 
 0.500000000000000E+00 -0.138777878078145E-16  0.800829437722394E+00 
 0.500000000000000E+00 -0.138777878078145E-16  0.764771942813455E+00 
 0.500000000000000E+00 -0.138777878078145E-16  0.730760746138654E+00 
 0.500000000000000E+00 -0.138777878078145E-16  0.699453729335154E+00 
 0.500000000000000E+00 -0.138777878078145E-16  0.668917679580526E+00 
 0.500000000000000E+00 -0.138777878078145E-16  0.638736158767496E+00 
 0.500000000000000E+00 -0.138777878078145E-16  0.608658430785390E+00 
 0.500000000000000E+00 -0.138777878078145E-16  0.578624015954875E+00 
 0.500000000000000E+00 -0.138777878078145E-16  0.548514273538722E+00 
 0.500000000000000E+00 -0.138777878078145E-16  0.518322156751145E+00 
 0.500000000000000E+00 -0.138777878078145E-16  0.488028841871505E+00 
 0.500000000000000E+00 -0.138777878078145E-16  0.457734931700620E+00 
 0.500000000000000E+00 -0.138777878078145E-16  0.427566199824317E+00 
 0.500000000000000E+00 -0.138777878078145E-16  0.397695206468129E+00 
 0.500000000000000E+00 -0.138777878078145E-16  0.368069654432352E+00 
 0.500000000000000E+00 -0.138777878078145E-16  0.338587615804471E+00 
 0.500000000000000E+00 -0.138777878078145E-16  0.309209466485554E+00 
 0.500000000000000E+00 -0.138777878078145E-16  0.280220821937726E+00 
 0.500000000000000E+00 -0.138777878078145E-16  0.252591699468743E+00 
 0.500000000000000E+00 -0.138777878078145E-16  0.221807713013018E+00 
 0.500000000000000E+00 -0.138777878078145E-16  0.192652242524683E+00 
 0.500000000000000E+00 -0.138777878078145E-16  0.166464047221652E+00 
 0.500000000000000E+00 -0.138777878078145E-16  0.137859516422340E+00 
 0.500000000000000E+00 -0.138777878078145E-16  0.105521243630602E+00 
 0.500000000000000E+00 -0.138777878078145E-16  0.729431350274503E-01 
 0.500000000000000E+00 -0.138777878078145E-16  0.436961808625513E-01 
 0.500000000000000E+00 -0.138777878078145E-16  0.187637336959618E-01 
 0.273000011779368E+00  0.418892579987358E+00  0.249253670615031E-01 
 0.273000011779368E+00  0.418892579987358E+00  0.566573889689402E-01 
 0.273000011779368E+00  0.418892579987358E+00  0.817142147485292E-01 
 0.273000011779368E+00  0.418892579987358E+00  0.112767400912114E+00 
 0.273000011779368E+00  0.418892579987358E+00  0.144604353959621E+00 
 0.273000011779368E+00  0.418892579987358E+00  0.175464226383440E+00 
 0.273000011779368E+00  0.418892579987358E+00  0.209933937140459E+00 
 0.273000011779368E+00  0.418892579987358E+00  0.248319751649511E+00 
 0.273000011779368E+00  0.418892579987358E+00  0.280305900824353E+00 
 0.273000011779368E+00  0.418892579987358E+00  0.307731481694957E+00 
 0.273000011779368E+00  0.418892579987358E+00  0.338624153885172E+00 
 0.273000011779368E+00  0.418892579987358E+00  0.370140131479336E+00 
 0.273000011779368E+00  0.418892579987358E+00  0.400992460857297E+00 
 0.273000011779368E+00  0.418892579987358E+00  0.430301081846850E+00 
 0.273000011779368E+00  0.418892579987358E+00  0.460258891265146E+00 
 0.273000011779368E+00  0.418892579987358E+00  0.491246905683867E+00 
 0.273000011779368E+00  0.418892579987358E+00  0.525166482892444E+00 
 0.273000011779368E+00  0.418892579987358E+00  0.554219044190865E+00 
 0.273000011779368E+00  0.418892579987358E+00  0.579270551691328E+00 
 0.273000011779368E+00  0.418892579987358E+00  0.607337127955032E+00 
 0.273000011779368E+00  0.418892579987358E+00  0.636492606938199E+00 
 0.273000011779368E+00  0.418892579987358E+00  0.665978745040569E+00 
 0.273000011779368E+00  0.418892579987358E+00  0.694795821661830E+00 
 0.273000011779368E+00  0.418892579987358E+00  0.722402866932492E+00 
 0.273000011779368E+00  0.418892579987358E+00  0.750057096456763E+00 
 0.273000011779368E+00  0.418892579987358E+00  0.777604244675557E+00 
 0.273000011779368E+00  0.418892579987358E+00  0.811103264676874E+00 
 0.273000011779368E+00  0.418892579987358E+00  0.844994886504184E+00 
 0.273000011779368E+00  0.418892579987358E+00  0.876654835221745E+00 
 0.273000011779368E+00  0.418892579987358E+00  0.909491798325862E+00 
 0.273000011779368E+00  0.418892579987358E+00  0.940532425696293E+00 
 0.273000011779368E+00  0.418892579987358E+00  0.964624172164531E+00 
 0.273000011779368E+00  0.418892579987358E+00  0.984795005225754E+00 
 0.452765826788047E+00  0.212139355360895E+00  0.898642466734136E+00 
 0.444613027133497E+00  0.228734029176220E+00  0.866674894097738E+00 
 0.426222802977111E+00  0.261407961283383E+00  0.897739207313835E+00 
 0.439255996056401E+00  0.238860147216942E+00  0.900043627600564E+00 
 0.431605098179344E+00  0.252422342960362E+00  0.877316478979487E+00 
 0.459599870409894E+00  0.196895807774590E+00  0.870330167070794E+00 
 0.464918312310313E+00  0.183986311660760E+00  0.898913238446974E+00 
 0.440056509205853E+00  0.237382115386899E+00  0.834338829253213E+00 
 0.454221123036287E+00  0.209005194642752E+00  0.838296502182898E+00 
 0.444220591992504E+00  0.229495241017824E+00  0.800663668367848E+00 
 0.441525864630456E+00  0.234637829137436E+00  0.236867573141222E+00 
 0.441387254258646E+00  0.234898471212593E+00  0.185724612299792E+00 
 0.440457862231879E+00  0.236636581276276E+00  0.154247533446275E+00 
 0.431636831566977E+00  0.252368075704558E+00  0.125801229800164E+00 
 0.296482485471305E+00  0.402614127681527E+00  0.177829178496512E-01 
 0.446866811629253E+00  0.224299025107792E+00  0.118567685466073E+00 
 0.429343759351725E+00  0.256249753767157E+00  0.950912172354568E-01 
 0.445304135135279E+00  0.227385635499302E+00  0.839375036896479E-01 
 0.419553594536068E+00  0.271983053354184E+00  0.711977089528628E-01 
 0.478848715972545E+00  0.143888523557108E+00  0.774990950509011E+00 
 0.368977352530991E+00  0.337425122537165E+00  0.223771979463370E+00 
 0.437035506132814E+00  0.242899086822563E+00  0.956655697663264E+00 
 0.427836221134865E+00  0.258758899141728E+00  0.925292019135144E+00 
 0.445421448120557E+00  0.227155747350107E+00  0.928654715984618E+00 
 0.458858212707056E+00  0.198618077302360E+00  0.926998465241376E+00 
 0.469630427180876E+00  0.171602045051647E+00  0.923987271448113E+00 
 0.483461976386304E+00  0.127532417010926E+00  0.807327903658479E+00 
 0.314442309544072E+00  0.388749320216241E+00  0.212048312104699E-01 
 0.296927858916285E+00  0.402285777277038E+00  0.393878115635644E-01 
 0.484342057092383E+00  0.124148184567956E+00  0.846368648216833E+00 
 0.480209824330750E+00  0.139278586352068E+00  0.876451393034013E+00 
 0.485946057877693E+00  0.117713333285276E+00  0.780201817469224E+00 
 0.490055524172299E+00  0.992249123366362E-01  0.827362804369421E+00 
 0.492137077749629E+00  0.883238173091263E-01  0.796582544929782E+00 
 0.315249890062187E+00  0.388094713717900E+00  0.764282660591603E+00 
 0.328402291952260E+00  0.377030416068124E+00  0.789392849702709E+00 
 0.337106633685082E+00  0.369268354351563E+00  0.765483493108026E+00 
 0.350365132155895E+00  0.356713153905743E+00  0.793440021982744E+00 
 0.359013704188364E+00  0.348007414008595E+00  0.767146606001557E+00 
 0.363357378248696E+00  0.343469672128755E+00  0.820436947443737E+00 
 0.373203084614628E+00  0.332745334503921E+00  0.795483937700656E+00 
 0.380314132230360E+00  0.324593839784227E+00  0.767809445922033E+00 
 0.373112920661516E+00  0.332846433712956E+00  0.844293054057805E+00 
 0.387850870207000E+00  0.315549841514257E+00  0.827152833356750E+00 
 0.394614339001952E+00  0.307049708441569E+00  0.796308262551942E+00 
 0.399962068479540E+00  0.300050568700624E+00  0.767057427716786E+00 
 0.387519293452965E+00  0.315956954665845E+00  0.860589451616514E+00 
 0.401019281711334E+00  0.298636125905299E+00  0.881957064409609E+00 
 0.405777949006756E+00  0.292137392505428E+00  0.853062111109259E+00 
 0.409738670107260E+00  0.286555792505986E+00  0.822952865837134E+00 
 0.413230046149618E+00  0.281497653558932E+00  0.793192209518414E+00 
 0.417423591993621E+00  0.275240885129995E+00  0.764800030206034E+00 
 0.412993661172220E+00  0.281844346814984E+00  0.904073682124664E+00 
 0.417524577029577E+00  0.275087672526911E+00  0.876894163972440E+00 
 0.335504519808444E+00  0.370724584008270E+00  0.229061688656251E-01 
 0.320091962004209E+00  0.384110837988589E+00  0.438906166882025E-01 
 0.303845241078810E+00  0.397086979733358E+00  0.632450755880497E-01 
 0.291066847768593E+00  0.406546541161101E+00  0.835652701384813E-01 
 0.425936693792442E+00  0.261873887360240E+00  0.849104900929156E+00 
 0.427381165726679E+00  0.259509805560609E+00  0.815817628310342E+00 
 0.427852217359146E+00  0.258732448875015E+00  0.787962759535041E+00 
 0.433342732656164E+00  0.249427496587864E+00  0.763974190976856E+00 
 0.475026103915104E+00  0.156045508103362E+00  0.900243113425788E+00 
 0.470935835559983E+00  0.167986424408107E+00  0.874307941534523E+00 
 0.467065413502165E+00  0.178465401436950E+00  0.845354945247414E+00 
 0.463022657569412E+00  0.188706169950427E+00  0.812370824086448E+00 
 0.455757165232263E+00  0.205634156548594E+00  0.785210413754955E+00 
 0.447196354959049E+00  0.223641275509108E+00  0.763706074920161E+00 
 0.465023078479439E+00  0.183721355540136E+00  0.783957243316373E+00 
 0.459316860510249E+00  0.197555110414813E+00  0.760872559347384E+00 
 0.476192839631835E+00  0.152447956638878E+00  0.853265674459029E+00 
 0.475451977409278E+00  0.154743068269979E+00  0.825671126903262E+00 
 0.473436148612923E+00  0.160804891674857E+00  0.795397139940630E+00 
 0.470107689915822E+00  0.170290222508544E+00  0.764168681898519E+00 
 0.327887983822594E+00  0.377477774265922E+00  0.212876970665386E+00 
 0.336915302467976E+00  0.369442930589980E+00  0.191031362476839E+00 
 0.352149355847654E+00  0.354951871633440E+00  0.211635516058599E+00 
 0.354413930400222E+00  0.352690751137972E+00  0.179363627019271E+00 
 0.376951134699389E+00  0.328493290721201E+00  0.201040249013210E+00 
 0.374339584903051E+00  0.331466250430736E+00  0.162288162083806E+00 
 0.403812957388805E+00  0.294847580022131E+00  0.225910698051686E+00 
 0.395974676889485E+00  0.305293392103838E+00  0.186908858574561E+00 
 0.394267531265151E+00  0.307494900429394E+00  0.157800881115260E+00 
 0.385679305619277E+00  0.318200366462756E+00  0.133271330978149E+00 
 0.425494550629215E+00  0.262591674248905E+00  0.232709337611981E+00 
 0.416243907285599E+00  0.277021677216093E+00  0.199858595970973E+00 
 0.410514453699755E+00  0.285443310139845E+00  0.167738661443343E+00 
 0.404928161135893E+00  0.293314139309895E+00  0.138297007637540E+00 
 0.397944671305628E+00  0.302721057377011E+00  0.110949319779182E+00 
 0.433820267400938E+00  0.248596008801789E+00  0.207637484718835E+00 
 0.427531893447180E+00  0.259261412642663E+00  0.176610002643572E+00 
 0.422119660914691E+00  0.267983193258955E+00  0.146706126259210E+00 
 0.357568252032044E+00  0.349492410702649E+00  0.244544212810242E-01 
 0.342556055429371E+00  0.364218820063804E+00  0.469824730491529E-01 
 0.327287851649032E+00  0.377998230370145E+00  0.678263514662927E-01 
 0.312799071680471E+00  0.390072737775707E+00  0.874189211558288E-01 
 0.299852311607259E+00  0.400110723705056E+00  0.105748444823454E+00 
 0.416288626479349E+00  0.276954471825131E+00  0.117361112712372E+00 
 0.409839961327332E+00  0.286410904295230E+00  0.902165913405278E-01 
 0.497023295827126E+00  0.544779166740202E-01  0.230194167620116E+00 
 0.493668721462251E+00  0.793170438797814E-01  0.238878630436232E+00 
 0.493614110079224E+00  0.796562008301703E-01  0.209643751089337E+00 
 0.488583711939254E+00  0.106235382183434E+00  0.218157322134260E+00 
 0.489039954601319E+00  0.104114949952159E+00  0.188011712356532E+00 
 0.483575324072622E+00  0.127101951000207E+00  0.165258744659024E+00 
 0.481673678468575E+00  0.134128548305542E+00  0.224419617184109E+00 
 0.482405532057795E+00  0.131472060301934E+00  0.193913286458508E+00 
 0.475442235038112E+00  0.154772998749668E+00  0.170219490846070E+00 
 0.477335349016841E+00  0.148832001192521E+00  0.142509731335999E+00 
 0.472921230310593E+00  0.162312999853722E+00  0.229081588136384E+00 
 0.473916530234994E+00  0.159383569950054E+00  0.199195387375132E+00 
 0.462994075563239E+00  0.188776285569300E+00  0.234196760134099E+00 
 0.463517291341982E+00  0.187487921282925E+00  0.204645137495537E+00 
 0.465386444960897E+00  0.182798951984571E+00  0.175116367521717E+00 
 0.467841420662155E+00  0.176421101665351E+00  0.147274287364829E+00 
 0.470262690871314E+00  0.169861713091770E+00  0.119955995825523E+00 
 0.453450472429806E+00  0.210671946526313E+00  0.241853597207629E+00 
 0.450504258523603E+00  0.216900698597535E+00  0.212350192582439E+00 
 0.453509035920292E+00  0.210545848542895E+00  0.180168106587307E+00 
 0.455921142595408E+00  0.205270338175045E+00  0.150644064783346E+00 
 0.460453040231207E+00  0.194892272144995E+00  0.126131463057360E+00 
 0.460215382400206E+00  0.195452812213670E+00  0.974627496507179E-01 
 0.455745748968196E+00  0.205659457106690E+00  0.706961144784006E-01 
 0.433079542589897E+00  0.249884192757617E+00  0.627589498452161E-01 
 0.446709420824272E+00  0.224612317887608E+00  0.528222137259157E-01 
 0.290117549833304E+00  0.407224517040318E+00  0.978363627221360E+00 
 0.290432441353326E+00  0.406999996326225E+00  0.954834378249294E+00 
 0.304960924761006E+00  0.396230784226708E+00  0.970986733528647E+00 
 0.292770610827557E+00  0.405321316285807E+00  0.928901720691666E+00 
 0.309608497145437E+00  0.392609957203512E+00  0.949134584580719E+00 
 0.323226600719307E+00  0.381476820511341E+00  0.973123805295920E+00 
 0.296136207071896E+00  0.402868895375495E+00  0.898541121260046E+00 
 0.314471804922003E+00  0.388725460844923E+00  0.924294362948393E+00 
 0.330307512110018E+00  0.375362421459169E+00  0.947388288426646E+00 
 0.345813541030263E+00  0.361127394197824E+00  0.972172249369597E+00 
 0.363267935983984E+00  0.343564268639706E+00  0.982230221272722E+00 
 0.292480896173733E+00  0.405530424719786E+00  0.865490390629732E+00 
 0.309783849026059E+00  0.392471612836648E+00  0.879595835823326E+00 
 0.321493944246431E+00  0.382938172310979E+00  0.900122395144850E+00 
 0.336439661191980E+00  0.369876133829997E+00  0.921807106659139E+00 
 0.351461577360683E+00  0.355632900107879E+00  0.943243920856188E+00 
 0.366339249428539E+00  0.340287458376201E+00  0.960914649267092E+00 
 0.378805446182719E+00  0.326353234919329E+00  0.979399435106841E+00 
 0.294355414632006E+00  0.404171856858960E+00  0.837478345198086E+00 
 0.312497605717008E+00  0.390314291848425E+00  0.856239393916327E+00 
 0.328556404822592E+00  0.376896124747991E+00  0.875615013890958E+00 
 0.342887674913176E+00  0.363906639665500E+00  0.896828706886435E+00 
 0.357480195285422E+00  0.349582479507621E+00  0.917814287240428E+00 
 0.371773357472111E+00  0.334341996575234E+00  0.937527537035154E+00 
 0.379754188075048E+00  0.325248761165145E+00  0.264150020821857E-01 
 0.364707931192514E+00  0.342035268540068E+00  0.501905491909472E-01 
 0.349741895114674E+00  0.357324232038070E+00  0.723620740998801E-01 
 0.334873929405494E+00  0.371294292178757E+00  0.931937870105199E-01 
 0.320088911986631E+00  0.384113379646186E+00  0.112732473946778E+00 
 0.304139927915600E+00  0.396861316138892E+00  0.130769214439994E+00 
 0.290997938992454E+00  0.406595867541892E+00  0.149670486863342E+00 
 0.384872771419586E+00  0.319175421703814E+00  0.957161593990270E+00 
 0.395712323034617E+00  0.305633370885031E+00  0.978030697241955E+00 
 0.288792773850734E+00  0.408165081519229E+00  0.790850168570415E+00 
 0.299113344922923E+00  0.400663458389982E+00  0.812090641856065E+00 
 0.315999401181750E+00  0.387484681571769E+00  0.831501801928062E+00 
 0.333498053015291E+00  0.372530600937708E+00  0.849821812116392E+00 
 0.348898951618910E+00  0.358147346156893E+00  0.871614405358378E+00 
 0.363418134611847E+00  0.343405386438893E+00  0.892862478026627E+00 
 0.377504779845995E+00  0.327856891331305E+00  0.913162680612639E+00 
 0.390799273275272E+00  0.311890891190363E+00  0.933576885625163E+00 
 0.402692127031379E+00  0.296376535553920E+00  0.954745142923833E+00 
 0.412510353341468E+00  0.282551249132077E+00  0.977079365296940E+00 
 0.292519257464580E+00  0.405502754629818E+00  0.764147319030498E+00 
 0.307199459979091E+00  0.394497771588833E+00  0.787843187260401E+00 
 0.317961529565384E+00  0.385876231085099E+00  0.808397369803536E+00 
 0.338262172333338E+00  0.368210133983750E+00  0.819931478073407E+00 
 0.354560109790022E+00  0.352543796634812E+00  0.845779104134757E+00 
 0.368755948033977E+00  0.337667070928693E+00  0.867942717814329E+00 
 0.382919274126976E+00  0.321516452925927E+00  0.887747016007663E+00 
 0.396164806710027E+00  0.305046629098580E+00  0.908624976713447E+00 
 0.408951043146679E+00  0.287678717164206E+00  0.930081119181494E+00 
 0.420040847788367E+00  0.271229950759922E+00  0.952818096138440E+00 
 0.427256414643869E+00  0.259715144236269E+00  0.976850261609083E+00 
 0.498764429966912E+00  0.351289538668835E-01  0.978153474598623E+00 
 0.499571737549109E+00  0.206900711010003E-01  0.959546355256192E+00 
 0.495961840419824E+00  0.634180798146789E-01  0.974458556694874E+00 
 0.498052147396054E+00  0.440914784757643E-01  0.953176937715521E+00 
 0.499461814852955E+00  0.231925743244045E-01  0.936114773005702E+00 
 0.491645110325013E+00  0.910224449985074E-01  0.969809220498589E+00 
 0.495098069499571E+00  0.698419757581240E-01  0.946433926116759E+00 
 0.497633485005884E+00  0.485892436748998E-01  0.926052715440795E+00 
 0.499352497839154E+00  0.254378242347428E-01  0.908921355624433E+00 
 0.480812253216003E+00  0.137184463979528E+00  0.977589760169047E+00 
 0.486358121489250E+00  0.115999041640216E+00  0.961427440995018E+00 
 0.490774403415118E+00  0.956058834619282E-01  0.939220159304216E+00 
 0.494343205238072E+00  0.749986362206007E-01  0.917283151453913E+00 
 0.497208532203595E+00  0.527605487456912E-01  0.897039295983237E+00 
 0.499215589121743E+00  0.279963493661431E-01  0.879242890754562E+00 
 0.463400849572619E+00  0.187775537851379E+00  0.976874288965261E+00 
 0.472971002548608E+00  0.162167909119420E+00  0.972029196293704E+00 
 0.480149427036567E+00  0.139486657843883E+00  0.952235228867588E+00 
 0.485184009994914E+00  0.120815878282847E+00  0.931799526291679E+00 
 0.489531928736780E+00  0.101776670938130E+00  0.909535590039881E+00 
 0.493357780093946E+00  0.812286945652453E-01  0.887330947390198E+00 
 0.496592163728689E+00  0.582771217825550E-01  0.866192722859310E+00 
 0.498976216837527E+00  0.319802287438583E-01  0.847029139741185E+00 
 0.483144104585937E+00  0.128731403332106E+00  0.757391941442650E+00 
 0.489391208742553E+00  0.102451182548096E+00  0.759889821237912E+00 
 0.495448003702992E+00  0.673147504394124E-01  0.767435963030244E+00 
 0.498369561989107E+00  0.403457517315669E-01  0.754254338614436E+00 
 0.452844766472773E+00  0.211970793927417E+00  0.962262693395663E+00 
 0.499132367443192E+00  0.294428220548569E-01  0.780925371106799E+00 
 0.402617183851650E+00  0.296478335241155E+00  0.296520128257519E-01 
 0.385969479029198E+00  0.317848330588552E+00  0.543517024971991E-01 
 0.371391569967586E+00  0.334766040328185E+00  0.771654172099430E-01 
 0.357005234966308E+00  0.350067510927037E+00  0.992424518065086E-01 
 0.342207332283770E+00  0.364546487750500E+00  0.120081006195619E+00 
 0.326663487393438E+00  0.378537932054315E+00  0.139115695200714E+00 
 0.311577735292729E+00  0.391048992927810E+00  0.157658845275601E+00 
 0.297706315440451E+00  0.401710031922120E+00  0.175856325207957E+00 
 0.465396782437219E+00  0.182772631696005E+00  0.950799228219656E+00 
 0.473611678874745E+00  0.160287172392070E+00  0.945080678333915E+00 
 0.478307989431064E+00  0.145675897959864E+00  0.925652208596567E+00 
 0.483157145100023E+00  0.128682450780189E+00  0.903626563725687E+00 
 0.487649508088796E+00  0.110444362738689E+00  0.879624937921477E+00 
 0.491869339820644E+00  0.898028537653696E-01  0.856600804361188E+00 
 0.495494626197143E+00  0.669707056088939E-01  0.833136961730824E+00 
 0.498356056086091E+00  0.405122371921962E-01  0.809816836245724E+00 
 0.286355120695676E+00  0.409878939263003E+00  0.738601036908190E+00 
 0.303150339878011E+00  0.397617745368395E+00  0.739519292162663E+00 
 0.322963983085142E+00  0.381699182118302E+00  0.739247586681415E+00 
 0.344107771185791E+00  0.362753141694937E+00  0.739407287450816E+00 
 0.365341223371389E+00  0.341358741656774E+00  0.739704533697602E+00 
 0.385630874952903E+00  0.318259058446195E+00  0.739424793751364E+00 
 0.404399986992373E+00  0.294041919665493E+00  0.738394437464039E+00 
 0.421497982314530E+00  0.268959942937197E+00  0.737079528234162E+00 
 0.436929458574384E+00  0.243089794581952E+00  0.736142708882458E+00 
 0.450680561019808E+00  0.216534135689668E+00  0.735336624076211E+00 
 0.463217006343487E+00  0.188228597811750E+00  0.735438989211106E+00 
 0.475290631731795E+00  0.155237931537339E+00  0.740112093322921E+00 
 0.483900862471924E+00  0.125856884193626E+00  0.732667744060818E+00 
 0.490663437433017E+00  0.961737550811880E-01  0.732219113057686E+00 
 0.495688785443515E+00  0.655181500466290E-01  0.731683439029166E+00 
 0.498836512747271E+00  0.340900799374417E-01  0.729001693008289E+00 
 0.289656524777637E+00  0.407552570417292E+00  0.716073260574572E+00 
 0.308072372495606E+00  0.393816471601847E+00  0.713797483949978E+00 
 0.328150633073108E+00  0.377249469202699E+00  0.712591599928407E+00 
 0.349096992839945E+00  0.357954312154648E+00  0.711935536543099E+00 
 0.369818635595646E+00  0.336502862939047E+00  0.711436674035270E+00 
 0.389500946926141E+00  0.313510785051551E+00  0.710700285248813E+00 
 0.407778339251463E+00  0.289338601015003E+00  0.709677800035497E+00 
 0.424510267731840E+00  0.264179924654092E+00  0.708594933862219E+00 
 0.439669280249565E+00  0.238098559434596E+00  0.707692650769812E+00 
 0.453322998595756E+00  0.210946104358797E+00  0.707103995448839E+00 
 0.465565029923574E+00  0.182343639626562E+00  0.707104298868781E+00 
 0.476129258610564E+00  0.152646418546110E+00  0.706911091297170E+00 
 0.484613906926817E+00  0.123082741329265E+00  0.704303917840367E+00 
 0.491239743873161E+00  0.931853746004809E-01  0.702991733872290E+00 
 0.496040374563960E+00  0.628008503321905E-01  0.701765985026447E+00 
 0.498994185810259E+00  0.316986202784424E-01  0.700257584704178E+00 
 0.291490313669937E+00  0.406243027062129E+00  0.689623902636263E+00 
 0.310978809417844E+00  0.391525452675890E+00  0.686608932345860E+00 
 0.331470871815947E+00  0.374335492756933E+00  0.684757492261589E+00 
 0.352370098511278E+00  0.354732735556154E+00  0.683536110780936E+00 
 0.372777986793554E+00  0.333221506752107E+00  0.682596391803392E+00 
 0.392108451794525E+00  0.310243391599726E+00  0.681627057024329E+00 
 0.410071713383417E+00  0.286078992382853E+00  0.680594709357511E+00 
 0.426551410649043E+00  0.260871412909333E+00  0.679580402829952E+00 
 0.441507265007635E+00  0.234672825323850E+00  0.678693496220323E+00 
 0.454926276960776E+00  0.207465858710794E+00  0.677997201103721E+00 
 0.466754863555310E+00  0.179276036735152E+00  0.677389080064084E+00 
 0.476842541236973E+00  0.150403427044286E+00  0.676447682004985E+00 
 0.485115250444713E+00  0.121091675130718E+00  0.674839451148689E+00 
 0.491580111802398E+00  0.913728279103949E-01  0.673462895717132E+00 
 0.496236369785877E+00  0.612328776208815E-01  0.672070214743967E+00 
 0.499056173975812E+00  0.307072502289527E-01  0.670574479041160E+00 
 0.292573264581103E+00  0.405463789816497E+00  0.661450520963449E+00 
 0.312686490073125E+00  0.390162990205055E+00  0.658315016138179E+00 
 0.333466545749938E+00  0.372558804573995E+00  0.656087029700673E+00 
 0.354325501865274E+00  0.352779589443496E+00  0.654543350343287E+00 
 0.374573312679856E+00  0.331202103598451E+00  0.653318977756784E+00 
 0.393690563073934E+00  0.308233256717261E+00  0.652224531194694E+00 
 0.411468650938968E+00  0.284066100220469E+00  0.651160395784671E+00 
 0.427785539756909E+00  0.258842678039943E+00  0.650144341476138E+00 
 0.442582989500564E+00  0.232637695579938E+00  0.649207861323374E+00 
 0.455812499501429E+00  0.205511472424923E+00  0.648338814082312E+00 
 0.467403437078242E+00  0.177578227853095E+00  0.647454598862858E+00 
 0.477286158187666E+00  0.148989674818286E+00  0.646363397263453E+00 
 0.485414040141580E+00  0.119888321505594E+00  0.645054928439642E+00 
 0.491771167752108E+00  0.903389094893713E-01  0.643693389765478E+00 
 0.496333476716651E+00  0.604407138472238E-01  0.642277297616128E+00 
 0.499083225698146E+00  0.302643986679600E-01  0.640640411578907E+00 
 0.293172620295032E+00  0.405030634285044E+00  0.632568826904599E+00 
 0.313654934915257E+00  0.389384876187180E+00  0.629367868134051E+00 
 0.334542940686541E+00  0.371592546799316E+00  0.626951216709215E+00 
 0.355401591537937E+00  0.351695477270183E+00  0.625126127873106E+00 
 0.375538087563212E+00  0.330107777535406E+00  0.623753987354758E+00 
 0.394550967994475E+00  0.307131134297100E+00  0.622559800559276E+00 
 0.412222033125135E+00  0.282971721919665E+00  0.621466337832227E+00 
 0.428445621060219E+00  0.257748617444059E+00  0.620422720169459E+00 
 0.286687169602636E+00  0.409646758543540E+00  0.228200113679998E+00 
 0.443146086153687E+00  0.231563266358612E+00  0.619423626278923E+00 
 0.456262851683983E+00  0.204509682345849E+00  0.618451408855128E+00 
 0.467739341259580E+00  0.176691563573517E+00  0.617441018807987E+00 
 0.477519996560405E+00  0.148238500009110E+00  0.616342615077625E+00 
 0.485572419406922E+00  0.119245232656522E+00  0.615112784831264E+00 
 0.491865275099420E+00  0.898251142574938E-01  0.613815212594883E+00 
 0.496379560698150E+00  0.600610665998468E-01  0.612358262597495E+00 
 0.499094353212479E+00  0.300803356267353E-01  0.610682738744410E+00 
 0.293526881992846E+00  0.404773973406836E+00  0.603590639046099E+00 
 0.314140512091689E+00  0.388993237296963E+00  0.600250287885259E+00 
 0.335090294094122E+00  0.371099036382358E+00  0.597501450132648E+00 
 0.355905207467718E+00  0.351185824453893E+00  0.595504824993441E+00 
 0.376006823345736E+00  0.329573768369766E+00  0.593979754544761E+00 
 0.394956647808022E+00  0.306609273102185E+00  0.592738844128756E+00 
 0.412581858612993E+00  0.282446826754078E+00  0.591609587382223E+00 
 0.428756944566057E+00  0.257230407390689E+00  0.590541718281506E+00 
 0.443407623351361E+00  0.231062068617715E+00  0.589502895464397E+00 
 0.456471587345852E+00  0.204043353104084E+00  0.588470354634265E+00 
 0.467893442160449E+00  0.176283087059553E+00  0.587421373048703E+00 
 0.477630296260964E+00  0.147882724121729E+00  0.586312002067073E+00 
 0.485643864072712E+00  0.118953929268962E+00  0.585136672280478E+00 
 0.491908253323070E+00  0.895894542490735E-01  0.583847989244844E+00 
 0.496398376334270E+00  0.599053584639961E-01  0.582404009386811E+00 
 0.499099193647414E+00  0.299999150082224E-01  0.580674975834544E+00 
 0.293712018044882E+00  0.404639655071031E+00  0.575148460264547E+00 
 0.314364917552134E+00  0.388811906469490E+00  0.571049369862973E+00 
 0.335292466951249E+00  0.370916380880847E+00  0.567948574970516E+00 
 0.356118452504512E+00  0.350969582422453E+00  0.565707601120976E+00 
 0.376189640358681E+00  0.329365077819137E+00  0.564115035321340E+00 
 0.395127968544398E+00  0.306388460086174E+00  0.562815534094309E+00 
 0.412729422522745E+00  0.282231153106883E+00  0.561673273983898E+00 
 0.420036074943004E+00  0.271237342094475E+00  0.210893776412240E-01 
 0.428886143897569E+00  0.257014932586950E+00  0.560586832670911E+00 
 0.443515579323735E+00  0.230854783136785E+00  0.559525500398618E+00 
 0.456556311613796E+00  0.203853708147796E+00  0.558469971963684E+00 
 0.467957348957382E+00  0.176113371317395E+00  0.557399132874015E+00 
 0.477674339823084E+00  0.147740397571487E+00  0.556298695064310E+00 
 0.485673540848859E+00  0.118832704754760E+00  0.555131360105424E+00 
 0.491924566841029E+00  0.894998354091596E-01  0.553863332446888E+00 
 0.496406258626134E+00  0.598400066577834E-01  0.552397360541008E+00 
 0.499100924709271E+00  0.299711019875842E-01  0.550645782315556E+00 
 0.293663892463061E+00  0.404674583169543E+00  0.546796911769045E+00 
 0.314343977300146E+00  0.388828836295773E+00  0.541704316244102E+00 
 0.335337899740220E+00  0.370875306535523E+00  0.538183063630668E+00 
 0.356167291608934E+00  0.350920019930406E+00  0.535837759769499E+00 
 0.376256104256599E+00  0.329289149547396E+00  0.534162398986110E+00 
 0.395184703441941E+00  0.306315279027190E+00  0.532854381696020E+00 
 0.412784072772056E+00  0.282151217019728E+00  0.531694991570296E+00 
 0.428932846432586E+00  0.256936983035217E+00  0.530602760630019E+00 
 0.443554750880213E+00  0.230779511594059E+00  0.529531611695714E+00 
 0.456587478064499E+00  0.203783892579125E+00  0.528464555106151E+00 
 0.467980074700586E+00  0.176052974082330E+00  0.527389791758650E+00 
 0.477690862785666E+00  0.147686964932879E+00  0.526286545686229E+00 
 0.485683810360100E+00  0.118790725033964E+00  0.525129163675729E+00 
 0.491931125640654E+00  0.894637782899854E-01  0.523853045697114E+00 
 0.496409040816547E+00  0.598169223179841E-01  0.522373759068116E+00 
 0.499101932323640E+00  0.299543177323248E-01  0.520555923948061E+00 
 0.293539224062537E+00  0.404765023114354E+00  0.516961460559200E+00 
 0.314303552519604E+00  0.388861513746934E+00  0.511739377743805E+00 
 0.335325825998140E+00  0.370886223010057E+00  0.508231401547883E+00 
 0.356186303066701E+00  0.350900723150688E+00  0.505844676601643E+00 
 0.376272523955941E+00  0.329270386940317E+00  0.504184453975754E+00 
 0.395207879960252E+00  0.306285376107517E+00  0.502861293735577E+00 
 0.412803348101764E+00  0.282123015360274E+00  0.501704899968059E+00 
 0.428950823895088E+00  0.256906968920123E+00  0.500607491409468E+00 
 0.443569730010404E+00  0.230750719648927E+00  0.499533284581035E+00 
 0.456599457077075E+00  0.203757050913387E+00  0.498462848890218E+00 
 0.467989526904078E+00  0.176027846399646E+00  0.497383931120432E+00 
 0.477697461871567E+00  0.147665618616734E+00  0.496282194323692E+00 
 0.485688822779639E+00  0.118770229548185E+00  0.495120732478309E+00 
 0.491934014095531E+00  0.894478941946551E-01  0.493840027318509E+00 
 0.451158687308171E+00  0.215536166028738E+00  0.253124865487745E-01 
 0.459443203901541E+00  0.197261102066999E+00  0.474774629347919E-01 
 0.466259793538212E+00  0.180559699074029E+00  0.708073589871764E-01 
 0.472863796323159E+00  0.162480245343395E+00  0.937836019932474E-01 
 0.479473016991157E+00  0.141794308691845E+00  0.116097964925389E+00 
 0.485113939347164E+00  0.121096927504690E+00  0.138324869600422E+00 
 0.489908495928168E+00  0.999483147301668E-01  0.160401814701318E+00 
 0.493966218871791E+00  0.774427182729680E-01  0.181740574227438E+00 
 0.497109490271603E+00  0.536857027699776E-01  0.202062748649657E+00 
 0.499032894805653E+00  0.310832736675126E-01  0.221589509851981E+00 
 0.499782177583614E+00  0.147572006078927E-01  0.236926282924329E+00 
 0.496411028878657E+00  0.598004214670208E-01  0.492325063156822E+00 
 0.499102493091617E+00  0.299449726954641E-01  0.490437298320562E+00 
 0.293628239834778E+00  0.404700453139763E+00  0.485851016451198E+00 
 0.314348082608844E+00  0.388825517372694E+00  0.481393967274712E+00 
 0.335361088546550E+00  0.370854338371378E+00  0.478098365828335E+00 
 0.356206471700174E+00  0.350880249542366E+00  0.475818508351275E+00 
 0.376298640072329E+00  0.329240540455934E+00  0.474174081932156E+00 
 0.395228613460744E+00  0.306258621269505E+00  0.472870259868966E+00 
 0.412823849885048E+00  0.282093014741746E+00  0.471709615620388E+00 
 0.428968090949506E+00  0.256878136374305E+00  0.470613018783987E+00 
 0.443585097283331E+00  0.230721176895702E+00  0.469536602795512E+00 
 0.456612748839592E+00  0.203727262773424E+00  0.468464336100471E+00 
 0.468000492132158E+00  0.175998691370298E+00  0.467383962519932E+00 
 0.477706661318425E+00  0.147635855170768E+00  0.466277376636351E+00 
 0.485695354101149E+00  0.118743517737012E+00  0.465116673659393E+00 
 0.491938926020695E+00  0.894208760055785E-01  0.463824359896323E+00 
 0.496413482836878E+00  0.597800473215008E-01  0.462284564744799E+00 
 0.499103429417376E+00  0.299293625694602E-01  0.460314130506417E+00 
 0.293681697266091E+00  0.404661661997906E+00  0.455239241772218E+00 
 0.314412091734907E+00  0.388773760136767E+00  0.451083250073293E+00 
 0.335414290300124E+00  0.370806221445197E+00  0.447983544561561E+00 
 0.356269517698781E+00  0.350816235027226E+00  0.445779399824508E+00 
 0.376356418697208E+00  0.329174491881452E+00  0.444190920000722E+00 
 0.395286550516470E+00  0.306183838536247E+00  0.442889009938803E+00 
 0.412874689955367E+00  0.282018599376459E+00  0.441729048246901E+00 
 0.429014169329755E+00  0.256801173117064E+00  0.440625381145316E+00 
 0.443625723618757E+00  0.230643051800253E+00  0.439550499535261E+00 
 0.456648744834021E+00  0.203646565994896E+00  0.438476696901651E+00 
 0.468031768481678E+00  0.175915501567978E+00  0.437388994932625E+00 
 0.477731563454532E+00  0.147555255003977E+00  0.436280608706156E+00 
 0.485715019043562E+00  0.118663053540317E+00  0.435115778847397E+00 
 0.434991615116153E+00  0.246540655427540E+00  0.297824861567526E-01 
 0.419507089410583E+00  0.272054777451639E+00  0.460132281481442E-01 
 0.404762776696898E+00  0.293542321651609E+00  0.617272434823544E-01 
 0.391527042898679E+00  0.310976807300827E+00  0.829444029077088E-01 
 0.378202434536340E+00  0.327051859054165E+00  0.105093136430102E+00 
 0.364624581476736E+00  0.342124121603425E+00  0.128075380146702E+00 
 0.349325238128084E+00  0.357731572560708E+00  0.148763162204003E+00 
 0.332662807800556E+00  0.373276648487754E+00  0.166118813799499E+00 
 0.317313996489706E+00  0.386408886584834E+00  0.185660288987269E+00 
 0.300598542283446E+00  0.399550392788028E+00  0.209248333714227E+00 
 0.491951619193178E+00  0.893510177513998E-01  0.433833286169234E+00 
 0.496420676536839E+00  0.597202805310499E-01  0.432279317184203E+00 
 0.499105369319162E+00  0.298969951129264E-01  0.430268833431250E+00 
 0.293730728562718E+00  0.404626073181172E+00  0.425090736296726E+00 
 0.314488695861525E+00  0.388711795775890E+00  0.420943206045347E+00 
 0.335535169636761E+00  0.370696843710370E+00  0.417915551753792E+00 
 0.356411297362713E+00  0.350672193240678E+00  0.415815551986944E+00 
 0.376513807226074E+00  0.328994457351681E+00  0.414258971622768E+00 
 0.395436478630151E+00  0.305990181817303E+00  0.412961063439894E+00 
 0.413014030454025E+00  0.281814496873602E+00  0.411773271616039E+00 
 0.429138195269372E+00  0.256593860723414E+00  0.410665684095498E+00 
 0.443738098971732E+00  0.230426776918295E+00  0.409591935791017E+00 
 0.456748520158204E+00  0.203422686378121E+00  0.408518113448228E+00 
 0.468116615630584E+00  0.175689596079471E+00  0.407419746350899E+00 
 0.477801847701061E+00  0.147327507049606E+00  0.406291755502555E+00 
 0.485767154937604E+00  0.118449445688134E+00  0.405144889859033E+00 
 0.491988171375189E+00  0.891495329595054E-01  0.403890590597873E+00 
 0.496439785511633E+00  0.595612236372254E-01  0.402375318468262E+00 
 0.499111118404096E+00  0.298008638366818E-01  0.400369031117497E+00 
 0.293768798430117E+00  0.404598434338203E+00  0.395060620343925E+00 
 0.314654013090470E+00  0.388577987083755E+00  0.390850665444903E+00 
 0.335807055762926E+00  0.370450565257815E+00  0.387942051367408E+00 
 0.356759710743962E+00  0.350317725486286E+00  0.385960411013921E+00 
 0.376881992139756E+00  0.328572616023869E+00  0.384466733282659E+00 
 0.395795585231699E+00  0.305525538557903E+00  0.383114226622593E+00 
 0.413339432924451E+00  0.281337009989254E+00  0.381876545560372E+00 
 0.429436136261703E+00  0.256094913796858E+00  0.380751667512214E+00 
 0.444007437504623E+00  0.229907362736773E+00  0.379709266944254E+00 
 0.456987871612918E+00  0.202884413395153E+00  0.378640285533663E+00 
 0.468321748999444E+00  0.175142054955689E+00  0.377502113909214E+00 
 0.477966421085929E+00  0.146792712061290E+00  0.376347278711272E+00 
 0.485895217689522E+00  0.117923014829389E+00  0.375214462067632E+00 
 0.492074234206588E+00  0.886732655877788E-01  0.374081382101163E+00 
 0.470491572743234E+00  0.169226711773284E+00  0.462450284976544E-01 
 0.476343912508271E+00  0.151975251328342E+00  0.688807988808336E-01 
 0.481905275981292E+00  0.133294054561315E+00  0.910768389084035E-01 
 0.486930861309306E+00  0.113570842669138E+00  0.113001461223109E+00 
 0.491154286449554E+00  0.936347526414720E-01  0.134691400173472E+00 
 0.494512848202355E+00  0.738718008633532E-01  0.155870639653727E+00 
 0.497363985954817E+00  0.512744134548291E-01  0.175328912260008E+00 
 0.499266065732307E+00  0.270812778166684E-01  0.195433266233025E+00 
 0.496487955264270E+00  0.591583491783218E-01  0.372644417435465E+00 
 0.499125151532345E+00  0.295648965466472E-01  0.370682685383331E+00 
 0.293952712868166E+00  0.404464834809463E+00  0.364637038076840E+00 
 0.315076419749344E+00  0.388235559574256E+00  0.360727384643017E+00 
 0.336444188818000E+00  0.369872015446692E+00  0.358044423240280E+00 
 0.357510616199393E+00  0.349551368620880E+00  0.356351688114803E+00 
 0.377668188747228E+00  0.327668642394093E+00  0.354907109635711E+00 
 0.396527514443063E+00  0.304574999449407E+00  0.353412038603883E+00 
 0.414009439553610E+00  0.280350109613864E+00  0.352027550854876E+00 
 0.430052135652866E+00  0.255059131615414E+00  0.350935369751887E+00 
 0.444573824021863E+00  0.228810216106225E+00  0.349989916385241E+00 
 0.457488827042308E+00  0.201752256818737E+00  0.348943539672123E+00 
 0.468741955951865E+00  0.174014306108491E+00  0.347715382376891E+00 
 0.478310023592478E+00  0.145669218886362E+00  0.346446672497587E+00 
 0.486158183406814E+00  0.116834158988656E+00  0.345389028603922E+00 
 0.492258804204636E+00  0.876428530059500E-01  0.344529516424542E+00 
 0.496587976258371E+00  0.583127930699193E-01  0.343259903622073E+00 
 0.499154430930554E+00  0.290663737400257E-01  0.341246266449749E+00 
 0.294416700991914E+00  0.404127215338237E+00  0.334119818553728E+00 
 0.316000467344631E+00  0.387483812097970E+00  0.330634939258956E+00 
 0.337735281222942E+00  0.368693476776116E+00  0.328274375199917E+00 
 0.358986492519154E+00  0.348035484094360E+00  0.327227498374647E+00 
 0.379123028373567E+00  0.325984247099235E+00  0.325797834052685E+00 
 0.397821862076365E+00  0.302882429424511E+00  0.323798594803448E+00 
 0.415195687546603E+00  0.278590274494111E+00  0.322178379030054E+00 
 0.431192418519835E+00  0.253126644609009E+00  0.321264728483766E+00 
 0.445622974438727E+00  0.226760147848739E+00  0.320638413447903E+00 
 0.458397945206693E+00  0.199678050446917E+00  0.319618367043854E+00 
 0.469491736722071E+00  0.171981130214025E+00  0.318118459404530E+00 
 0.478916442298896E+00  0.143662943363167E+00  0.316600505057606E+00 
 0.486650698454049E+00  0.114765402862477E+00  0.315636367785630E+00 
 0.492600861499525E+00  0.856994238599399E-01  0.315596965298935E+00 
 0.464156303848278E+00  0.185900310913954E+00  0.233700316022584E-01 
 0.496772369336078E+00  0.567204818757672E-01  0.314498111355719E+00 
 0.499201670074263E+00  0.282434522512210E-01  0.312132625100687E+00 
 0.295314405701647E+00  0.403471686472648E+00  0.304082529208702E+00 
 0.317684503325728E+00  0.386104333498972E+00  0.300684635698668E+00 
 0.340157667999879E+00  0.366459767097132E+00  0.298413668755302E+00 
 0.361658480886395E+00  0.345258082024078E+00  0.299349385089841E+00 
 0.381449644999816E+00  0.323258670927037E+00  0.297306642920520E+00 
 0.399673370948741E+00  0.300435012198096E+00  0.293875486509389E+00 
 0.417090934753022E+00  0.275744722790574E+00  0.292109691736178E+00 
 0.433129515193762E+00  0.249797564175508E+00  0.291932793166556E+00 
 0.447368317670532E+00  0.223297085392171E+00  0.292069606269734E+00 
 0.459832353002072E+00  0.196352252680172E+00  0.290935463634056E+00 
 0.470606651398827E+00  0.168906422788428E+00  0.288723342232451E+00 
 0.479849743169275E+00  0.140514141567247E+00  0.286588736322273E+00 
 0.487493100890706E+00  0.111132698086405E+00  0.285761967542708E+00 
 0.493205333455815E+00  0.821492486316108E-01  0.288188613770928E+00 
 0.497056130852194E+00  0.541775117760686E-01  0.286753828360515E+00 
 0.499248958960806E+00  0.273948348516949E-01  0.283087850691526E+00 
 0.300716176955410E+00  0.399461864158924E+00  0.246168959434604E+00 
 0.322134861120384E+00  0.382399177890004E+00  0.240693175857489E+00 
 0.341914799102532E+00  0.364820874066541E+00  0.235499714908880E+00 
 0.362612373991157E+00  0.344256105579113E+00  0.246407888125953E+00 
 0.384353588379938E+00  0.319800436365345E+00  0.237527936206762E+00 
 0.296861551445116E+00  0.402334710500597E+00  0.274736221562639E+00 
 0.320325621388512E+00  0.383916001596786E+00  0.270786215982611E+00 
 0.344740350021777E+00  0.362152027561441E+00  0.266963578384055E+00 
 0.366727534817082E+00  0.339868967702240E+00  0.275222179858871E+00 
 0.383456768430509E+00  0.320875219898376E+00  0.267896571846080E+00 
 0.401815258848952E+00  0.297564274999789E+00  0.262466040373366E+00 
 0.420080578839191E+00  0.271168411291084E+00  0.261761078009776E+00 
 0.436332096429796E+00  0.244160401427379E+00  0.263466764021720E+00 
 0.449979435439887E+00  0.217987402574554E+00  0.265178419218958E+00 
 0.461706135432837E+00  0.191904779783296E+00  0.263047227716004E+00 
 0.471899147904744E+00  0.165260988157448E+00  0.259152430346837E+00 
 0.481021510832338E+00  0.136448913944287E+00  0.255976401860985E+00 
 0.489015173583668E+00  0.104231281316770E+00  0.254306269833583E+00 
 0.494345393382912E+00  0.749842119455447E-01  0.265249296548832E+00 
 0.497221326541430E+00  0.526398369334495E-01  0.258756820850237E+00 
 0.499225455858714E+00  0.278198530308771E-01  0.252833623342031E+00 
 0.499486948589216E+00  0.226448269817748E-01  0.219415961588691E-01 
 0.474878045864754E+00  0.156495500113173E+00  0.227145636710664E-01 
 0.479853637119675E+00  0.140500843211062E+00  0.451393080377462E-01 
 0.484575196371644E+00  0.123235056138189E+00  0.672495577491388E-01 
 0.488916154625592E+00  0.104694764654803E+00  0.890759887739040E-01 
 0.492643470905461E+00  0.854541431074058E-01  0.110717072542322E+00 
 0.495561774842035E+00  0.664720039972648E-01  0.131935845645611E+00 
 0.497440028150825E+00  0.505313604933244E-01  0.151646471075161E+00 
 0.499376082410640E+00  0.249705489767811E-01  0.164042053071989E+00 
 0.499200212893324E+00  0.282691960844226E-01  0.447480179756428E-01 
 0.497736481722263E+00  0.475225710872544E-01  0.221734078355458E-01 
 0.499512614210189E+00  0.220714350440265E-01  0.879511451381219E-01 
 0.498593852430725E+00  0.374722606508860E-01  0.661571115505101E-01 
 0.496799988241236E+00  0.564780637372422E-01  0.440421389567125E-01 
 0.494571858281950E+00  0.734756898269029E-01  0.220974864388144E-01 
 0.499219125999116E+00  0.279332102823603E-01  0.110373065847793E+00 
 0.497679500326024E+00  0.481156414821537E-01  0.877837482682001E-01 
 0.495572233968516E+00  0.663939825545561E-01  0.657804757797644E-01 
 0.492868739989816E+00  0.841451432992503E-01  0.439962250655812E-01 
 0.489920990499778E+00  0.998870515518245E-01  0.221365024395487E-01 
 0.498623625169361E+00  0.370739857981842E-01  0.133355722254053E+00 
 0.496741985594530E+00  0.569859609693792E-01  0.109940237036428E+00 
 0.494149511717515E+00  0.762644089293413E-01  0.879473917420910E-01 
 0.490939908282760E+00  0.947523427431530E-01  0.661912906986387E-01 
 0.487284722601709E+00  0.112042845014647E+00  0.443708324202881E-01 
 0.483458156144965E+00  0.127546898264563E+00  0.222881736624975E-01 
 0.273000011779368E+00  0.323109893896506E+00  0.218931034981392E-01 
 0.273000011779368E+00  0.323109893896506E+00  0.532440570721467E-01 
 0.273000011779368E+00  0.323109893896506E+00  0.828331493263293E-01 
 0.273000011779368E+00  0.323109893896506E+00  0.114659318987603E+00 
 0.273000011779368E+00  0.323109893896506E+00  0.147396678935767E+00 
 0.273000011779368E+00  0.323109893896506E+00  0.176201791269807E+00 
 0.273000011779368E+00  0.323109893896506E+00  0.202586726552491E+00 
 0.273000011779368E+00  0.323109893896506E+00  0.231356998816609E+00 
 0.273000011779368E+00  0.323109893896506E+00  0.259830241020128E+00 
 0.273000011779368E+00  0.323109893896506E+00  0.288900914302057E+00 
 0.273000011779368E+00  0.323109893896506E+00  0.320053087725146E+00 
 0.273000011779368E+00  0.323109893896506E+00  0.354839861773374E+00 
 0.273000011779368E+00  0.323109893896506E+00  0.389593254931397E+00 
 0.273000011779368E+00  0.323109893896506E+00  0.418533325253496E+00 
 0.273000011779368E+00  0.323109893896506E+00  0.443416336641444E+00 
 0.273000011779368E+00  0.323109893896506E+00  0.470942715804072E+00 
 0.273000011779368E+00  0.323109893896506E+00  0.500202198404550E+00 
 0.273000011779368E+00  0.323109893896506E+00  0.528948348004845E+00 
 0.273000011779368E+00  0.323109893896506E+00  0.556728777581615E+00 
 0.273000011779368E+00  0.323109893896506E+00  0.585827994322117E+00 
 0.273000011779368E+00  0.323109893896506E+00  0.615756328070562E+00 
 0.273000011779368E+00  0.323109893896506E+00  0.647411627629949E+00 
 0.273000011779368E+00  0.323109893896506E+00  0.679018402764509E+00 
 0.273000011779368E+00  0.323109893896506E+00  0.710858988411211E+00 
 0.273000011779368E+00  0.323109893896506E+00  0.743926893792875E+00 
 0.273000011779368E+00  0.323109893896506E+00  0.781047420025275E+00 
 0.273000011779368E+00  0.323109893896506E+00  0.817840574438199E+00 
 0.273000011779368E+00  0.323109893896506E+00  0.849283273480797E+00 
 0.273000011779368E+00  0.323109893896506E+00  0.878089056128915E+00 
 0.273000011779368E+00  0.323109893896506E+00  0.905881948224094E+00 
 0.273000011779368E+00  0.323109893896506E+00  0.932956182043551E+00 
 0.273000011779368E+00  0.323109893896506E+00  0.958445080791909E+00 
 0.273000011779368E+00  0.323109893896506E+00  0.981692853519978E+00 
 0.273000011779368E+00  0.343918844863069E+00  0.674670015742888E-01 
 0.273000011779368E+00  0.343908823444776E+00  0.252637048411619E+00 
 0.273000011779368E+00  0.343160996820265E+00  0.276513496895254E+00 
 0.273000011779368E+00  0.344570574834066E+00  0.409462626647120E+00 
 0.273000011779368E+00  0.343909273479540E+00  0.432652182213799E+00 
 0.273000011779368E+00  0.343955138697942E+00  0.521739729799319E+00 
 0.273000011779368E+00  0.345647995824245E+00  0.547918859189768E+00 
 0.273000011779368E+00  0.344091629801308E+00  0.573840463959145E+00 
 0.273000011779368E+00  0.343952834162059E+00  0.922870754100985E+00 
 0.273000011779368E+00  0.345100561964440E+00  0.947528336803744E+00 
 0.273000011779368E+00  0.341797491507303E+00  0.971203590777600E+00 
 0.273000011779368E+00  0.364653089818202E+00  0.968107433913124E+00 
 0.273000011779368E+00  0.391069785200191E+00  0.957813148534012E+00 
 0.273000011779368E+00  0.401241036883353E+00  0.979713151114020E+00 
 0.273000011779368E+00  0.369373239225736E+00  0.933736907406539E+00 
 0.273000011779368E+00  0.396470440600757E+00  0.930527413738696E+00 
 0.273000011779368E+00  0.384722589951089E+00  0.910144324171788E+00 
 0.273000011779368E+00  0.355846673835574E+00  0.898728345381708E+00 
 0.273000011779368E+00  0.386693642186316E+00  0.884206798235673E+00 
 0.273000011779368E+00  0.355185371876292E+00  0.835003487987087E+00 
 0.273000011779368E+00  0.355273001636612E+00  0.866378532987271E+00 
 0.273000011779368E+00  0.387074479073590E+00  0.854319345009098E+00 
 0.273000011779368E+00  0.387134353468947E+00  0.822611823309735E+00 
 0.273000011779368E+00  0.354913385623729E+00  0.769037340275444E+00 
 0.273000011779368E+00  0.355003939493187E+00  0.802424603781616E+00 
 0.273000011779368E+00  0.387031435145240E+00  0.790286592842293E+00 
 0.273000011779368E+00  0.386877458012747E+00  0.758977732580306E+00 
 0.273000011779368E+00  0.355130084436434E+00  0.704550118113271E+00 
 0.273000011779368E+00  0.355029359998347E+00  0.736256979960120E+00 
 0.273000011779368E+00  0.388602573521141E+00  0.273436256228351E-01 
 0.273000011779368E+00  0.386931037017723E+00  0.728760371635068E+00 
 0.273000011779368E+00  0.387023563608681E+00  0.698875192429752E+00 
 0.273000011779368E+00  0.355430750869083E+00  0.640860447987541E+00 
 0.273000011779368E+00  0.355240828699598E+00  0.673101489675681E+00 
 0.273000011779368E+00  0.387195216101015E+00  0.668664543837809E+00 
 0.273000011779368E+00  0.387641066183346E+00  0.638080868520355E+00 
 0.273000011779368E+00  0.355633736046121E+00  0.604897449884330E+00 
 0.273000011779368E+00  0.389872417290899E+00  0.608073711883322E+00 
 0.273000011779368E+00  0.361369125700774E+00  0.246443043356691E-01 
 0.273000011779368E+00  0.344807487487625E+00  0.440363845226668E-01 
 0.273000011779368E+00  0.370783778871104E+00  0.572371404078996E+00 
 0.273000011779368E+00  0.397860274916388E+00  0.583946343459049E+00 
 0.273000011779368E+00  0.367376727626522E+00  0.536126244087753E+00 
 0.273000011779368E+00  0.395185544743410E+00  0.552983571423983E+00 
 0.273000011779368E+00  0.386488822094040E+00  0.521196509929620E+00 
 0.273000011779368E+00  0.357328672340137E+00  0.499633135257741E+00 
 0.273000011779368E+00  0.387977231121183E+00  0.492880912172932E+00 
 0.273000011779368E+00  0.355784221984996E+00  0.461542030140925E+00 
 0.273000011779368E+00  0.390017402529949E+00  0.462611691198273E+00 
 0.273000011779368E+00  0.369965636154426E+00  0.428637553669234E+00 
 0.273000011779368E+00  0.397597492880574E+00  0.567242333301973E-01 
 0.273000011779368E+00  0.369724752126026E+00  0.575588775983557E-01 
 0.273000011779368E+00  0.397648622751637E+00  0.438039166724869E+00 
 0.273000011779368E+00  0.392435226296389E+00  0.409927607102038E+00 
 0.273000011779368E+00  0.358687955264836E+00  0.386702370662080E+00 
 0.273000011779368E+00  0.388844526249825E+00  0.376347237078832E+00 
 0.273000011779368E+00  0.356057562150391E+00  0.347668178163493E+00 
 0.273000011779368E+00  0.387888915117959E+00  0.341904068386720E+00 
 0.273000011779368E+00  0.355262639915902E+00  0.307472422549950E+00 
 0.273000011779368E+00  0.389543463690036E+00  0.308000794119326E+00 
 0.273000011779368E+00  0.390497651208558E+00  0.881856571239127E-01 
 0.273000011779368E+00  0.356654025436614E+00  0.956020362308098E-01 
 0.273000011779368E+00  0.368370695985314E+00  0.271487427143857E+00 
 0.273000011779368E+00  0.397038505222803E+00  0.277505540977425E+00 
 0.273000011779368E+00  0.386195189185165E+00  0.249233677547659E+00 
 0.273000011779368E+00  0.355900817775353E+00  0.196537587730718E+00 
 0.273000011779368E+00  0.357322524611382E+00  0.230441414037397E+00 
 0.273000011779368E+00  0.387715620159257E+00  0.219207800864901E+00 
 0.273000011779368E+00  0.387545719631784E+00  0.186568459098984E+00 
 0.273000011779368E+00  0.355658280729640E+00  0.132671067767612E+00 
 0.273000011779368E+00  0.355586250404132E+00  0.165222593437015E+00 
 0.273000011779368E+00  0.387412548676955E+00  0.154285357756439E+00 
 0.273000011779368E+00  0.387836757106025E+00  0.121478595260766E+00 
 0.423000011779376E+00  0.000000000000000E+00  0.216936107864911E-01 
 0.423000011779376E+00  0.000000000000000E+00  0.495021008186227E-01 
 0.423000011779376E+00  0.000000000000000E+00  0.797465417496631E-01 
 0.423000011779376E+00  0.000000000000000E+00  0.111260268054741E+00 
 0.423000011779376E+00  0.000000000000000E+00  0.140484381043168E+00 
 0.423000011779376E+00  0.000000000000000E+00  0.170558323323612E+00 
 0.423000011779376E+00  0.000000000000000E+00  0.201640620428100E+00 
 0.423000011779376E+00  0.000000000000000E+00  0.233185834747040E+00 
 0.423000011779376E+00  0.000000000000000E+00  0.264174140264454E+00 
 0.423000011779376E+00  0.000000000000000E+00  0.294861848721485E+00 
 0.423000011779376E+00  0.000000000000000E+00  0.324892968508557E+00 
 0.423000011779376E+00  0.000000000000000E+00  0.353988733169822E+00 
 0.423000011779376E+00  0.000000000000000E+00  0.380057242873040E+00 
 0.423000011779376E+00  0.000000000000000E+00  0.405684023332257E+00 
 0.423000011779376E+00  0.000000000000000E+00  0.439282010187859E+00 
 0.423000011779376E+00  0.000000000000000E+00  0.471771398276326E+00 
 0.423000011779376E+00  0.000000000000000E+00  0.503562983566743E+00 
 0.423000011779376E+00  0.000000000000000E+00  0.534707880986254E+00 
 0.423000011779376E+00  0.000000000000000E+00  0.565081048107750E+00 
 0.423000011779376E+00  0.000000000000000E+00  0.595029072050531E+00 
 0.423000011779376E+00  0.000000000000000E+00  0.624888828891369E+00 
 0.423000011779376E+00  0.000000000000000E+00  0.654467286954500E+00 
 0.423000011779376E+00  0.000000000000000E+00  0.685291293295343E+00 
 0.423000011779376E+00  0.000000000000000E+00  0.715840550906124E+00 
 0.423000011779376E+00  0.000000000000000E+00  0.746454073201568E+00 
 0.423000011779376E+00  0.000000000000000E+00  0.776309080504690E+00 
 0.423000011779376E+00  0.000000000000000E+00  0.803593987447453E+00 
 0.423000011779376E+00  0.000000000000000E+00  0.832179929451048E+00 
 0.423000011779376E+00  0.000000000000000E+00  0.860902543561352E+00 
 0.423000011779376E+00  0.000000000000000E+00  0.891604878639436E+00 
 0.423000011779376E+00  0.000000000000000E+00  0.921888430984946E+00 
 0.423000011779376E+00  0.000000000000000E+00  0.948237433228284E+00 
 0.423000011779376E+00  0.000000000000000E+00  0.977274531123316E+00 
 0.393117837469385E+00  0.156164579302534E+00  0.903049217574128E+00 
 0.386633749060466E+00  0.171590658407715E+00  0.877688945711778E+00 
 0.380247767245613E+00  0.185312291740380E+00  0.904864354013049E+00 
 0.386278438387345E+00  0.172389030980450E+00  0.103768024001723E+00 
 0.379426966508062E+00  0.186987130711810E+00  0.786144020166664E-01 
 0.392046539058069E+00  0.158834886526648E+00  0.761100136644045E-01 
 0.419381150216152E+00  0.552128681443303E-01  0.830087706154611E+00 
 0.415689717670668E+00  0.783011404018248E-01  0.821795354948553E+00 
 0.414317399890533E+00  0.852648937916062E-01  0.850613893753354E+00 
 0.409790742923977E+00  0.104883540077359E+00  0.825438913004236E+00 
 0.409028243573377E+00  0.107818856999237E+00  0.878698613679802E+00 
 0.405177030382130E+00  0.121493143905577E+00  0.852446908877365E+00 
 0.400838899170729E+00  0.135119158067761E+00  0.825948871854730E+00 
 0.403751343417787E+00  0.126150159150415E+00  0.903555922985966E+00 
 0.399206123388387E+00  0.139869514242949E+00  0.878268134101680E+00 
 0.394274796661131E+00  0.153220085769350E+00  0.852532117024984E+00 
 0.390490773261576E+00  0.162622157047925E+00  0.827198625415130E+00 
 0.393920990208753E+00  0.154127425977010E+00  0.947213658087531E+00 
 0.384202350536524E+00  0.176967691422911E+00  0.953576823648094E+00 
 0.398580022667257E+00  0.141643833243498E+00  0.926698265829592E+00 
 0.387773956899377E+00  0.168998131101928E+00  0.927672749449770E+00 
 0.375372438089410E+00  0.194998827402009E+00  0.932398941824266E+00 
 0.420737625170005E+00  0.436905107734912E-01  0.210054580845667E-01 
 0.422187459794565E+00  0.262060824533863E-01  0.399680180593569E-01 
 0.379308795914503E+00  0.187226727010958E+00  0.848309496000970E+00 
 0.370968627653181E+00  0.203251782925666E+00  0.879617169684150E+00 
 0.365623420051974E+00  0.212717006078134E+00  0.909705899119178E+00 
 0.368218103943933E+00  0.208193270528328E+00  0.828242118531318E+00 
 0.354038685753321E+00  0.231485677646388E+00  0.887890378241506E+00 
 0.356809184920827E+00  0.227192023454789E+00  0.852658980702240E+00 
 0.341236498791065E+00  0.249973322292921E+00  0.871215768374604E+00 
 0.345614770748046E+00  0.243884071243124E+00  0.832667698831513E+00 
 0.335028158687751E+00  0.258234666246884E+00  0.847363604332186E+00 
 0.316008258930844E+00  0.281189954039685E+00  0.833064866290796E+00 
 0.386098940260501E+00  0.172790677685640E+00  0.784678142628301E+00 
 0.374831938791006E+00  0.196035781497976E+00  0.785316121080343E+00 
 0.360744036599818E+00  0.220890810182351E+00  0.785044744056973E+00 
 0.404780712984819E+00  0.122807102241052E+00  0.738303389417107E+00 
 0.352683970446135E+00  0.233544486031453E+00  0.733048448965949E+00 
 0.404428447249757E+00  0.123962256435148E+00  0.675674852268674E+00 
 0.351972667402056E+00  0.234615113254087E+00  0.675387922769590E+00 
 0.405274862203386E+00  0.121166398111724E+00  0.613831347463858E+00 
 0.350828492186879E+00  0.236322616427685E+00  0.614782562793053E+00 
 0.402956339589738E+00  0.128667005676601E+00  0.528962349454356E+00 
 0.349894645609584E+00  0.237703064639666E+00  0.523169368678561E+00 
 0.398612792916720E+00  0.141551585255958E+00  0.471407485435926E+00 
 0.387987908248372E+00  0.168506358985046E+00  0.471614495024603E+00 
 0.376942537642316E+00  0.191946172874369E+00  0.473735728637434E+00 
 0.386824262163766E+00  0.171160743649945E+00  0.366163597811193E+00 
 0.416291287470758E+00  0.750371504075449E-01  0.228390254261802E-01 
 0.419429595333865E+00  0.548436370367227E-01  0.441228843674455E-01 
 0.421799791844102E+00  0.318425119237610E-01  0.631088431812727E-01 
 0.374893418959750E+00  0.195918182887694E+00  0.367257975321468E+00 
 0.359650038596359E+00  0.222667599131495E+00  0.368213924496198E+00 
 0.403819299742824E+00  0.125932454595936E+00  0.290531193273184E+00 
 0.350021172038612E+00  0.237516713285744E+00  0.283431137962826E+00 
 0.402186761274427E+00  0.131052733740771E+00  0.233048625784798E+00 
 0.348679712979260E+00  0.239481664688649E+00  0.221172467511954E+00 
 0.310122611356766E+00  0.287668169755717E+00  0.159112227035446E+00 
 0.327022342229137E+00  0.268300946044387E+00  0.169695217242887E+00 
 0.326449553226358E+00  0.268997582077711E+00  0.141237855457345E+00 
 0.344027394577598E+00  0.246118186539505E+00  0.151596426774583E+00 
 0.341464576227154E+00  0.249661677370307E+00  0.121412473924669E+00 
 0.354495250115978E+00  0.230785891272748E+00  0.995381207560053E-01 
 0.361396315013625E+00  0.219822004039448E+00  0.160172576917155E+00 
 0.359178234560551E+00  0.223427853642540E+00  0.128639480923903E+00 
 0.375987758815314E+00  0.193809739658211E+00  0.167847326354468E+00 
 0.377694442883078E+00  0.190462378911393E+00  0.135112205479639E+00 
 0.371142301418849E+00  0.202934477265118E+00  0.104108050630377E+00 
 0.365017155016710E+00  0.213755670120944E+00  0.771535221950123E-01 
 0.418487719355685E+00  0.616201161458113E-01  0.143878749428483E+00 
 0.412935776759816E+00  0.917227029535888E-01  0.155228099473003E+00 
 0.412866154252018E+00  0.920355835451380E-01  0.125036297569140E+00 
 0.397619070865888E+00  0.144319383483614E+00  0.178526432163590E+00 
 0.403827880278488E+00  0.125904936659074E+00  0.150337676020702E+00 
 0.404234405132065E+00  0.124593561923834E+00  0.120685452559703E+00 
 0.408413262589641E+00  0.110125459845707E+00  0.973922093017203E-01 
 0.389512649952136E+00  0.164951221555371E+00  0.158142546554679E+00 
 0.394176743518350E+00  0.153472163060968E+00  0.128074093639067E+00 
 0.398587988679614E+00  0.141621415208585E+00  0.995456962545771E-01 
 0.402929597623761E+00  0.128750725528428E+00  0.737640227495176E-01 
 0.372965045913263E+00  0.199564737597263E+00  0.566927027534891E-01 
 0.384721237432844E+00  0.175836797723020E+00  0.520250486236234E-01 
 0.396555222197379E+00  0.147217409681499E+00  0.499516162886346E-01 
 0.422340258693451E+00  0.236160083860599E-01  0.929647913097525E+00 
 0.418444349618922E+00  0.619139421886815E-01  0.979458004702920E+00 
 0.409562547099805E+00  0.105771120720469E+00  0.238696763636684E-01 
 0.414160897687856E+00  0.860218622893884E-01  0.467788068197269E-01 
 0.417894712107977E+00  0.655211382497044E-01  0.684445500404207E-01 
 0.420678658772466E+00  0.442546722815061E-01  0.877659216094955E-01 
 0.422193589121471E+00  0.261071497883544E-01  0.105238950828546E+00 
 0.421616559757132E+00  0.341831318621221E-01  0.965334973701269E+00 
 0.421274206567844E+00  0.381713615944802E-01  0.909940327636606E+00 
 0.419684807576004E+00  0.528552008343315E-01  0.933847988991706E+00 
 0.417030955198382E+00  0.708109622281109E-01  0.955932124226391E+00 
 0.413727927275636E+00  0.880807138796653E-01  0.977502751407124E+00 
 0.422336667973676E+00  0.236801361954342E-01  0.862509651904279E+00 
 0.420711612851648E+00  0.439402864932516E-01  0.884941241631799E+00 
 0.417888018823729E+00  0.655638138680548E-01  0.907792408422851E+00 
 0.414671843960182E+00  0.835240791149943E-01  0.931038949570702E+00 
 0.410791598778347E+00  0.100892379982207E+00  0.953632034671500E+00 
 0.406406989887081E+00  0.117313121756542E+00  0.976309643566691E+00 
 0.421835966583013E+00  0.313596438486944E-01  0.838155833922652E+00 
 0.419675126578804E+00  0.529320139085032E-01  0.858307341413426E+00 
 0.416171124937786E+00  0.757007578123482E-01  0.880920283384906E+00 
 0.412022018738228E+00  0.957437519643963E-01  0.905283541007264E+00 
 0.407535498788655E+00  0.113330610129944E+00  0.928816353891314E+00 
 0.402599838496055E+00  0.129778195427017E+00  0.951566835845989E+00 
 0.395171323056787E+00  0.150892794390228E+00  0.973368364347078E+00 
 0.292560127987829E+00  0.305511998908537E+00  0.975351101610208E+00 
 0.332183160287181E+00  0.261884245396635E+00  0.979528082285921E+00 
 0.313987716478840E+00  0.283444392898761E+00  0.970508318527551E+00 
 0.294067583624115E+00  0.304061286958433E+00  0.947319995479840E+00 
 0.345878756421891E+00  0.243509539487453E+00  0.972915834187917E+00 
 0.287115664182092E+00  0.310634198610876E+00  0.890002912614306E+00 
 0.330895717190666E+00  0.263509078231128E+00  0.954362958888236E+00 
 0.314063867493515E+00  0.283360013234683E+00  0.936288345517615E+00 
 0.295246871338791E+00  0.302916316711398E+00  0.914965134517453E+00 
 0.358201161217387E+00  0.224990973303068E+00  0.962978422331640E+00 
 0.346508123377097E+00  0.242613129073898E+00  0.944910712891682E+00 
 0.332556851510795E+00  0.261409545500105E+00  0.925628765326837E+00 
 0.317554371130925E+00  0.279442715669931E+00  0.904946022061980E+00 
 0.303681563965056E+00  0.294459704667857E+00  0.884216620149356E+00 
 0.289053218857846E+00  0.308832068660726E+00  0.865520481606567E+00 
 0.422152313757786E+00  0.267662839088549E-01  0.807601885179639E+00 
 0.419117915234213E+00  0.571767705897511E-01  0.800266720742015E+00 
 0.400475713691042E+00  0.136191823209004E+00  0.246345000229892E-01 
 0.406507855808335E+00  0.116963127230135E+00  0.484701651535871E-01 
 0.411608532698786E+00  0.975060294284261E-01  0.717577157375756E-01 
 0.415840042166635E+00  0.774988341602428E-01  0.947895583102461E-01 
 0.419412961001657E+00  0.549707022801092E-01  0.114969247309350E+00 
 0.422000651955314E+00  0.290595890306784E-01  0.130813020381843E+00 
 0.413965358752698E+00  0.869579882362453E-01  0.799005678536130E+00 
 0.406531028923574E+00  0.116882558526426E+00  0.799018763686365E+00 
 0.395636198388458E+00  0.149669664561899E+00  0.797414834147864E+00 
 0.380749290729092E+00  0.184279645036122E+00  0.811631444142456E+00 
 0.367983269109845E+00  0.208608062213756E+00  0.804904632326270E+00 
 0.354457418048986E+00  0.230843992244530E+00  0.813739051351530E+00 
 0.335167523320642E+00  0.258053756563339E+00  0.817158156582369E+00 
 0.320545990016982E+00  0.276005938793672E+00  0.799472986006763E+00 
 0.297558052756491E+00  0.300646329106326E+00  0.806800112405846E+00 
 0.381483436486630E+00  0.182755020865904E+00  0.978146183248940E+00 
 0.371436929182774E+00  0.202394707452090E+00  0.960377073236076E+00 
 0.361447912025952E+00  0.219737154021405E+00  0.937582840842818E+00 
 0.349645309258509E+00  0.238069669800391E+00  0.916936424758476E+00 
 0.336272595631021E+00  0.256612064005027E+00  0.896767472494609E+00 
 0.322556617848976E+00  0.273653500337879E+00  0.871077161995694E+00 
 0.305293261675118E+00  0.292788378084090E+00  0.857665022037583E+00 
 0.292488709417355E+00  0.305580373762312E+00  0.837256042230058E+00 
 0.342279752420422E+00  0.248542915908621E+00  0.786548975703697E+00 
 0.326193463110932E+00  0.269308066327470E+00  0.773273279096255E+00 
 0.306592320856016E+00  0.291427793385369E+00  0.775734648018045E+00 
 0.396234203367105E+00  0.148079255965778E+00  0.727965009045474E+00 
 0.381689060197463E+00  0.182325180079229E+00  0.732874691335342E+00 
 0.365687754598187E+00  0.212606387726904E+00  0.740274709971660E+00 
 0.421962213207492E+00  0.296125073301298E-01  0.742363054687182E+00 
 0.419220168610064E+00  0.564221605036105E-01  0.735100417574452E+00 
 0.413304338749040E+00  0.900473960565403E-01  0.745165071730189E+00 
 0.421919871064249E+00  0.302098057999267E-01  0.773888210454208E+00 
 0.418105791792582E+00  0.641603992727903E-01  0.768241351708353E+00 
 0.411780759527059E+00  0.967761130065823E-01  0.775931491650147E+00 
 0.404620279557504E+00  0.123334663968206E+00  0.769061009574837E+00 
 0.393903541838762E+00  0.154172013323502E+00  0.759590402072171E+00 
 0.381715174900973E+00  0.182270500124582E+00  0.763853416150905E+00 
 0.370014485451230E+00  0.204983634765335E+00  0.762014915649050E+00 
 0.355316032724166E+00  0.229520210122128E+00  0.760263000684378E+00 
 0.339304196732478E+00  0.252589928629533E+00  0.754635207021447E+00 
 0.320820349682551E+00  0.275686984086861E+00  0.748912654479087E+00 
 0.298823441185246E+00  0.299388645348404E+00  0.747198796661951E+00 
 0.336425663591274E+00  0.256411354745680E+00  0.726501093620425E+00 
 0.317405096292988E+00  0.279612257979836E+00  0.720985766310778E+00 
 0.296019125694033E+00  0.302161690471649E+00  0.716474363007186E+00 
 0.392912513386830E+00  0.156680460777301E+00  0.666781111779021E+00 
 0.379440566685369E+00  0.186959531232917E+00  0.669304878971222E+00 
 0.367238880693655E+00  0.209915731835939E+00  0.685164578523136E+00 
 0.421908155237537E+00  0.303729898001563E-01  0.681369153801684E+00 
 0.419081951894824E+00  0.574397733401737E-01  0.677337892794430E+00 
 0.413257100002102E+00  0.902639422094868E-01  0.684398005175264E+00 
 0.421885171456885E+00  0.306905860181441E-01  0.711687338096210E+00 
 0.417991136871620E+00  0.649031544850976E-01  0.707606343078323E+00 
 0.411374949866419E+00  0.984868548982346E-01  0.717044070736229E+00 
 0.404395138712310E+00  0.124070873903563E+00  0.707127685833633E+00 
 0.394135297008257E+00  0.153578571479083E+00  0.699883969962790E+00 
 0.381156859215943E+00  0.183435161945532E+00  0.696402347016264E+00 
 0.367320492282627E+00  0.209772891276722E+00  0.714620821303785E+00 
 0.372993596251363E+00  0.199511370906076E+00  0.287606914611329E-01 
 0.359994108070541E+00  0.222110900497572E+00  0.504265953376121E-01 
 0.349156452453820E+00  0.238786058376968E+00  0.724592530550113E-01 
 0.337035255817496E+00  0.255609558313807E+00  0.938452525255297E-01 
 0.323511522934539E+00  0.272523952147181E+00  0.113980362464067E+00 
 0.308937690783596E+00  0.288940328058654E+00  0.132398488103611E+00 
 0.294587155411620E+00  0.303557931591046E+00  0.148404168234344E+00 
 0.352146216693211E+00  0.234354543446471E+00  0.705067103399458E+00 
 0.334991732176184E+00  0.258281918335264E+00  0.697705613658663E+00 
 0.315773783384882E+00  0.281453242461588E+00  0.691511337496039E+00 
 0.294954412937149E+00  0.303201095404101E+00  0.685561356788314E+00 
 0.334278557539878E+00  0.259204274529574E+00  0.668082702260948E+00 
 0.315006655621601E+00  0.282311559946520E+00  0.661429184203856E+00 
 0.294504574581443E+00  0.303638050178083E+00  0.654719536356895E+00 
 0.397397372706496E+00  0.144928734664031E+00  0.605097929951432E+00 
 0.383684838120330E+00  0.178086930912747E+00  0.612057770133782E+00 
 0.365607707458745E+00  0.212744010989987E+00  0.622813165352061E+00 
 0.422261662775746E+00  0.249819557922039E-01  0.617709821517855E+00 
 0.418903593206489E+00  0.587263958032372E-01  0.625095944889330E+00 
 0.412793938335600E+00  0.923589434691072E-01  0.620286244229133E+00 
 0.421609487533453E+00  0.342702493005541E-01  0.649122321566849E+00 
 0.417588815668839E+00  0.674432427574666E-01  0.656528840100385E+00 
 0.412413269080887E+00  0.940441675563166E-01  0.651233303494978E+00 
 0.404703472304765E+00  0.123061405281303E+00  0.643707264391370E+00 
 0.395554170862340E+00  0.149886316516051E+00  0.632006621959140E+00 
 0.384745476058847E+00  0.175783755272199E+00  0.645128503825643E+00 
 0.369383501770379E+00  0.206118506168657E+00  0.651120838604586E+00 
 0.351632578395585E+00  0.235124519725652E+00  0.645092350439608E+00 
 0.333758589820831E+00  0.259873457063538E+00  0.638045552754120E+00 
 0.314573459170074E+00  0.282794180900380E+00  0.631187673434194E+00 
 0.294265592760981E+00  0.303869661010067E+00  0.624007850174133E+00 
 0.333264240088239E+00  0.260507113614490E+00  0.607903919195768E+00 
 0.314258100261796E+00  0.283144585654026E+00  0.601013625241016E+00 
 0.294136952937210E+00  0.303994182316304E+00  0.593809319170156E+00 
 0.421901298284702E+00  0.304680893891483E-01  0.591988352656676E+00 
 0.418252680337801E+00  0.631957700767342E-01  0.591808884446711E+00 
 0.412190649938397E+00  0.950151465225744E-01  0.590818989944589E+00 
 0.404549756570890E+00  0.123565789860205E+00  0.585828794195342E+00 
 0.395207497746386E+00  0.150798022833136E+00  0.580718791185781E+00 
 0.388809300185156E+00  0.166602335082296E+00  0.256267049577493E-01 
 0.384371529544347E+00  0.176599935563646E+00  0.577255750685862E+00 
 0.369083788513005E+00  0.206654704815143E+00  0.590159830542479E+00 
 0.350464406169720E+00  0.236862217277158E+00  0.584889675002269E+00 
 0.332839968406425E+00  0.261048971261244E+00  0.577794019832979E+00 
 0.313968812047824E+00  0.283465333024378E+00  0.570981029961510E+00 
 0.293980849161458E+00  0.304145146750121E+00  0.564146787350681E+00 
 0.392186623426121E+00  0.158488682154158E+00  0.524725790345768E+00 
 0.380071487660536E+00  0.185673569020614E+00  0.517552675535772E+00 
 0.365469571770811E+00  0.212981224700692E+00  0.533985741508528E+00 
 0.421816703297150E+00  0.316176973365670E-01  0.531465942313130E+00 
 0.418773399966965E+00  0.596477111501706E-01  0.525647722536366E+00 
 0.412350267297347E+00  0.943200245183977E-01  0.534073700386011E+00 
 0.421733708880744E+00  0.327060966646019E-01  0.562320680780024E+00 
 0.417452929136563E+00  0.682792934984671E-01  0.558423922767410E+00 
 0.410613910505043E+00  0.101613121520306E+00  0.565396804867978E+00 
 0.403517218015006E+00  0.126897063523048E+00  0.557897554857359E+00 
 0.393400206999240E+00  0.155451880330533E+00  0.553152978563414E+00 
 0.379021886946215E+00  0.187806866703739E+00  0.550795277813307E+00 
 0.363412511841806E+00  0.216472529902008E+00  0.563363422688078E+00 
 0.349385292119316E+00  0.238451101100511E+00  0.554681350179864E+00 
 0.332384547574060E+00  0.261628596486185E+00  0.547333456224742E+00 
 0.313577704430487E+00  0.283897927518764E+00  0.540990825622612E+00 
 0.354495158227801E+00  0.230786032416159E+00  0.244454528327492E-01 
 0.343369695022935E+00  0.247034941870986E+00  0.468844516693135E-01 
 0.331532505621348E+00  0.262707456463982E+00  0.682420690095938E-01 
 0.318647604240444E+00  0.278195460561759E+00  0.884350852015831E-01 
 0.305347645103788E+00  0.292731661415220E+00  0.107529866590704E+00 
 0.290612140816226E+00  0.307365569925382E+00  0.125300220735950E+00 
 0.293699628584302E+00  0.304416717896353E+00  0.534933355953186E+00 
 0.331978434203777E+00  0.262143718576190E+00  0.516456617659451E+00 
 0.312770947200811E+00  0.284786489413475E+00  0.510987140505331E+00 
 0.293062579484115E+00  0.305030055029765E+00  0.505851106259594E+00 
 0.421225510526114E+00  0.387050287089226E-01  0.469690920609347E+00 
 0.415666853170230E+00  0.784224275376922E-01  0.472837056288508E+00 
 0.408044307500835E+00  0.111484766140971E+00  0.473376276620927E+00 
 0.421635692066603E+00  0.339463273545069E-01  0.500792966451336E+00 
 0.417387676618862E+00  0.686770512766411E-01  0.500412017679893E+00 
 0.410393789535600E+00  0.102498524262319E+00  0.502381795193098E+00 
 0.401291180635199E+00  0.133769945465154E+00  0.500016486738572E+00 
 0.391126371748272E+00  0.161087464715218E+00  0.497069808018381E+00 
 0.381250959621079E+00  0.183239503801314E+00  0.492484818502428E+00 
 0.367461659420441E+00  0.209525508760443E+00  0.498107142870732E+00 
 0.349593964761253E+00  0.238145060347372E+00  0.489326186695926E+00 
 0.330397807624779E+00  0.264133107887072E+00  0.485609240184584E+00 
 0.310940179387375E+00  0.286784265272505E+00  0.481085428924636E+00 
 0.291813923090336E+00  0.306224826322054E+00  0.477219661155922E+00 
 0.421801299877415E+00  0.318225295516448E-01  0.442571112219540E+00 
 0.418866830258479E+00  0.589880367071182E-01  0.438904354490211E+00 
 0.413002037799253E+00  0.914238849481323E-01  0.447808622972068E+00 
 0.405463049702914E+00  0.120535162052220E+00  0.443623359731397E+00 
 0.394018345900784E+00  0.153878370991355E+00  0.442784400159697E+00 
 0.381790360723023E+00  0.182112960616013E+00  0.451625236581060E+00 
 0.366613882900024E+00  0.211005381045873E+00  0.459320574424729E+00 
 0.346753276944917E+00  0.242262615550372E+00  0.452731832202962E+00 
 0.326157173400830E+00  0.269352015408322E+00  0.457900056325348E+00 
 0.308267494343610E+00  0.289655246623389E+00  0.448631416639339E+00 
 0.288649896062984E+00  0.309209067571075E+00  0.451930123241015E+00 
 0.422106974223234E+00  0.274720271812529E-01  0.418802724860030E+00 
 0.419889588302709E+00  0.512029647611076E-01  0.407724049416190E+00 
 0.413921520989454E+00  0.871664180009827E-01  0.410980224620849E+00 
 0.403023253870530E+00  0.128457256723601E+00  0.413626405726561E+00 
 0.393755169236349E+00  0.154550563457393E+00  0.415709328700890E+00 
 0.380658796366367E+00  0.184466502959898E+00  0.421034082026381E+00 
 0.363562245831428E+00  0.216220959602335E+00  0.430823981116616E+00 
 0.351440335680890E+00  0.235411767806644E+00  0.420128566549648E+00 
 0.336477968686801E+00  0.256342713088842E+00  0.227762849399887E-01 
 0.325262785488339E+00  0.270431378249105E+00  0.442632167184465E-01 
 0.312707169667649E+00  0.284856518275064E+00  0.645571472094698E-01 
 0.299172291742961E+00  0.299040047181994E+00  0.836639185716295E-01 
 0.288252084142597E+00  0.309579950824976E+00  0.102235146466790E+00 
 0.331845991783252E+00  0.262311356412058E+00  0.423287523452854E+00 
 0.312736973537449E+00  0.284823797018403E+00  0.420189399370447E+00 
 0.292976037723791E+00  0.305113177829167E+00  0.419648645281173E+00 
 0.422258597066848E+00  0.250337206279503E-01  0.385764020506607E+00 
 0.419489849607469E+00  0.543808425978176E-01  0.380249972609931E+00 
 0.415227930745021E+00  0.807141591949851E-01  0.375513504453338E+00 
 0.408375902834063E+00  0.110263919528589E+00  0.381669512130520E+00 
 0.395363167113095E+00  0.150389414706108E+00  0.385095184631758E+00 
 0.381290974219188E+00  0.183156225513434E+00  0.389194978801870E+00 
 0.366274896304090E+00  0.211593266203758E+00  0.398660852814432E+00 
 0.348645244939251E+00  0.239531841613167E+00  0.394363383162112E+00 
 0.334029387071263E+00  0.259525294601780E+00  0.393723843759363E+00 
 0.316063214555788E+00  0.281128181387078E+00  0.389919041706587E+00 
 0.295619576623507E+00  0.302552600190914E+00  0.389957011736705E+00 
 0.339766091739275E+00  0.251968277506442E+00  0.367009500347574E+00 
 0.322520239707104E+00  0.273696373641697E+00  0.357147941926275E+00 
 0.299485271334803E+00  0.298726601123609E+00  0.360773189217797E+00 
 0.422003554661722E+00  0.290174054355741E-01  0.353190454321839E+00 
 0.418812784173706E+00  0.593705463846755E-01  0.350186757557063E+00 
 0.413273793987335E+00  0.901874778927688E-01  0.351374428550348E+00 
 0.405324926962106E+00  0.120998816310351E+00  0.351918632084213E+00 
 0.395389348735961E+00  0.150320567027588E+00  0.346136455914517E+00 
 0.383748790660140E+00  0.177949081571738E+00  0.342127747558025E+00 
 0.370312936263134E+00  0.204443975703669E+00  0.341950333975442E+00 
 0.354852886530743E+00  0.230235616024423E+00  0.340093580332371E+00 
 0.337426536893571E+00  0.255092810885285E+00  0.335644685826635E+00 
 0.318055930500208E+00  0.278871717890126E+00  0.330660383886229E+00 
 0.296259836008461E+00  0.301925685448562E+00  0.327332453178390E+00 
 0.395081409999963E+00  0.151128056421646E+00  0.281066962759763E+00 
 0.380288011251533E+00  0.185229691096485E+00  0.285453092569675E+00 
 0.363477526530508E+00  0.216363346416647E+00  0.291609122577881E+00 
 0.421862218585293E+00  0.310044915397231E-01  0.291036428686003E+00 
 0.418863810706971E+00  0.590094742001724E-01  0.284612965244231E+00 
 0.412654516577603E+00  0.929798898334972E-01  0.296199461931861E+00 
 0.421819284044326E+00  0.315832483078320E-01  0.322303966036958E+00 
 0.417732760726979E+00  0.665458532198872E-01  0.318287667720314E+00 
 0.318162809355871E+00  0.278749774364255E+00  0.215962486172322E-01 
 0.306593672924291E+00  0.291426370955232E+00  0.420019051383449E-01 
 0.292628055952417E+00  0.305446936201452E+00  0.612977829686862E-01 
 0.411074094525445E+00  0.997351431313451E-01  0.327433941253541E+00 
 0.403771692985754E+00  0.126085010642665E+00  0.320644489075919E+00 
 0.392518422992621E+00  0.157665143823007E+00  0.312550747322050E+00 
 0.379374945773630E+00  0.187092652139524E+00  0.318767102875739E+00 
 0.366817759270181E+00  0.210650757058575E+00  0.315753474337004E+00 
 0.351627599412336E+00  0.235131965706205E+00  0.312094261885006E+00 
 0.334744900133193E+00  0.258601743613926E+00  0.306631902140109E+00 
 0.315632718274032E+00  0.281611429314027E+00  0.301483374352049E+00 
 0.294828301965106E+00  0.303323725293154E+00  0.296137462004996E+00 
 0.333162179060276E+00  0.260637626618170E+00  0.277310516915395E+00 
 0.314155463620168E+00  0.283258459084527E+00  0.272018090969320E+00 
 0.293945607451928E+00  0.304179206759866E+00  0.266339770759630E+00 
 0.391890302270569E+00  0.159219976609802E+00  0.224490284138520E+00 
 0.381391413376363E+00  0.182946986223129E+00  0.222961650288805E+00 
 0.367671856866377E+00  0.209156438183903E+00  0.226890251751833E+00 
 0.421590158250374E+00  0.345072228927078E-01  0.228898227390796E+00 
 0.417922513414146E+00  0.653435746416488E-01  0.225578527038776E+00 
 0.411445315345964E+00  0.981924765203769E-01  0.238208532029815E+00 
 0.421718581305498E+00  0.329005797368414E-01  0.260139508687117E+00 
 0.417240009997472E+00  0.695685562783606E-01  0.257583532852684E+00 
 0.410340935533656E+00  0.102709914763415E+00  0.269097716005265E+00 
 0.403093382046083E+00  0.128237027866343E+00  0.260973709301113E+00 
 0.392985817206445E+00  0.156496509353806E+00  0.254287763610599E+00 
 0.380773081758305E+00  0.184230481119789E+00  0.248109764678079E+00 
 0.366043403130274E+00  0.211993483367188E+00  0.263711730114508E+00 
 0.350117920009005E+00  0.237374076204445E+00  0.253256673165546E+00 
 0.331979683220207E+00  0.262142136815802E+00  0.247890830809241E+00 
 0.299596006963651E+00  0.298615543093089E+00  0.204600099892180E-01 
 0.288814945072577E+00  0.309054910118040E+00  0.393590273843240E-01 
 0.312708286199131E+00  0.284855292574574E+00  0.243056762299803E+00 
 0.293028338108827E+00  0.305062949291656E+00  0.237280584038006E+00 
 0.329575111715161E+00  0.265158925369830E+00  0.219467877280159E+00 
 0.310513951942124E+00  0.287245705998589E+00  0.215039350990909E+00 
 0.292004179634066E+00  0.306043410387450E+00  0.207996420199141E+00 
 0.421684986439715E+00  0.333283989516493E-01  0.160562453181699E+00 
 0.417289263807205E+00  0.692725073646633E-01  0.174698059071848E+00 
 0.408833504610811E+00  0.108554942185906E+00  0.182848569059381E+00 
 0.420967842231164E+00  0.414135940553555E-01  0.195859919498230E+00 
 0.414891590676486E+00  0.824255903908528E-01  0.204426662236191E+00 
 0.408422308007372E+00  0.110091908364215E+00  0.213009795743032E+00 
 0.401371120153108E+00  0.133529898795670E+00  0.205503946209800E+00 
 0.393828236689354E+00  0.154364276798414E+00  0.200555890606869E+00 
 0.383094146633164E+00  0.179354076565750E+00  0.193745573237902E+00 
 0.364305707005899E+00  0.214965954998179E+00  0.193080674405255E+00 
 0.343715565756662E+00  0.246553482680580E+00  0.187669005751706E+00 
 0.324483243946876E+00  0.271366236593751E+00  0.195618599420888E+00 
 0.309017686642157E+00  0.288854772000868E+00  0.186651767449434E+00 
 0.290822934164737E+00  0.307166129202355E+00  0.175760623742071E+00 
 0.473493820820275E+00  0.000000000000000E+00  0.971157713260534E+00 
 0.447878262202411E+00  0.000000000000000E+00  0.961378675557772E+00 
 0.473578796349152E+00  0.000000000000000E+00  0.941665499252085E+00 
 0.448077661051253E+00  0.000000000000000E+00  0.931450457046224E+00 
 0.473656683350016E+00  0.000000000000000E+00  0.912639373536721E+00 
 0.448009982610968E+00  0.000000000000000E+00  0.902067379191693E+00 
 0.473713451827966E+00  0.000000000000000E+00  0.883106964124570E+00 
 0.448063874787135E+00  0.000000000000000E+00  0.872135290933939E+00 
 0.473828935187737E+00  0.000000000000000E+00  0.852882221103251E+00 
 0.448204316183997E+00  0.000000000000000E+00  0.842238875460150E+00 
 0.473928395162269E+00  0.000000000000000E+00  0.822059869571161E+00 
 0.448294103091812E+00  0.000000000000000E+00  0.812449107079152E+00 
 0.474055347733641E+00  0.000000000000000E+00  0.790517614409804E+00 
 0.448347943981423E+00  0.000000000000000E+00  0.782648033614047E+00 
 0.473908077107579E+00  0.000000000000000E+00  0.758227162909457E+00 
 0.448188696773026E+00  0.000000000000000E+00  0.752199661598027E+00 
 0.473731438550881E+00  0.000000000000000E+00  0.726417180771539E+00 
 0.448049341320895E+00  0.000000000000000E+00  0.721397023514833E+00 
 0.473649283614868E+00  0.000000000000000E+00  0.695446371365141E+00 
 0.447990374903317E+00  0.000000000000000E+00  0.690751607259049E+00 
 0.473622427091923E+00  0.000000000000000E+00  0.664980669310294E+00 
 0.447958498142050E+00  0.000000000000000E+00  0.660291097718127E+00 
 0.473630634125377E+00  0.000000000000000E+00  0.634803497619689E+00 
 0.447992454772602E+00  0.000000000000000E+00  0.630241494347983E+00 
 0.473637454013634E+00  0.000000000000000E+00  0.604773885562077E+00 
 0.447986254528222E+00  0.000000000000000E+00  0.600283646772599E+00 
 0.473634584772993E+00  0.000000000000000E+00  0.574717415614788E+00 
 0.447988800016913E+00  0.000000000000000E+00  0.570258426468226E+00 
 0.473629555814999E+00  0.000000000000000E+00  0.544551202228495E+00 
 0.449131558108271E+00  0.000000000000000E+00  0.283613201034783E-01 
 0.474475202186026E+00  0.000000000000000E+00  0.355572336633905E-01 
 0.447975884171649E+00  0.000000000000000E+00  0.539973597206262E+00 
 0.473608382027567E+00  0.000000000000000E+00  0.514169836251341E+00 
 0.447954727845930E+00  0.000000000000000E+00  0.509311101743576E+00 
 0.473586964210851E+00  0.000000000000000E+00  0.483613591124197E+00 
 0.447924096325161E+00  0.000000000000000E+00  0.478259735861777E+00 
 0.473560620301749E+00  0.000000000000000E+00  0.452993792788358E+00 
 0.447887945511630E+00  0.000000000000000E+00  0.446998054766089E+00 
 0.448358203944279E+00  0.000000000000000E+00  0.580565205325012E-01 
 0.473919250446337E+00  0.000000000000000E+00  0.659074611106628E-01 
 0.473560822354882E+00  0.000000000000000E+00  0.422605774955108E+00 
 0.447857375712977E+00  0.000000000000000E+00  0.415975689935128E+00 
 0.473681905398030E+00  0.000000000000000E+00  0.392870131107230E+00 
 0.448116332466244E+00  0.000000000000000E+00  0.386885388127761E+00 
 0.473733012328052E+00  0.000000000000000E+00  0.363641599491831E+00 
 0.448120664800569E+00  0.000000000000000E+00  0.358702606961191E+00 
 0.473663767545656E+00  0.000000000000000E+00  0.334407587664779E+00 
 0.448003612745776E+00  0.000000000000000E+00  0.329844108904559E+00 
 0.473588857710057E+00  0.000000000000000E+00  0.305054391468809E+00 
 0.447926203165985E+00  0.000000000000000E+00  0.300277777978386E+00 
 0.473522099027728E+00  0.000000000000000E+00  0.275669422527193E+00 
 0.447903272539245E+00  0.000000000000000E+00  0.270332896339536E+00 
 0.473601583790670E+00  0.000000000000000E+00  0.246206622356263E+00 
 0.447911462636090E+00  0.000000000000000E+00  0.240072364206890E+00 
 0.473524494219864E+00  0.000000000000000E+00  0.216214686562857E+00 
 0.447862797817548E+00  0.000000000000000E+00  0.209619805537981E+00 
 0.448149530086689E+00  0.000000000000000E+00  0.886128731806552E-01 
 0.473844081452846E+00  0.000000000000000E+00  0.968425213412598E-01 
 0.473459447102683E+00  0.000000000000000E+00  0.186836069386336E+00 
 0.447868120643546E+00  0.000000000000000E+00  0.179371780999650E+00 
 0.473596450341929E+00  0.000000000000000E+00  0.157841526879395E+00 
 0.448017728081822E+00  0.000000000000000E+00  0.149405797416078E+00 
 0.473804629652370E+00  0.000000000000000E+00  0.127891209535855E+00 
 0.448153933887155E+00  0.000000000000000E+00  0.119318578311190E+00 
