           1           2
           0
           5           2
           0
           9           2
           0
          13           2
           0
          17           2
           0
          21           2
           0
           9           1
           0
          13           1
           0
          11           1
           0
          15           1
           0
           1           1
           0
           3           1
           0
           5           1
           0
           7           1
           0
           2           1
           0
           8           1
           0
           4           1
           0
           6           1
           0
          25           1
           0
          26           1
           0
          28           1
           0
          27           1
           0
          30           1
           0
          29           1
           0
          31           1
           0
          32           1
           0
