12
1 2
26
2.178632794954081e-01 1.154700538379252e-01 -1.154700538379252e-01
2.137922503400031e-01 1.195410829933302e-01 -1.068618882965944e-01
2.100619037599760e-01 1.232714295733574e-01 -9.799711713076542e-02
2.066628556362341e-01 1.266704776970992e-01 -8.891128897919515e-02
2.036022642066217e-01 1.297310691267116e-01 -7.962585619228919e-02
2.008897528268319e-01 1.324435805065014e-01 -7.016161434884476e-02
1.985326581277500e-01 1.348006752055833e-01 -6.054167928233527e-02
1.965350754781454e-01 1.367982578551880e-01 -5.079119200297356e-02
1.948982880569825e-01 1.384350452763508e-01 -4.093631404720454e-02
1.936215712179107e-01 1.397117621154226e-01 -3.100336525799967e-02
1.927029731508212e-01 1.406303601825122e-01 -2.101830250239591e-02
1.921399332653814e-01 1.411934000679519e-01 -1.100650935968776e-02
1.919297066477233e-01 1.414036266856101e-01 -9.928068496357417e-04
1.920696016399256e-01 1.412637316934077e-01 8.998405155293931e-03
1.925570464060625e-01 1.407762869272709e-01 1.894295189551101e-02
1.933894971804613e-01 1.399438361528721e-01 2.881669692578849e-02
1.945641947688724e-01 1.387691385644610e-01 3.859542320527231e-02
1.960777726413503e-01 1.372555606919830e-01 4.825484203129789e-02
1.979257258960924e-01 1.354076074372409e-01 5.777079297378964e-02
2.001017756628305e-01 1.332315576705028e-01 6.711969162260607e-02
2.025972272656371e-01 1.307361060676962e-01 7.627923990841225e-02
2.054005599539895e-01 1.279327733793439e-01 8.522927794845719e-02
2.084977753616852e-01 1.248355579716481e-01 9.395230093409752e-02
2.118746213135854e-01 1.214587120197479e-01 1.024323194626754e-01
2.155230047862968e-01 1.178103285470365e-01 1.106488192131353e-01
2.178632794954081e-01 1.154700538379252e-01 1.154700538379252e-01
1.000000000000000e+00 1.000000000000000e+00 -1.000000000000000e+00 1.000000000000000e+00
1.000000000000000e+00 8.939344166938558e-01 -1.000000000000000e+00 8.939344166938558e-01
1.000000000000000e+00 7.949702333292769e-01 -1.000000000000000e+00 7.949702333292769e-01
1.000000000000000e+00 7.019101103558183e-01 -1.000000000000000e+00 7.019101103558183e-01
1.000000000000000e+00 6.137763045374782e-01 -1.000000000000000e+00 6.137763045374782e-01
1.000000000000000e+00 5.297471880519015e-01 -1.000000000000000e+00 5.297471880519015e-01
1.000000000000000e+00 4.491200002522516e-01 -1.000000000000000e+00 4.491200002522516e-01
1.000000000000000e+00 3.712853716071454e-01 -1.000000000000000e+00 3.712853716071454e-01
1.000000000000000e+00 2.957077376287593e-01 -1.000000000000000e+00 2.957077376287593e-01
1.000000000000000e+00 2.219094855620410e-01 -1.000000000000000e+00 2.219094855620410e-01
1.000000000000000e+00 1.494577876008996e-01 -1.000000000000000e+00 1.494577876008996e-01
1.000000000000000e+00 7.795342667851812e-02 -1.000000000000000e+00 7.795342667851812e-02
1.000000000000000e+00 7.021084769226610e-03 -1.000000000000000e+00 7.021084769226610e-03
1.000000000000000e+00 -6.369933065922155e-02 -1.000000000000000e+00 -6.369933065922155e-02
1.000000000000000e+00 -1.345606728873130e-01 -1.000000000000000e+00 -1.345606728873130e-01
1.000000000000000e+00 -2.059161569239082e-01 -1.000000000000000e+00 -2.059161569239082e-01
1.000000000000000e+00 -2.781268486965781e-01 -1.000000000000000e+00 -2.781268486965781e-01
1.000000000000000e+00 -3.515693046461500e-01 -1.000000000000000e+00 -3.515693046461500e-01
1.000000000000000e+00 -4.266436285757831e-01 -1.000000000000000e+00 -4.266436285757831e-01
1.000000000000000e+00 -5.037822329496506e-01 -1.000000000000000e+00 -5.037822329496506e-01
1.000000000000000e+00 -5.834596287341940e-01 -1.000000000000000e+00 -5.834596287341940e-01
1.000000000000000e+00 -6.662036294307241e-01 -1.000000000000000e+00 -6.662036294307241e-01
1.000000000000000e+00 -7.526084912075723e-01 -1.000000000000000e+00 -7.526084912075723e-01
1.000000000000000e+00 -8.433509441959255e-01 -1.000000000000000e+00 -8.433509441959255e-01
1.000000000000000e+00 -9.392115324502988e-01 -1.000000000000000e+00 -9.392115324502988e-01
1.000000000000000e+00 -1.000000000000000e+00 -1.000000000000000e+00 -1.000000000000000e+00
1 4
26
4.488033871712585e-01 1.154700538379252e-01 1.154700538379252e-01
4.528744163266635e-01 1.195410829933302e-01 1.068618882965944e-01
4.566047629066907e-01 1.232714295733573e-01 9.799711713076545e-02
4.600038110304326e-01 1.266704776970992e-01 8.891128897919517e-02
4.630644024600449e-01 1.297310691267116e-01 7.962585619228922e-02
4.657769138398347e-01 1.324435805065014e-01 7.016161434884477e-02
4.681340085389166e-01 1.348006752055833e-01 6.054167928233530e-02
4.701315911885212e-01 1.367982578551880e-01 5.079119200297357e-02
4.717683786096840e-01 1.384350452763508e-01 4.093631404720456e-02
4.730450954487559e-01 1.397117621154226e-01 3.100336525799968e-02
4.739636935158454e-01 1.406303601825122e-01 2.101830250239592e-02
4.745267334012851e-01 1.411934000679519e-01 1.100650935968777e-02
4.747369600189432e-01 1.414036266856101e-01 9.928068496357515e-04
4.745970650267409e-01 1.412637316934077e-01 -8.998405155293921e-03
4.741096202606040e-01 1.407762869272709e-01 -1.894295189551100e-02
4.732771694862053e-01 1.399438361528721e-01 -2.881669692578848e-02
4.721024718977942e-01 1.387691385644610e-01 -3.859542320527230e-02
4.705888940253162e-01 1.372555606919830e-01 -4.825484203129788e-02
4.687409407705742e-01 1.354076074372409e-01 -5.777079297378964e-02
4.665648910038361e-01 1.332315576705028e-01 -6.711969162260607e-02
4.640694394010295e-01 1.307361060676962e-01 -7.627923990841225e-02
4.612661067126772e-01 1.279327733793439e-01 -8.522927794845719e-02
4.581688913049815e-01 1.248355579716481e-01 -9.395230093409752e-02
4.547920453530813e-01 1.214587120197479e-01 -1.024323194626754e-01
4.511436618803698e-01 1.178103285470365e-01 -1.106488192131353e-01
4.488033871712585e-01 1.154700538379252e-01 -1.154700538379252e-01
-1.000000000000000e+00 -1.000000000000000e+00 1.000000000000000e+00 -1.000000000000000e+00
-1.000000000000000e+00 -8.939344166938560e-01 1.000000000000000e+00 -8.939344166938560e-01
-1.000000000000000e+00 -7.949702333292771e-01 1.000000000000000e+00 -7.949702333292771e-01
-1.000000000000000e+00 -7.019101103558185e-01 1.000000000000000e+00 -7.019101103558185e-01
-1.000000000000000e+00 -6.137763045374784e-01 1.000000000000000e+00 -6.137763045374784e-01
-1.000000000000000e+00 -5.297471880519017e-01 1.000000000000000e+00 -5.297471880519017e-01
-1.000000000000000e+00 -4.491200002522518e-01 1.000000000000000e+00 -4.491200002522518e-01
-1.000000000000000e+00 -3.712853716071456e-01 1.000000000000000e+00 -3.712853716071456e-01
-1.000000000000000e+00 -2.957077376287594e-01 1.000000000000000e+00 -2.957077376287594e-01
-1.000000000000000e+00 -2.219094855620410e-01 1.000000000000000e+00 -2.219094855620410e-01
-1.000000000000000e+00 -1.494577876008997e-01 1.000000000000000e+00 -1.494577876008997e-01
-1.000000000000000e+00 -7.795342667851819e-02 1.000000000000000e+00 -7.795342667851819e-02
-1.000000000000000e+00 -7.021084769226679e-03 1.000000000000000e+00 -7.021084769226679e-03
-1.000000000000000e+00 6.369933065922148e-02 1.000000000000000e+00 6.369933065922148e-02
-1.000000000000000e+00 1.345606728873130e-01 1.000000000000000e+00 1.345606728873130e-01
-1.000000000000000e+00 2.059161569239081e-01 1.000000000000000e+00 2.059161569239081e-01
-1.000000000000000e+00 2.781268486965780e-01 1.000000000000000e+00 2.781268486965780e-01
-1.000000000000000e+00 3.515693046461499e-01 1.000000000000000e+00 3.515693046461499e-01
-1.000000000000000e+00 4.266436285757831e-01 1.000000000000000e+00 4.266436285757831e-01
-1.000000000000000e+00 5.037822329496506e-01 1.000000000000000e+00 5.037822329496506e-01
-1.000000000000000e+00 5.834596287341940e-01 1.000000000000000e+00 5.834596287341940e-01
-1.000000000000000e+00 6.662036294307241e-01 1.000000000000000e+00 6.662036294307241e-01
-1.000000000000000e+00 7.526084912075723e-01 1.000000000000000e+00 7.526084912075723e-01
-1.000000000000000e+00 8.433509441959255e-01 1.000000000000000e+00 8.433509441959255e-01
-1.000000000000000e+00 9.392115324502988e-01 1.000000000000000e+00 9.392115324502988e-01
-1.000000000000000e+00 1.000000000000000e+00 1.000000000000000e+00 1.000000000000000e+00
1 5
26
4.488033871712585e-01 1.154700538379252e-01 -1.154700538379252e-01
4.401952216299278e-01 1.195410829933301e-01 -1.195410829933301e-01
4.313304504640988e-01 1.232714295733573e-01 -1.232714295733573e-01
4.222446223125286e-01 1.266704776970992e-01 -1.266704776970992e-01
4.129591895256226e-01 1.297310691267116e-01 -1.297310691267116e-01
4.034949476821782e-01 1.324435805065014e-01 -1.324435805065014e-01
3.938750126156687e-01 1.348006752055833e-01 -1.348006752055833e-01
3.841245253363070e-01 1.367982578551880e-01 -1.367982578551880e-01
3.742696473805380e-01 1.384350452763508e-01 -1.384350452763508e-01
3.643366985913331e-01 1.397117621154226e-01 -1.397117621154226e-01
3.543516358357293e-01 1.406303601825122e-01 -1.406303601825122e-01
3.443398426930212e-01 1.411934000679519e-01 -1.411934000679519e-01
3.343261401829692e-01 1.414036266856101e-01 -1.414036266856101e-01
3.243349281780395e-01 1.412637316934078e-01 -1.412637316934078e-01
3.143903814378224e-01 1.407762869272709e-01 -1.407762869272709e-01
3.045166364075449e-01 1.399438361528721e-01 -1.399438361528721e-01
2.947379101280611e-01 1.387691385644610e-01 -1.387691385644610e-01
2.850784913020356e-01 1.372555606919830e-01 -1.372555606919830e-01
2.755625403595438e-01 1.354076074372409e-01 -1.354076074372409e-01
2.662136417107274e-01 1.332315576705029e-01 -1.332315576705029e-01
2.570540934249212e-01 1.307361060676963e-01 -1.307361060676963e-01
2.481040553848762e-01 1.279327733793439e-01 -1.279327733793439e-01
2.393810323992359e-01 1.248355579716482e-01 -1.248355579716482e-01
2.309010138706581e-01 1.214587120197479e-01 -1.214587120197479e-01
2.226845141201981e-01 1.178103285470365e-01 -1.178103285470365e-01
2.178632794954081e-01 1.154700538379252e-01 -1.154700538379252e-01
-1.000000000000000e+00 1.000000000000000e+00 -1.000000000000000e+00 -1.000000000000000e+00
-8.939344166938566e-01 1.000000000000000e+00 -8.939344166938566e-01 -1.000000000000000e+00
-7.949702333292779e-01 1.000000000000000e+00 -7.949702333292779e-01 -1.000000000000000e+00
-7.019101103558192e-01 1.000000000000000e+00 -7.019101103558192e-01 -1.000000000000000e+00
-6.137763045374790e-01 1.000000000000000e+00 -6.137763045374790e-01 -1.000000000000000e+00
-5.297471880519021e-01 1.000000000000000e+00 -5.297471880519021e-01 -1.000000000000000e+00
-4.491200002522522e-01 1.000000000000000e+00 -4.491200002522522e-01 -1.000000000000000e+00
-3.712853716071460e-01 1.000000000000000e+00 -3.712853716071460e-01 -1.000000000000000e+00
-2.957077376287599e-01 1.000000000000000e+00 -2.957077376287599e-01 -1.000000000000000e+00
-2.219094855620416e-01 1.000000000000000e+00 -2.219094855620416e-01 -1.000000000000000e+00
-1.494577876009003e-01 1.000000000000000e+00 -1.494577876009003e-01 -1.000000000000000e+00
-7.795342667851884e-02 1.000000000000000e+00 -7.795342667851884e-02 -1.000000000000000e+00
-7.021084769227373e-03 1.000000000000000e+00 -7.021084769227373e-03 -1.000000000000000e+00
6.369933065922075e-02 1.000000000000000e+00 6.369933065922075e-02 -1.000000000000000e+00
1.345606728873122e-01 1.000000000000000e+00 1.345606728873122e-01 -1.000000000000000e+00
2.059161569239072e-01 1.000000000000000e+00 2.059161569239072e-01 -1.000000000000000e+00
2.781268486965771e-01 1.000000000000000e+00 2.781268486965771e-01 -1.000000000000000e+00
3.515693046461490e-01 1.000000000000000e+00 3.515693046461490e-01 -1.000000000000000e+00
4.266436285757821e-01 1.000000000000000e+00 4.266436285757821e-01 -1.000000000000000e+00
5.037822329496495e-01 1.000000000000000e+00 5.037822329496495e-01 -1.000000000000000e+00
5.834596287341929e-01 1.000000000000000e+00 5.834596287341929e-01 -1.000000000000000e+00
6.662036294307230e-01 1.000000000000000e+00 6.662036294307230e-01 -1.000000000000000e+00
7.526084912075712e-01 1.000000000000000e+00 7.526084912075712e-01 -1.000000000000000e+00
8.433509441959244e-01 1.000000000000000e+00 8.433509441959244e-01 -1.000000000000000e+00
9.392115324502975e-01 1.000000000000000e+00 9.392115324502975e-01 -1.000000000000000e+00
1.000000000000000e+00 1.000000000000000e+00 1.000000000000000e+00 -1.000000000000000e+00
1 6
26
2.178632794954081e-01 1.154700538379252e-01 1.154700538379252e-01
2.264714450367389e-01 1.195410829933301e-01 1.195410829933301e-01
2.353362162025678e-01 1.232714295733573e-01 1.232714295733573e-01
2.444220443541381e-01 1.266704776970992e-01 1.266704776970992e-01
2.537074771410440e-01 1.297310691267116e-01 1.297310691267116e-01
2.631717189844884e-01 1.324435805065014e-01 1.324435805065014e-01
2.727916540509979e-01 1.348006752055833e-01 1.348006752055833e-01
2.825421413303597e-01 1.367982578551880e-01 1.367982578551880e-01
2.923970192861287e-01 1.384350452763508e-01 1.384350452763508e-01
3.023299680753335e-01 1.397117621154226e-01 1.397117621154226e-01
3.123150308309373e-01 1.406303601825122e-01 1.406303601825122e-01
3.223268239736454e-01 1.411934000679519e-01 1.411934000679519e-01
3.323405264836974e-01 1.414036266856101e-01 1.414036266856101e-01
3.423317384886271e-01 1.412637316934078e-01 1.412637316934078e-01
3.522762852288442e-01 1.407762869272709e-01 1.407762869272709e-01
3.621500302591217e-01 1.399438361528721e-01 1.399438361528721e-01
3.719287565386055e-01 1.387691385644610e-01 1.387691385644610e-01
3.815881753646311e-01 1.372555606919830e-01 1.372555606919830e-01
3.911041263071228e-01 1.354076074372409e-01 1.354076074372409e-01
4.004530249559393e-01 1.332315576705029e-01 1.332315576705029e-01
4.096125732417454e-01 1.307361060676963e-01 1.307361060676963e-01
4.185626112817905e-01 1.279327733793439e-01 1.279327733793439e-01
4.272856342674307e-01 1.248355579716482e-01 1.248355579716482e-01
4.357656527960086e-01 1.214587120197479e-01 1.214587120197479e-01
4.439821525464685e-01 1.178103285470365e-01 1.178103285470365e-01
4.488033871712585e-01 1.154700538379252e-01 1.154700538379252e-01
1.000000000000000e+00 -1.000000000000000e+00 1.000000000000000e+00 1.000000000000000e+00
8.939344166938566e-01 -1.000000000000000e+00 8.939344166938566e-01 1.000000000000000e+00
7.949702333292779e-01 -1.000000000000000e+00 7.949702333292779e-01 1.000000000000000e+00
7.019101103558192e-01 -1.000000000000000e+00 7.019101103558192e-01 1.000000000000000e+00
6.137763045374790e-01 -1.000000000000000e+00 6.137763045374790e-01 1.000000000000000e+00
5.297471880519021e-01 -1.000000000000000e+00 5.297471880519021e-01 1.000000000000000e+00
4.491200002522522e-01 -1.000000000000000e+00 4.491200002522522e-01 1.000000000000000e+00
3.712853716071460e-01 -1.000000000000000e+00 3.712853716071460e-01 1.000000000000000e+00
2.957077376287599e-01 -1.000000000000000e+00 2.957077376287599e-01 1.000000000000000e+00
2.219094855620416e-01 -1.000000000000000e+00 2.219094855620416e-01 1.000000000000000e+00
1.494577876009003e-01 -1.000000000000000e+00 1.494577876009003e-01 1.000000000000000e+00
7.795342667851884e-02 -1.000000000000000e+00 7.795342667851884e-02 1.000000000000000e+00
7.021084769227373e-03 -1.000000000000000e+00 7.021084769227373e-03 1.000000000000000e+00
-6.369933065922075e-02 -1.000000000000000e+00 -6.369933065922075e-02 1.000000000000000e+00
-1.345606728873122e-01 -1.000000000000000e+00 -1.345606728873122e-01 1.000000000000000e+00
-2.059161569239072e-01 -1.000000000000000e+00 -2.059161569239072e-01 1.000000000000000e+00
-2.781268486965771e-01 -1.000000000000000e+00 -2.781268486965771e-01 1.000000000000000e+00
-3.515693046461490e-01 -1.000000000000000e+00 -3.515693046461490e-01 1.000000000000000e+00
-4.266436285757821e-01 -1.000000000000000e+00 -4.266436285757821e-01 1.000000000000000e+00
-5.037822329496495e-01 -1.000000000000000e+00 -5.037822329496495e-01 1.000000000000000e+00
-5.834596287341929e-01 -1.000000000000000e+00 -5.834596287341929e-01 1.000000000000000e+00
-6.662036294307230e-01 -1.000000000000000e+00 -6.662036294307230e-01 1.000000000000000e+00
-7.526084912075712e-01 -1.000000000000000e+00 -7.526084912075712e-01 1.000000000000000e+00
-8.433509441959244e-01 -1.000000000000000e+00 -8.433509441959244e-01 1.000000000000000e+00
-9.392115324502975e-01 -1.000000000000000e+00 -9.392115324502975e-01 1.000000000000000e+00
-1.000000000000000e+00 -1.000000000000000e+00 -1.000000000000000e+00 1.000000000000000e+00
2 3
26
2.178632794954081e-01 -1.154700538379252e-01 -1.154700538379252e-01
2.137922503400031e-01 -1.195410829933302e-01 -1.068618882965944e-01
2.100619037599760e-01 -1.232714295733574e-01 -9.799711713076542e-02
2.066628556362341e-01 -1.266704776970992e-01 -8.891128897919515e-02
2.036022642066217e-01 -1.297310691267116e-01 -7.962585619228919e-02
2.008897528268319e-01 -1.324435805065014e-01 -7.016161434884476e-02
1.985326581277500e-01 -1.348006752055833e-01 -6.054167928233527e-02
1.965350754781454e-01 -1.367982578551880e-01 -5.079119200297356e-02
1.948982880569825e-01 -1.384350452763508e-01 -4.093631404720454e-02
1.936215712179107e-01 -1.397117621154226e-01 -3.100336525799967e-02
1.927029731508212e-01 -1.406303601825122e-01 -2.101830250239591e-02
1.921399332653814e-01 -1.411934000679519e-01 -1.100650935968776e-02
1.919297066477233e-01 -1.414036266856101e-01 -9.928068496357417e-04
1.920696016399256e-01 -1.412637316934077e-01 8.998405155293931e-03
1.925570464060625e-01 -1.407762869272709e-01 1.894295189551101e-02
1.933894971804613e-01 -1.399438361528721e-01 2.881669692578849e-02
1.945641947688724e-01 -1.387691385644610e-01 3.859542320527231e-02
1.960777726413503e-01 -1.372555606919830e-01 4.825484203129789e-02
1.979257258960924e-01 -1.354076074372409e-01 5.777079297378964e-02
2.001017756628305e-01 -1.332315576705028e-01 6.711969162260607e-02
2.025972272656371e-01 -1.307361060676962e-01 7.627923990841225e-02
2.054005599539895e-01 -1.279327733793439e-01 8.522927794845719e-02
2.084977753616852e-01 -1.248355579716481e-01 9.395230093409752e-02
2.118746213135854e-01 -1.214587120197479e-01 1.024323194626754e-01
2.155230047862968e-01 -1.178103285470365e-01 1.106488192131353e-01
2.178632794954081e-01 -1.154700538379252e-01 1.154700538379252e-01
1.000000000000000e+00 1.000000000000000e+00 -1.000000000000000e+00 1.000000000000000e+00
1.000000000000000e+00 8.939344166938558e-01 -1.000000000000000e+00 8.939344166938558e-01
1.000000000000000e+00 7.949702333292769e-01 -1.000000000000000e+00 7.949702333292769e-01
1.000000000000000e+00 7.019101103558183e-01 -1.000000000000000e+00 7.019101103558183e-01
1.000000000000000e+00 6.137763045374782e-01 -1.000000000000000e+00 6.137763045374782e-01
1.000000000000000e+00 5.297471880519015e-01 -1.000000000000000e+00 5.297471880519015e-01
1.000000000000000e+00 4.491200002522516e-01 -1.000000000000000e+00 4.491200002522516e-01
1.000000000000000e+00 3.712853716071454e-01 -1.000000000000000e+00 3.712853716071454e-01
1.000000000000000e+00 2.957077376287593e-01 -1.000000000000000e+00 2.957077376287593e-01
1.000000000000000e+00 2.219094855620410e-01 -1.000000000000000e+00 2.219094855620410e-01
1.000000000000000e+00 1.494577876008996e-01 -1.000000000000000e+00 1.494577876008996e-01
1.000000000000000e+00 7.795342667851812e-02 -1.000000000000000e+00 7.795342667851812e-02
1.000000000000000e+00 7.021084769226610e-03 -1.000000000000000e+00 7.021084769226610e-03
1.000000000000000e+00 -6.369933065922155e-02 -1.000000000000000e+00 -6.369933065922155e-02
1.000000000000000e+00 -1.345606728873130e-01 -1.000000000000000e+00 -1.345606728873130e-01
1.000000000000000e+00 -2.059161569239082e-01 -1.000000000000000e+00 -2.059161569239082e-01
1.000000000000000e+00 -2.781268486965781e-01 -1.000000000000000e+00 -2.781268486965781e-01
1.000000000000000e+00 -3.515693046461500e-01 -1.000000000000000e+00 -3.515693046461500e-01
1.000000000000000e+00 -4.266436285757831e-01 -1.000000000000000e+00 -4.266436285757831e-01
1.000000000000000e+00 -5.037822329496506e-01 -1.000000000000000e+00 -5.037822329496506e-01
1.000000000000000e+00 -5.834596287341940e-01 -1.000000000000000e+00 -5.834596287341940e-01
1.000000000000000e+00 -6.662036294307241e-01 -1.000000000000000e+00 -6.662036294307241e-01
1.000000000000000e+00 -7.526084912075723e-01 -1.000000000000000e+00 -7.526084912075723e-01
1.000000000000000e+00 -8.433509441959255e-01 -1.000000000000000e+00 -8.433509441959255e-01
1.000000000000000e+00 -9.392115324502988e-01 -1.000000000000000e+00 -9.392115324502988e-01
1.000000000000000e+00 -1.000000000000000e+00 -1.000000000000000e+00 -1.000000000000000e+00
2 5
26
2.178632794954081e-01 1.154700538379252e-01 -1.154700538379252e-01
2.137922503400031e-01 1.068618882965944e-01 -1.195410829933302e-01
2.100619037599760e-01 9.799711713076542e-02 -1.232714295733574e-01
2.066628556362341e-01 8.891128897919515e-02 -1.266704776970992e-01
2.036022642066217e-01 7.962585619228919e-02 -1.297310691267116e-01
2.008897528268319e-01 7.016161434884476e-02 -1.324435805065014e-01
1.985326581277500e-01 6.054167928233527e-02 -1.348006752055833e-01
1.965350754781454e-01 5.079119200297356e-02 -1.367982578551880e-01
1.948982880569825e-01 4.093631404720454e-02 -1.384350452763508e-01
1.936215712179107e-01 3.100336525799967e-02 -1.397117621154226e-01
1.927029731508212e-01 2.101830250239591e-02 -1.406303601825122e-01
1.921399332653814e-01 1.100650935968776e-02 -1.411934000679519e-01
1.919297066477233e-01 9.928068496357417e-04 -1.414036266856101e-01
1.920696016399256e-01 -8.998405155293931e-03 -1.412637316934077e-01
1.925570464060625e-01 -1.894295189551101e-02 -1.407762869272709e-01
1.933894971804613e-01 -2.881669692578849e-02 -1.399438361528721e-01
1.945641947688724e-01 -3.859542320527230e-02 -1.387691385644610e-01
1.960777726413503e-01 -4.825484203129788e-02 -1.372555606919830e-01
1.979257258960924e-01 -5.777079297378964e-02 -1.354076074372409e-01
2.001017756628305e-01 -6.711969162260607e-02 -1.332315576705028e-01
2.025972272656371e-01 -7.627923990841225e-02 -1.307361060676962e-01
2.054005599539895e-01 -8.522927794845719e-02 -1.279327733793439e-01
2.084977753616852e-01 -9.395230093409752e-02 -1.248355579716481e-01
2.118746213135854e-01 -1.024323194626754e-01 -1.214587120197479e-01
2.155230047862968e-01 -1.106488192131353e-01 -1.178103285470365e-01
2.178632794954081e-01 -1.154700538379252e-01 -1.154700538379252e-01
-1.000000000000000e+00 1.000000000000000e+00 1.000000000000000e+00 -1.000000000000000e+00
-8.939344166938558e-01 1.000000000000000e+00 1.000000000000000e+00 -8.939344166938558e-01
-7.949702333292769e-01 1.000000000000000e+00 1.000000000000000e+00 -7.949702333292769e-01
-7.019101103558183e-01 1.000000000000000e+00 1.000000000000000e+00 -7.019101103558183e-01
-6.137763045374782e-01 1.000000000000000e+00 1.000000000000000e+00 -6.137763045374782e-01
-5.297471880519015e-01 1.000000000000000e+00 1.000000000000000e+00 -5.297471880519015e-01
-4.491200002522516e-01 1.000000000000000e+00 1.000000000000000e+00 -4.491200002522516e-01
-3.712853716071454e-01 1.000000000000000e+00 1.000000000000000e+00 -3.712853716071454e-01
-2.957077376287593e-01 1.000000000000000e+00 1.000000000000000e+00 -2.957077376287593e-01
-2.219094855620410e-01 1.000000000000000e+00 1.000000000000000e+00 -2.219094855620410e-01
-1.494577876008996e-01 1.000000000000000e+00 1.000000000000000e+00 -1.494577876008996e-01
-7.795342667851812e-02 1.000000000000000e+00 1.000000000000000e+00 -7.795342667851812e-02
-7.021084769226610e-03 1.000000000000000e+00 1.000000000000000e+00 -7.021084769226610e-03
6.369933065922155e-02 1.000000000000000e+00 1.000000000000000e+00 6.369933065922155e-02
1.345606728873130e-01 1.000000000000000e+00 1.000000000000000e+00 1.345606728873130e-01
2.059161569239081e-01 1.000000000000000e+00 1.000000000000000e+00 2.059161569239081e-01
2.781268486965780e-01 1.000000000000000e+00 1.000000000000000e+00 2.781268486965780e-01
3.515693046461499e-01 1.000000000000000e+00 1.000000000000000e+00 3.515693046461499e-01
4.266436285757831e-01 1.000000000000000e+00 1.000000000000000e+00 4.266436285757831e-01
5.037822329496506e-01 1.000000000000000e+00 1.000000000000000e+00 5.037822329496506e-01
5.834596287341940e-01 1.000000000000000e+00 1.000000000000000e+00 5.834596287341940e-01
6.662036294307241e-01 1.000000000000000e+00 1.000000000000000e+00 6.662036294307241e-01
7.526084912075723e-01 1.000000000000000e+00 1.000000000000000e+00 7.526084912075723e-01
8.433509441959255e-01 1.000000000000000e+00 1.000000000000000e+00 8.433509441959255e-01
9.392115324502988e-01 1.000000000000000e+00 1.000000000000000e+00 9.392115324502988e-01
1.000000000000000e+00 1.000000000000000e+00 1.000000000000000e+00 1.000000000000000e+00
2 6
26
2.178632794954081e-01 -1.154700538379252e-01 1.154700538379252e-01
2.137922503400031e-01 -1.068618882965944e-01 1.195410829933302e-01
2.100619037599760e-01 -9.799711713076542e-02 1.232714295733574e-01
2.066628556362341e-01 -8.891128897919515e-02 1.266704776970992e-01
2.036022642066217e-01 -7.962585619228919e-02 1.297310691267116e-01
2.008897528268319e-01 -7.016161434884476e-02 1.324435805065014e-01
1.985326581277500e-01 -6.054167928233527e-02 1.348006752055833e-01
1.965350754781454e-01 -5.079119200297356e-02 1.367982578551880e-01
1.948982880569825e-01 -4.093631404720454e-02 1.384350452763508e-01
1.936215712179107e-01 -3.100336525799967e-02 1.397117621154226e-01
1.927029731508212e-01 -2.101830250239591e-02 1.406303601825122e-01
1.921399332653814e-01 -1.100650935968776e-02 1.411934000679519e-01
1.919297066477233e-01 -9.928068496357417e-04 1.414036266856101e-01
1.920696016399256e-01 8.998405155293931e-03 1.412637316934077e-01
1.925570464060625e-01 1.894295189551101e-02 1.407762869272709e-01
1.933894971804613e-01 2.881669692578849e-02 1.399438361528721e-01
1.945641947688724e-01 3.859542320527230e-02 1.387691385644610e-01
1.960777726413503e-01 4.825484203129788e-02 1.372555606919830e-01
1.979257258960924e-01 5.777079297378964e-02 1.354076074372409e-01
2.001017756628305e-01 6.711969162260607e-02 1.332315576705028e-01
2.025972272656371e-01 7.627923990841225e-02 1.307361060676962e-01
2.054005599539895e-01 8.522927794845719e-02 1.279327733793439e-01
2.084977753616852e-01 9.395230093409752e-02 1.248355579716481e-01
2.118746213135854e-01 1.024323194626754e-01 1.214587120197479e-01
2.155230047862968e-01 1.106488192131353e-01 1.178103285470365e-01
2.178632794954081e-01 1.154700538379252e-01 1.154700538379252e-01
1.000000000000000e+00 -1.000000000000000e+00 1.000000000000000e+00 -1.000000000000000e+00
8.939344166938558e-01 -1.000000000000000e+00 1.000000000000000e+00 -8.939344166938558e-01
7.949702333292769e-01 -1.000000000000000e+00 1.000000000000000e+00 -7.949702333292769e-01
7.019101103558183e-01 -1.000000000000000e+00 1.000000000000000e+00 -7.019101103558183e-01
6.137763045374782e-01 -1.000000000000000e+00 1.000000000000000e+00 -6.137763045374782e-01
5.297471880519015e-01 -1.000000000000000e+00 1.000000000000000e+00 -5.297471880519015e-01
4.491200002522516e-01 -1.000000000000000e+00 1.000000000000000e+00 -4.491200002522516e-01
3.712853716071454e-01 -1.000000000000000e+00 1.000000000000000e+00 -3.712853716071454e-01
2.957077376287593e-01 -1.000000000000000e+00 1.000000000000000e+00 -2.957077376287593e-01
2.219094855620410e-01 -1.000000000000000e+00 1.000000000000000e+00 -2.219094855620410e-01
1.494577876008996e-01 -1.000000000000000e+00 1.000000000000000e+00 -1.494577876008996e-01
7.795342667851812e-02 -1.000000000000000e+00 1.000000000000000e+00 -7.795342667851812e-02
7.021084769226610e-03 -1.000000000000000e+00 1.000000000000000e+00 -7.021084769226610e-03
-6.369933065922155e-02 -1.000000000000000e+00 1.000000000000000e+00 6.369933065922155e-02
-1.345606728873130e-01 -1.000000000000000e+00 1.000000000000000e+00 1.345606728873130e-01
-2.059161569239081e-01 -1.000000000000000e+00 1.000000000000000e+00 2.059161569239081e-01
-2.781268486965780e-01 -1.000000000000000e+00 1.000000000000000e+00 2.781268486965780e-01
-3.515693046461499e-01 -1.000000000000000e+00 1.000000000000000e+00 3.515693046461499e-01
-4.266436285757831e-01 -1.000000000000000e+00 1.000000000000000e+00 4.266436285757831e-01
-5.037822329496506e-01 -1.000000000000000e+00 1.000000000000000e+00 5.037822329496506e-01
-5.834596287341940e-01 -1.000000000000000e+00 1.000000000000000e+00 5.834596287341940e-01
-6.662036294307241e-01 -1.000000000000000e+00 1.000000000000000e+00 6.662036294307241e-01
-7.526084912075723e-01 -1.000000000000000e+00 1.000000000000000e+00 7.526084912075723e-01
-8.433509441959255e-01 -1.000000000000000e+00 1.000000000000000e+00 8.433509441959255e-01
-9.392115324502988e-01 -1.000000000000000e+00 1.000000000000000e+00 9.392115324502988e-01
-1.000000000000000e+00 -1.000000000000000e+00 1.000000000000000e+00 1.000000000000000e+00
3 4
26
4.488033871712585e-01 -1.154700538379252e-01 -1.154700538379252e-01
4.528744163266635e-01 -1.195410829933302e-01 -1.068618882965944e-01
4.566047629066907e-01 -1.232714295733573e-01 -9.799711713076545e-02
4.600038110304326e-01 -1.266704776970992e-01 -8.891128897919517e-02
4.630644024600449e-01 -1.297310691267116e-01 -7.962585619228922e-02
4.657769138398347e-01 -1.324435805065014e-01 -7.016161434884477e-02
4.681340085389166e-01 -1.348006752055833e-01 -6.054167928233530e-02
4.701315911885212e-01 -1.367982578551880e-01 -5.079119200297357e-02
4.717683786096840e-01 -1.384350452763508e-01 -4.093631404720456e-02
4.730450954487559e-01 -1.397117621154226e-01 -3.100336525799968e-02
4.739636935158454e-01 -1.406303601825122e-01 -2.101830250239592e-02
4.745267334012851e-01 -1.411934000679519e-01 -1.100650935968777e-02
4.747369600189432e-01 -1.414036266856101e-01 -9.928068496357515e-04
4.745970650267409e-01 -1.412637316934077e-01 8.998405155293921e-03
4.741096202606040e-01 -1.407762869272709e-01 1.894295189551100e-02
4.732771694862053e-01 -1.399438361528721e-01 2.881669692578848e-02
4.721024718977942e-01 -1.387691385644610e-01 3.859542320527230e-02
4.705888940253162e-01 -1.372555606919830e-01 4.825484203129788e-02
4.687409407705742e-01 -1.354076074372409e-01 5.777079297378964e-02
4.665648910038361e-01 -1.332315576705028e-01 6.711969162260607e-02
4.640694394010295e-01 -1.307361060676962e-01 7.627923990841225e-02
4.612661067126772e-01 -1.279327733793439e-01 8.522927794845719e-02
4.581688913049815e-01 -1.248355579716481e-01 9.395230093409752e-02
4.547920453530813e-01 -1.214587120197479e-01 1.024323194626754e-01
4.511436618803698e-01 -1.178103285470365e-01 1.106488192131353e-01
4.488033871712585e-01 -1.154700538379252e-01 1.154700538379252e-01
1.000000000000000e+00 1.000000000000000e+00 -1.000000000000000e+00 1.000000000000000e+00
1.000000000000000e+00 8.939344166938560e-01 -1.000000000000000e+00 8.939344166938560e-01
1.000000000000000e+00 7.949702333292771e-01 -1.000000000000000e+00 7.949702333292771e-01
1.000000000000000e+00 7.019101103558185e-01 -1.000000000000000e+00 7.019101103558185e-01
1.000000000000000e+00 6.137763045374784e-01 -1.000000000000000e+00 6.137763045374784e-01
1.000000000000000e+00 5.297471880519017e-01 -1.000000000000000e+00 5.297471880519017e-01
1.000000000000000e+00 4.491200002522518e-01 -1.000000000000000e+00 4.491200002522518e-01
1.000000000000000e+00 3.712853716071456e-01 -1.000000000000000e+00 3.712853716071456e-01
1.000000000000000e+00 2.957077376287594e-01 -1.000000000000000e+00 2.957077376287594e-01
1.000000000000000e+00 2.219094855620410e-01 -1.000000000000000e+00 2.219094855620410e-01
1.000000000000000e+00 1.494577876008997e-01 -1.000000000000000e+00 1.494577876008997e-01
1.000000000000000e+00 7.795342667851819e-02 -1.000000000000000e+00 7.795342667851819e-02
1.000000000000000e+00 7.021084769226679e-03 -1.000000000000000e+00 7.021084769226679e-03
1.000000000000000e+00 -6.369933065922148e-02 -1.000000000000000e+00 -6.369933065922148e-02
1.000000000000000e+00 -1.345606728873130e-01 -1.000000000000000e+00 -1.345606728873130e-01
1.000000000000000e+00 -2.059161569239081e-01 -1.000000000000000e+00 -2.059161569239081e-01
1.000000000000000e+00 -2.781268486965780e-01 -1.000000000000000e+00 -2.781268486965780e-01
1.000000000000000e+00 -3.515693046461499e-01 -1.000000000000000e+00 -3.515693046461499e-01
1.000000000000000e+00 -4.266436285757831e-01 -1.000000000000000e+00 -4.266436285757831e-01
1.000000000000000e+00 -5.037822329496506e-01 -1.000000000000000e+00 -5.037822329496506e-01
1.000000000000000e+00 -5.834596287341940e-01 -1.000000000000000e+00 -5.834596287341940e-01
1.000000000000000e+00 -6.662036294307241e-01 -1.000000000000000e+00 -6.662036294307241e-01
1.000000000000000e+00 -7.526084912075723e-01 -1.000000000000000e+00 -7.526084912075723e-01
1.000000000000000e+00 -8.433509441959255e-01 -1.000000000000000e+00 -8.433509441959255e-01
1.000000000000000e+00 -9.392115324502988e-01 -1.000000000000000e+00 -9.392115324502988e-01
1.000000000000000e+00 -1.000000000000000e+00 -1.000000000000000e+00 -1.000000000000000e+00
3 5
26
2.178632794954081e-01 -1.154700538379252e-01 -1.154700538379252e-01
2.264714450367389e-01 -1.195410829933301e-01 -1.195410829933301e-01
2.353362162025678e-01 -1.232714295733573e-01 -1.232714295733573e-01
2.444220443541381e-01 -1.266704776970992e-01 -1.266704776970992e-01
2.537074771410440e-01 -1.297310691267116e-01 -1.297310691267116e-01
2.631717189844884e-01 -1.324435805065014e-01 -1.324435805065014e-01
2.727916540509979e-01 -1.348006752055833e-01 -1.348006752055833e-01
2.825421413303597e-01 -1.367982578551880e-01 -1.367982578551880e-01
2.923970192861287e-01 -1.384350452763508e-01 -1.384350452763508e-01
3.023299680753335e-01 -1.397117621154226e-01 -1.397117621154226e-01
3.123150308309373e-01 -1.406303601825122e-01 -1.406303601825122e-01
3.223268239736454e-01 -1.411934000679519e-01 -1.411934000679519e-01
3.323405264836974e-01 -1.414036266856101e-01 -1.414036266856101e-01
3.423317384886271e-01 -1.412637316934078e-01 -1.412637316934078e-01
3.522762852288442e-01 -1.407762869272709e-01 -1.407762869272709e-01
3.621500302591217e-01 -1.399438361528721e-01 -1.399438361528721e-01
3.719287565386055e-01 -1.387691385644610e-01 -1.387691385644610e-01
3.815881753646311e-01 -1.372555606919830e-01 -1.372555606919830e-01
3.911041263071228e-01 -1.354076074372409e-01 -1.354076074372409e-01
4.004530249559393e-01 -1.332315576705029e-01 -1.332315576705029e-01
4.096125732417454e-01 -1.307361060676963e-01 -1.307361060676963e-01
4.185626112817905e-01 -1.279327733793439e-01 -1.279327733793439e-01
4.272856342674307e-01 -1.248355579716482e-01 -1.248355579716482e-01
4.357656527960086e-01 -1.214587120197479e-01 -1.214587120197479e-01
4.439821525464685e-01 -1.178103285470365e-01 -1.178103285470365e-01
4.488033871712585e-01 -1.154700538379252e-01 -1.154700538379252e-01
-1.000000000000000e+00 1.000000000000000e+00 1.000000000000000e+00 1.000000000000000e+00
-8.939344166938566e-01 1.000000000000000e+00 8.939344166938566e-01 1.000000000000000e+00
-7.949702333292779e-01 1.000000000000000e+00 7.949702333292779e-01 1.000000000000000e+00
-7.019101103558192e-01 1.000000000000000e+00 7.019101103558192e-01 1.000000000000000e+00
-6.137763045374790e-01 1.000000000000000e+00 6.137763045374790e-01 1.000000000000000e+00
-5.297471880519021e-01 1.000000000000000e+00 5.297471880519021e-01 1.000000000000000e+00
-4.491200002522522e-01 1.000000000000000e+00 4.491200002522522e-01 1.000000000000000e+00
-3.712853716071460e-01 1.000000000000000e+00 3.712853716071460e-01 1.000000000000000e+00
-2.957077376287599e-01 1.000000000000000e+00 2.957077376287599e-01 1.000000000000000e+00
-2.219094855620416e-01 1.000000000000000e+00 2.219094855620416e-01 1.000000000000000e+00
-1.494577876009003e-01 1.000000000000000e+00 1.494577876009003e-01 1.000000000000000e+00
-7.795342667851884e-02 1.000000000000000e+00 7.795342667851884e-02 1.000000000000000e+00
-7.021084769227373e-03 1.000000000000000e+00 7.021084769227373e-03 1.000000000000000e+00
6.369933065922075e-02 1.000000000000000e+00 -6.369933065922075e-02 1.000000000000000e+00
1.345606728873122e-01 1.000000000000000e+00 -1.345606728873122e-01 1.000000000000000e+00
2.059161569239072e-01 1.000000000000000e+00 -2.059161569239072e-01 1.000000000000000e+00
2.781268486965771e-01 1.000000000000000e+00 -2.781268486965771e-01 1.000000000000000e+00
3.515693046461490e-01 1.000000000000000e+00 -3.515693046461490e-01 1.000000000000000e+00
4.266436285757821e-01 1.000000000000000e+00 -4.266436285757821e-01 1.000000000000000e+00
5.037822329496495e-01 1.000000000000000e+00 -5.037822329496495e-01 1.000000000000000e+00
5.834596287341929e-01 1.000000000000000e+00 -5.834596287341929e-01 1.000000000000000e+00
6.662036294307230e-01 1.000000000000000e+00 -6.662036294307230e-01 1.000000000000000e+00
7.526084912075712e-01 1.000000000000000e+00 -7.526084912075712e-01 1.000000000000000e+00
8.433509441959244e-01 1.000000000000000e+00 -8.433509441959244e-01 1.000000000000000e+00
9.392115324502975e-01 1.000000000000000e+00 -9.392115324502975e-01 1.000000000000000e+00
1.000000000000000e+00 1.000000000000000e+00 -1.000000000000000e+00 1.000000000000000e+00
3 6
26
4.488033871712585e-01 -1.154700538379252e-01 1.154700538379252e-01
4.401952216299278e-01 -1.195410829933301e-01 1.195410829933301e-01
4.313304504640988e-01 -1.232714295733573e-01 1.232714295733573e-01
4.222446223125286e-01 -1.266704776970992e-01 1.266704776970992e-01
4.129591895256226e-01 -1.297310691267116e-01 1.297310691267116e-01
4.034949476821782e-01 -1.324435805065014e-01 1.324435805065014e-01
3.938750126156687e-01 -1.348006752055833e-01 1.348006752055833e-01
3.841245253363070e-01 -1.367982578551880e-01 1.367982578551880e-01
3.742696473805380e-01 -1.384350452763508e-01 1.384350452763508e-01
3.643366985913331e-01 -1.397117621154226e-01 1.397117621154226e-01
3.543516358357293e-01 -1.406303601825122e-01 1.406303601825122e-01
3.443398426930212e-01 -1.411934000679519e-01 1.411934000679519e-01
3.343261401829692e-01 -1.414036266856101e-01 1.414036266856101e-01
3.243349281780395e-01 -1.412637316934078e-01 1.412637316934078e-01
3.143903814378224e-01 -1.407762869272709e-01 1.407762869272709e-01
3.045166364075449e-01 -1.399438361528721e-01 1.399438361528721e-01
2.947379101280611e-01 -1.387691385644610e-01 1.387691385644610e-01
2.850784913020356e-01 -1.372555606919830e-01 1.372555606919830e-01
2.755625403595438e-01 -1.354076074372409e-01 1.354076074372409e-01
2.662136417107274e-01 -1.332315576705029e-01 1.332315576705029e-01
2.570540934249212e-01 -1.307361060676963e-01 1.307361060676963e-01
2.481040553848762e-01 -1.279327733793439e-01 1.279327733793439e-01
2.393810323992359e-01 -1.248355579716482e-01 1.248355579716482e-01
2.309010138706581e-01 -1.214587120197479e-01 1.214587120197479e-01
2.226845141201981e-01 -1.178103285470365e-01 1.178103285470365e-01
2.178632794954081e-01 -1.154700538379252e-01 1.154700538379252e-01
1.000000000000000e+00 -1.000000000000000e+00 -1.000000000000000e+00 -1.000000000000000e+00
8.939344166938566e-01 -1.000000000000000e+00 -8.939344166938566e-01 -1.000000000000000e+00
7.949702333292779e-01 -1.000000000000000e+00 -7.949702333292779e-01 -1.000000000000000e+00
7.019101103558192e-01 -1.000000000000000e+00 -7.019101103558192e-01 -1.000000000000000e+00
6.137763045374790e-01 -1.000000000000000e+00 -6.137763045374790e-01 -1.000000000000000e+00
5.297471880519021e-01 -1.000000000000000e+00 -5.297471880519021e-01 -1.000000000000000e+00
4.491200002522522e-01 -1.000000000000000e+00 -4.491200002522522e-01 -1.000000000000000e+00
3.712853716071460e-01 -1.000000000000000e+00 -3.712853716071460e-01 -1.000000000000000e+00
2.957077376287599e-01 -1.000000000000000e+00 -2.957077376287599e-01 -1.000000000000000e+00
2.219094855620416e-01 -1.000000000000000e+00 -2.219094855620416e-01 -1.000000000000000e+00
1.494577876009003e-01 -1.000000000000000e+00 -1.494577876009003e-01 -1.000000000000000e+00
7.795342667851884e-02 -1.000000000000000e+00 -7.795342667851884e-02 -1.000000000000000e+00
7.021084769227373e-03 -1.000000000000000e+00 -7.021084769227373e-03 -1.000000000000000e+00
-6.369933065922075e-02 -1.000000000000000e+00 6.369933065922075e-02 -1.000000000000000e+00
-1.345606728873122e-01 -1.000000000000000e+00 1.345606728873122e-01 -1.000000000000000e+00
-2.059161569239072e-01 -1.000000000000000e+00 2.059161569239072e-01 -1.000000000000000e+00
-2.781268486965771e-01 -1.000000000000000e+00 2.781268486965771e-01 -1.000000000000000e+00
-3.515693046461490e-01 -1.000000000000000e+00 3.515693046461490e-01 -1.000000000000000e+00
-4.266436285757821e-01 -1.000000000000000e+00 4.266436285757821e-01 -1.000000000000000e+00
-5.037822329496495e-01 -1.000000000000000e+00 5.037822329496495e-01 -1.000000000000000e+00
-5.834596287341929e-01 -1.000000000000000e+00 5.834596287341929e-01 -1.000000000000000e+00
-6.662036294307230e-01 -1.000000000000000e+00 6.662036294307230e-01 -1.000000000000000e+00
-7.526084912075712e-01 -1.000000000000000e+00 7.526084912075712e-01 -1.000000000000000e+00
-8.433509441959244e-01 -1.000000000000000e+00 8.433509441959244e-01 -1.000000000000000e+00
-9.392115324502975e-01 -1.000000000000000e+00 9.392115324502975e-01 -1.000000000000000e+00
-1.000000000000000e+00 -1.000000000000000e+00 1.000000000000000e+00 -1.000000000000000e+00
4 5
26
4.488033871712585e-01 -1.154700538379252e-01 -1.154700538379252e-01
4.528744163266635e-01 -1.068618882965944e-01 -1.195410829933302e-01
4.566047629066907e-01 -9.799711713076545e-02 -1.232714295733573e-01
4.600038110304326e-01 -8.891128897919517e-02 -1.266704776970992e-01
4.630644024600449e-01 -7.962585619228922e-02 -1.297310691267116e-01
4.657769138398347e-01 -7.016161434884477e-02 -1.324435805065014e-01
4.681340085389166e-01 -6.054167928233530e-02 -1.348006752055833e-01
4.701315911885212e-01 -5.079119200297357e-02 -1.367982578551880e-01
4.717683786096840e-01 -4.093631404720456e-02 -1.384350452763508e-01
4.730450954487559e-01 -3.100336525799968e-02 -1.397117621154226e-01
4.739636935158454e-01 -2.101830250239592e-02 -1.406303601825122e-01
4.745267334012851e-01 -1.100650935968777e-02 -1.411934000679519e-01
4.747369600189432e-01 -9.928068496357515e-04 -1.414036266856101e-01
4.745970650267409e-01 8.998405155293921e-03 -1.412637316934077e-01
4.741096202606040e-01 1.894295189551100e-02 -1.407762869272709e-01
4.732771694862053e-01 2.881669692578848e-02 -1.399438361528721e-01
4.721024718977942e-01 3.859542320527230e-02 -1.387691385644610e-01
4.705888940253162e-01 4.825484203129788e-02 -1.372555606919830e-01
4.687409407705742e-01 5.777079297378964e-02 -1.354076074372409e-01
4.665648910038361e-01 6.711969162260607e-02 -1.332315576705028e-01
4.640694394010295e-01 7.627923990841225e-02 -1.307361060676962e-01
4.612661067126772e-01 8.522927794845719e-02 -1.279327733793439e-01
4.581688913049815e-01 9.395230093409752e-02 -1.248355579716481e-01
4.547920453530813e-01 1.024323194626754e-01 -1.214587120197479e-01
4.511436618803698e-01 1.106488192131353e-01 -1.178103285470365e-01
4.488033871712585e-01 1.154700538379252e-01 -1.154700538379252e-01
-1.000000000000000e+00 1.000000000000000e+00 -1.000000000000000e+00 1.000000000000000e+00
-8.939344166938560e-01 1.000000000000000e+00 -1.000000000000000e+00 8.939344166938560e-01
-7.949702333292771e-01 1.000000000000000e+00 -1.000000000000000e+00 7.949702333292771e-01
-7.019101103558185e-01 1.000000000000000e+00 -1.000000000000000e+00 7.019101103558185e-01
-6.137763045374784e-01 1.000000000000000e+00 -1.000000000000000e+00 6.137763045374784e-01
-5.297471880519017e-01 1.000000000000000e+00 -1.000000000000000e+00 5.297471880519017e-01
-4.491200002522518e-01 1.000000000000000e+00 -1.000000000000000e+00 4.491200002522518e-01
-3.712853716071456e-01 1.000000000000000e+00 -1.000000000000000e+00 3.712853716071456e-01
-2.957077376287594e-01 1.000000000000000e+00 -1.000000000000000e+00 2.957077376287594e-01
-2.219094855620410e-01 1.000000000000000e+00 -1.000000000000000e+00 2.219094855620410e-01
-1.494577876008997e-01 1.000000000000000e+00 -1.000000000000000e+00 1.494577876008997e-01
-7.795342667851819e-02 1.000000000000000e+00 -1.000000000000000e+00 7.795342667851819e-02
-7.021084769226679e-03 1.000000000000000e+00 -1.000000000000000e+00 7.021084769226679e-03
6.369933065922148e-02 1.000000000000000e+00 -1.000000000000000e+00 -6.369933065922148e-02
1.345606728873130e-01 1.000000000000000e+00 -1.000000000000000e+00 -1.345606728873130e-01
2.059161569239081e-01 1.000000000000000e+00 -1.000000000000000e+00 -2.059161569239081e-01
2.781268486965780e-01 1.000000000000000e+00 -1.000000000000000e+00 -2.781268486965780e-01
3.515693046461499e-01 1.000000000000000e+00 -1.000000000000000e+00 -3.515693046461499e-01
4.266436285757831e-01 1.000000000000000e+00 -1.000000000000000e+00 -4.266436285757831e-01
5.037822329496506e-01 1.000000000000000e+00 -1.000000000000000e+00 -5.037822329496506e-01
5.834596287341940e-01 1.000000000000000e+00 -1.000000000000000e+00 -5.834596287341940e-01
6.662036294307241e-01 1.000000000000000e+00 -1.000000000000000e+00 -6.662036294307241e-01
7.526084912075723e-01 1.000000000000000e+00 -1.000000000000000e+00 -7.526084912075723e-01
8.433509441959255e-01 1.000000000000000e+00 -1.000000000000000e+00 -8.433509441959255e-01
9.392115324502988e-01 1.000000000000000e+00 -1.000000000000000e+00 -9.392115324502988e-01
1.000000000000000e+00 1.000000000000000e+00 -1.000000000000000e+00 -1.000000000000000e+00
4 6
26
4.488033871712585e-01 1.154700538379252e-01 1.154700538379252e-01
4.528744163266635e-01 1.068618882965944e-01 1.195410829933302e-01
4.566047629066907e-01 9.799711713076545e-02 1.232714295733573e-01
4.600038110304326e-01 8.891128897919517e-02 1.266704776970992e-01
4.630644024600449e-01 7.962585619228922e-02 1.297310691267116e-01
4.657769138398347e-01 7.016161434884477e-02 1.324435805065014e-01
4.681340085389166e-01 6.054167928233530e-02 1.348006752055833e-01
4.701315911885212e-01 5.079119200297357e-02 1.367982578551880e-01
4.717683786096840e-01 4.093631404720456e-02 1.384350452763508e-01
4.730450954487559e-01 3.100336525799968e-02 1.397117621154226e-01
4.739636935158454e-01 2.101830250239592e-02 1.406303601825122e-01
4.745267334012851e-01 1.100650935968777e-02 1.411934000679519e-01
4.747369600189432e-01 9.928068496357515e-04 1.414036266856101e-01
4.745970650267409e-01 -8.998405155293921e-03 1.412637316934077e-01
4.741096202606040e-01 -1.894295189551100e-02 1.407762869272709e-01
4.732771694862053e-01 -2.881669692578848e-02 1.399438361528721e-01
4.721024718977942e-01 -3.859542320527230e-02 1.387691385644610e-01
4.705888940253162e-01 -4.825484203129788e-02 1.372555606919830e-01
4.687409407705742e-01 -5.777079297378964e-02 1.354076074372409e-01
4.665648910038361e-01 -6.711969162260607e-02 1.332315576705028e-01
4.640694394010295e-01 -7.627923990841225e-02 1.307361060676962e-01
4.612661067126772e-01 -8.522927794845719e-02 1.279327733793439e-01
4.581688913049815e-01 -9.395230093409752e-02 1.248355579716481e-01
4.547920453530813e-01 -1.024323194626754e-01 1.214587120197479e-01
4.511436618803698e-01 -1.106488192131353e-01 1.178103285470365e-01
4.488033871712585e-01 -1.154700538379252e-01 1.154700538379252e-01
1.000000000000000e+00 -1.000000000000000e+00 -1.000000000000000e+00 1.000000000000000e+00
8.939344166938560e-01 -1.000000000000000e+00 -1.000000000000000e+00 8.939344166938560e-01
7.949702333292771e-01 -1.000000000000000e+00 -1.000000000000000e+00 7.949702333292771e-01
7.019101103558185e-01 -1.000000000000000e+00 -1.000000000000000e+00 7.019101103558185e-01
6.137763045374784e-01 -1.000000000000000e+00 -1.000000000000000e+00 6.137763045374784e-01
5.297471880519017e-01 -1.000000000000000e+00 -1.000000000000000e+00 5.297471880519017e-01
4.491200002522518e-01 -1.000000000000000e+00 -1.000000000000000e+00 4.491200002522518e-01
3.712853716071456e-01 -1.000000000000000e+00 -1.000000000000000e+00 3.712853716071456e-01
2.957077376287594e-01 -1.000000000000000e+00 -1.000000000000000e+00 2.957077376287594e-01
2.219094855620410e-01 -1.000000000000000e+00 -1.000000000000000e+00 2.219094855620410e-01
1.494577876008997e-01 -1.000000000000000e+00 -1.000000000000000e+00 1.494577876008997e-01
7.795342667851819e-02 -1.000000000000000e+00 -1.000000000000000e+00 7.795342667851819e-02
7.021084769226679e-03 -1.000000000000000e+00 -1.000000000000000e+00 7.021084769226679e-03
-6.369933065922148e-02 -1.000000000000000e+00 -1.000000000000000e+00 -6.369933065922148e-02
-1.345606728873130e-01 -1.000000000000000e+00 -1.000000000000000e+00 -1.345606728873130e-01
-2.059161569239081e-01 -1.000000000000000e+00 -1.000000000000000e+00 -2.059161569239081e-01
-2.781268486965780e-01 -1.000000000000000e+00 -1.000000000000000e+00 -2.781268486965780e-01
-3.515693046461499e-01 -1.000000000000000e+00 -1.000000000000000e+00 -3.515693046461499e-01
-4.266436285757831e-01 -1.000000000000000e+00 -1.000000000000000e+00 -4.266436285757831e-01
-5.037822329496506e-01 -1.000000000000000e+00 -1.000000000000000e+00 -5.037822329496506e-01
-5.834596287341940e-01 -1.000000000000000e+00 -1.000000000000000e+00 -5.834596287341940e-01
-6.662036294307241e-01 -1.000000000000000e+00 -1.000000000000000e+00 -6.662036294307241e-01
-7.526084912075723e-01 -1.000000000000000e+00 -1.000000000000000e+00 -7.526084912075723e-01
-8.433509441959255e-01 -1.000000000000000e+00 -1.000000000000000e+00 -8.433509441959255e-01
-9.392115324502988e-01 -1.000000000000000e+00 -1.000000000000000e+00 -9.392115324502988e-01
-1.000000000000000e+00 -1.000000000000000e+00 -1.000000000000000e+00 -1.000000000000000e+00
