           1           2
           0
           6           2
           0
          11           2
           0
           1           1
           0
          25           2
           0
          21           1
           0
          13           1
           0
           6           1
           0
          12           1
           0
           5           1
           0
          30           1
           0
          35           1
           0
          41           1
           0
           7           1
           0
          40           1
           0
           4           1
           0
          56           1
           0
          59           1
           0
          64           1
           0
           8           1
           0
          63           1
           0
           3           1
           0
          80           1
           0
          83           1
           0
          88           1
           0
           9           1
           0
          22           1
           0
           2           1
           0
          32           1
           0
          34           1
           0
         106           1
           0
          10           1
           0
         127           2
           0
         127           1
           0
         131           1
           0
         134           1
           0
         137           1
           0
         128           1
           0
         132           1
           0
         135           1
           0
         138           1
           0
         140           1
           0
         142           1
           0
         129           1
           0
         130           1
           0
         133           1
           0
         136           1
           0
         139           1
           0
         150           1
           0
         159           2
           0
         159           1
           0
         163           1
           0
         166           1
           0
         169           1
           0
         160           1
           0
         164           1
           0
         167           1
           0
         170           1
           0
         172           1
           0
         174           1
           0
         161           1
           0
         162           1
           0
         165           1
           0
         168           1
           0
         171           1
           0
         182           1
           0
         191           2
           0
         191           1
           0
         195           1
           0
         198           1
           0
         201           1
           0
         192           1
           0
         196           1
           0
         199           1
           0
         202           1
           0
         204           1
           0
         206           1
           0
         193           1
           0
         194           1
           0
         197           1
           0
         200           1
           0
         203           1
           0
         214           1
           0
         223           2
           0
         223           1
           0
         227           1
           0
         230           1
           0
         233           1
           0
         224           1
           0
         228           1
           0
         231           1
           0
         234           1
           0
         236           1
           0
         238           1
           0
         225           1
           0
         226           1
           0
         229           1
           0
         232           1
           0
         235           1
           0
         246           1
           0
         255           2
           0
         255           1
           0
         259           1
           0
         262           1
           0
         265           1
           0
         256           1
           0
         260           1
           0
         263           1
           0
         266           1
           0
         268           1
           0
         270           1
           0
         257           1
           0
         258           1
           0
         261           1
           0
         264           1
           0
         267           1
           0
         278           1
           0
