           1           2
           0
           6           2
           0
          11           2
           0
           1           1
           0
          23           2
           0
          27           2
           0
          19           1
           0
          13           1
           0
           6           1
           0
          12           1
           0
           5           1
           0
          28           1
           0
          55           2
           0
          34           1
           0
          44           1
           0
           7           1
           0
          43           1
           0
           4           1
           0
          56           1
           0
          82           2
           0
          61           1
           0
          70           1
           0
           8           1
           0
          69           1
           0
           3           1
           0
          83           1
           0
         108           2
           0
          88           1
           0
          97           1
           0
           9           1
           0
          20           1
           0
           2           1
           0
          26           1
           0
         109           1
           0
          33           1
           0
         114           1
           0
          10           1
           0
         142           2
           0
         142           1
           0
         146           1
           0
         149           1
           0
         152           1
           0
         143           1
           0
         147           1
           0
         150           1
           0
         153           1
           0
         155           1
           0
         157           1
           0
         144           1
           0
         145           1
           0
         148           1
           0
         151           1
           0
         154           1
           0
         165           1
           0
         174           2
           0
         174           1
           0
         178           1
           0
         181           1
           0
         184           1
           0
         175           1
           0
         179           1
           0
         182           1
           0
         185           1
           0
         187           1
           0
         189           1
           0
         176           1
           0
         177           1
           0
         180           1
           0
         183           1
           0
         186           1
           0
         197           1
           0
         206           2
           0
         206           1
           0
         210           1
           0
         213           1
           0
         216           1
           0
         207           1
           0
         211           1
           0
         214           1
           0
         217           1
           0
         219           1
           0
         221           1
           0
         208           1
           0
         209           1
           0
         212           1
           0
         215           1
           0
         218           1
           0
         229           1
           0
         238           2
           0
         238           1
           0
         242           1
           0
         245           1
           0
         248           1
           0
         239           1
           0
         243           1
           0
         246           1
           0
         249           1
           0
         251           1
           0
         253           1
           0
         240           1
           0
         241           1
           0
         244           1
           0
         247           1
           0
         250           1
           0
         261           1
           0
         270           2
           0
         270           1
           0
         274           1
           0
         277           1
           0
         280           1
           0
         271           1
           0
         275           1
           0
         278           1
           0
         281           1
           0
         283           1
           0
         285           1
           0
         272           1
           0
         273           1
           0
         276           1
           0
         279           1
           0
         282           1
           0
         293           1
           0
