           6
          37
           1           4          11          18          25          32          31           3          10          17          24          29          36          34          27          30           2           9          37          33           5           7          35           6           8          14          12          16          13          15          21          19          23          20          22          28          26
          17
          38          39          50          49          54          53          42          41          40          51          52          45          46          47          48          43          44
          17
          55          56          67          66          71          70          59          58          57          68          69          62          63          64          65          60          61
          17
          72          73          84          83          88          87          76          75          74          85          86          79          80          81          82          77          78
          17
          89          90         101         100         105         104          93          92          91         102         103          96          97          98          99          94          95
          17
         106         107         118         117         122         121         110         109         108         119         120         113         114         115         116         111         112
