VARIABLES = "X" "Y" "Z" "FREF"
ZONE T="instant 123"
STRANDID=0, SOLUTIONTIME=0
Nodes=1047, Elements=2090
ZONETYPE=FETriangle
DATAPACKING=BLOCK
VARLOCATION = ([1-3]=NODAL, [4]=CELLCENTERED)
5.000000e-01
3.559576e-01
3.698602e-01
3.851565e-01
4.015186e-01
4.185059e-01
4.354613e-01
4.511670e-01
4.644692e-01
4.752332e-01
4.839385e-01
4.907156e-01
4.955065e-01
4.984194e-01
4.997427e-01
3.448000e-01
3.448000e-01
4.940861e-01
4.919888e-01
4.881553e-01
4.823239e-01
4.745766e-01
4.650338e-01
4.533013e-01
4.387827e-01
4.222927e-01
4.053378e-01
3.886478e-01
3.729727e-01
3.579212e-01
4.948000e-01
3.448000e-01
4.992970e-01
4.971527e-01
4.931027e-01
4.866511e-01
4.781143e-01
4.681519e-01
4.560700e-01
4.427055e-01
4.281585e-01
4.117673e-01
3.935200e-01
3.748688e-01
3.578163e-01
5.000000e-01
4.948000e-01
3.616267e-01
3.793730e-01
3.982995e-01
4.162846e-01
4.311489e-01
4.448663e-01
4.577793e-01
4.688747e-01
4.777579e-01
4.850767e-01
4.902617e-01
4.932518e-01
4.945562e-01
3.448000e-01
5.000000e-01
5.000000e-01
5.000000e-01
5.000000e-01
5.000000e-01
5.000000e-01
5.000000e-01
5.000000e-01
5.000000e-01
5.000000e-01
5.000000e-01
5.000000e-01
5.000000e-01
5.000000e-01
5.000000e-01
5.000000e-01
5.000000e-01
5.000000e-01
5.000000e-01
5.000000e-01
5.000000e-01
5.000000e-01
5.000000e-01
5.000000e-01
5.000000e-01
5.000000e-01
5.000000e-01
5.000000e-01
5.000000e-01
5.000000e-01
5.000000e-01
5.000000e-01
5.000000e-01
3.448000e-01
3.448000e-01
3.448000e-01
3.448000e-01
3.448000e-01
3.448000e-01
3.448000e-01
3.448000e-01
3.448000e-01
3.448000e-01
3.448000e-01
3.448000e-01
3.448000e-01
3.448000e-01
3.448000e-01
3.448000e-01
3.448000e-01
3.448000e-01
3.448000e-01
3.448000e-01
3.448000e-01
3.448000e-01
3.448000e-01
3.448000e-01
3.448000e-01
3.448000e-01
3.448000e-01
3.448000e-01
3.448000e-01
3.448000e-01
3.448000e-01
3.448000e-01
3.448000e-01
4.467542e-01
4.491855e-01
4.622807e-01
4.556265e-01
4.548596e-01
4.586659e-01
4.596995e-01
4.443735e-01
4.548059e-01
4.387376e-01
4.610524e-01
4.416155e-01
4.550964e-01
4.672011e-01
3.621885e-01
4.848165e-01
4.842337e-01
4.907404e-01
4.954327e-01
3.869473e-01
3.995943e-01
4.034193e-01
4.111272e-01
4.156278e-01
4.192564e-01
4.218939e-01
4.267337e-01
3.765986e-01
3.632348e-01
4.310090e-01
4.341352e-01
4.321771e-01
4.366569e-01
4.413747e-01
4.457328e-01
4.474917e-01
4.735444e-01
4.753070e-01
4.684309e-01
4.605077e-01
4.579877e-01
4.839429e-01
4.780434e-01
4.755017e-01
4.684607e-01
3.941534e-01
3.997125e-01
4.182851e-01
4.105701e-01
4.410288e-01
4.375028e-01
4.274431e-01
4.196060e-01
4.530497e-01
3.930045e-01
3.824070e-01
3.703639e-01
3.606983e-01
4.452513e-01
4.335407e-01
4.291153e-01
4.976725e-01
4.944810e-01
4.902820e-01
4.896604e-01
4.853564e-01
4.829792e-01
4.840932e-01
4.746316e-01
4.761446e-01
4.779204e-01
4.794368e-01
4.648504e-01
4.663600e-01
4.687763e-01
4.714922e-01
4.702218e-01
4.653780e-01
4.461289e-01
4.572425e-01
3.585466e-01
3.636332e-01
3.633830e-01
3.751828e-01
3.848206e-01
3.600794e-01
3.699299e-01
3.821112e-01
3.935116e-01
4.055051e-01
4.204150e-01
3.672454e-01
4.099667e-01
4.001402e-01
3.894965e-01
3.789619e-01
3.689685e-01
3.777669e-01
3.886836e-01
3.999229e-01
4.109661e-01
4.222208e-01
4.336166e-01
3.586484e-01
3.703262e-01
3.832719e-01
3.947536e-01
4.058285e-01
4.165859e-01
4.267490e-01
4.351447e-01
4.488491e-01
4.987283e-01
4.995515e-01
4.958855e-01
4.979384e-01
4.994137e-01
4.913273e-01
4.947316e-01
4.973815e-01
4.992525e-01
4.995733e-01
4.800610e-01
4.852651e-01
4.898260e-01
4.936776e-01
4.966572e-01
4.990370e-01
4.789736e-01
4.883626e-01
4.935563e-01
4.976172e-01
4.615042e-01
4.709864e-01
4.771243e-01
4.825162e-01
4.886637e-01
4.913180e-01
4.956292e-01
4.980586e-01
4.991067e-01
3.572675e-01
3.730980e-01
3.902640e-01
4.066136e-01
4.221479e-01
4.365736e-01
4.495273e-01
4.613620e-01
4.270584e-01
4.171530e-01
4.069901e-01
3.965976e-01
3.859701e-01
3.737246e-01
3.625155e-01
4.720447e-01
4.815497e-01
4.891575e-01
4.947479e-01
4.985310e-01
3.605952e-01
3.768401e-01
3.931912e-01
4.092033e-01
4.245063e-01
4.387900e-01
4.518928e-01
4.637559e-01
4.742105e-01
4.831017e-01
4.902231e-01
4.955118e-01
4.988504e-01
3.617208e-01
3.785878e-01
3.951131e-01
4.111171e-01
4.263707e-01
4.406281e-01
4.536980e-01
4.654115e-01
4.756046e-01
4.841520e-01
4.909549e-01
4.959332e-01
4.989805e-01
3.625695e-01
3.797427e-01
3.964128e-01
4.124801e-01
4.277383e-01
4.419663e-01
4.549507e-01
4.665121e-01
4.765038e-01
4.848243e-01
4.913980e-01
4.961573e-01
4.990377e-01
3.629202e-01
3.803751e-01
3.972330e-01
4.133869e-01
4.286662e-01
4.428599e-01
4.557658e-01
4.672091e-01
4.601522e-01
4.683986e-01
4.749545e-01
4.811159e-01
4.868063e-01
4.912663e-01
4.947368e-01
4.976166e-01
4.994177e-01
4.770605e-01
4.852295e-01
4.916523e-01
4.962780e-01
4.990676e-01
3.630152e-01
3.807401e-01
3.977518e-01
4.139704e-01
4.292561e-01
4.434192e-01
4.562640e-01
4.676273e-01
4.773872e-01
4.854616e-01
4.917943e-01
4.963445e-01
4.990850e-01
3.633412e-01
3.811051e-01
3.981255e-01
4.143422e-01
4.296140e-01
4.437475e-01
4.565511e-01
4.678636e-01
4.775690e-01
4.855890e-01
4.918712e-01
4.963808e-01
4.990945e-01
3.635586e-01
4.450137e-01
4.331695e-01
4.234296e-01
4.134257e-01
4.033531e-01
3.927751e-01
3.825097e-01
3.726422e-01
3.813475e-01
3.983555e-01
4.145596e-01
4.298141e-01
4.439284e-01
4.567062e-01
4.679904e-01
4.776659e-01
4.856565e-01
4.919126e-01
4.964005e-01
4.990999e-01
3.635758e-01
3.814221e-01
3.984553e-01
4.146616e-01
4.299151e-01
4.440204e-01
4.567876e-01
4.680573e-01
4.777177e-01
4.856936e-01
4.919357e-01
4.964122e-01
4.991030e-01
3.635877e-01
3.814414e-01
3.984804e-01
4.146996e-01
4.299611e-01
4.440713e-01
4.568354e-01
4.680994e-01
4.777516e-01
4.857188e-01
4.919526e-01
4.964211e-01
4.991058e-01
3.635988e-01
3.814044e-01
3.984587e-01
4.147109e-01
4.299976e-01
4.441188e-01
4.568850e-01
4.681437e-01
4.777884e-01
4.857468e-01
4.919717e-01
4.964318e-01
4.991093e-01
3.633965e-01
3.812821e-01
3.984366e-01
4.147536e-01
4.300756e-01
4.442087e-01
4.569713e-01
4.682193e-01
4.778491e-01
4.857922e-01
4.920018e-01
4.964483e-01
4.991147e-01
3.633055e-01
3.813049e-01
3.985492e-01
4.149230e-01
4.302664e-01
4.443968e-01
4.571409e-01
4.717089e-01
4.780904e-01
4.836429e-01
4.885258e-01
4.925615e-01
4.956036e-01
4.975399e-01
4.994078e-01
4.683616e-01
4.779621e-01
4.858743e-01
4.920551e-01
4.964757e-01
4.991231e-01
3.635584e-01
3.816224e-01
3.989140e-01
4.153119e-01
4.306537e-01
4.447538e-01
4.574509e-01
4.686191e-01
4.781640e-01
4.860220e-01
4.921491e-01
4.965225e-01
4.991351e-01
3.639518e-01
3.821989e-01
3.995832e-01
4.160188e-01
4.313331e-01
4.453621e-01
4.579710e-01
4.690478e-01
4.785038e-01
4.862723e-01
4.923131e-01
4.966058e-01
4.991580e-01
3.644756e-01
3.830886e-01
4.006929e-01
4.171849e-01
4.324205e-01
4.463059e-01
4.587679e-01
4.697074e-01
4.790303e-01
4.866709e-01
4.925830e-01
4.967522e-01
4.992035e-01
3.652017e-01
3.845700e-01
4.025394e-01
4.190199e-01
4.340098e-01
4.476364e-01
4.598921e-01
4.706399e-01
4.797833e-01
4.872572e-01
4.810548e-01
4.861020e-01
4.904163e-01
4.939599e-01
4.967088e-01
4.986372e-01
4.930038e-01
4.969899e-01
4.992811e-01
3.664996e-01
3.875126e-01
4.056804e-01
4.216494e-01
4.360325e-01
4.493520e-01
4.613696e-01
4.718501e-01
4.807612e-01
4.880587e-01
4.936440e-01
4.973694e-01
4.994002e-01
3.637847e-01
3.838866e-01
4.079378e-01
4.263179e-01
3.694533e-01
3.941748e-01
4.106176e-01
4.241235e-01
4.383161e-01
4.515182e-01
4.632104e-01
4.732333e-01
4.818888e-01
4.890342e-01
4.947148e-01
4.980335e-01
4.994685e-01
4.994774e-01
4.991659e-01
4.975661e-01
4.994877e-01
4.985155e-01
4.965700e-01
4.939436e-01
4.992200e-01
4.976055e-01
4.953342e-01
4.922500e-01
4.884596e-01
3.448000e-01
3.448000e-01
3.448000e-01
3.448000e-01
3.448000e-01
3.448000e-01
3.448000e-01
3.448000e-01
3.448000e-01
3.448000e-01
3.448000e-01
3.448000e-01
3.448000e-01
3.448000e-01
3.448000e-01
3.448000e-01
3.448000e-01
3.448000e-01
3.448000e-01
3.448000e-01
3.448000e-01
3.448000e-01
3.448000e-01
3.448000e-01
3.448000e-01
3.448000e-01
3.448000e-01
3.448000e-01
3.448000e-01
3.448000e-01
3.448000e-01
3.448000e-01
3.448000e-01
4.948000e-01
4.948000e-01
4.948000e-01
4.948000e-01
4.948000e-01
4.948000e-01
4.948000e-01
4.948000e-01
4.948000e-01
4.948000e-01
4.948000e-01
4.948000e-01
4.948000e-01
4.948000e-01
4.948000e-01
4.948000e-01
4.948000e-01
4.948000e-01
4.948000e-01
4.948000e-01
4.948000e-01
4.948000e-01
4.948000e-01
4.948000e-01
4.948000e-01
4.948000e-01
4.948000e-01
4.948000e-01
4.948000e-01
4.948000e-01
4.948000e-01
4.948000e-01
4.948000e-01
4.468651e-01
4.630328e-01
4.407438e-01
4.397654e-01
4.398662e-01
4.528816e-01
4.389036e-01
4.508288e-01
4.920816e-01
4.898033e-01
4.882184e-01
4.847954e-01
4.822748e-01
4.783664e-01
4.762608e-01
4.739872e-01
4.724582e-01
4.672428e-01
4.664902e-01
4.628880e-01
4.600161e-01
4.571895e-01
4.933856e-01
4.942411e-01
4.562996e-01
4.536399e-01
4.513835e-01
4.481230e-01
4.495791e-01
4.289040e-01
4.378801e-01
4.280241e-01
4.192333e-01
4.231603e-01
4.163287e-01
4.074618e-01
4.037848e-01
3.886430e-01
4.551502e-01
4.447784e-01
4.315695e-01
4.765501e-01
4.666751e-01
4.554383e-01
4.442898e-01
4.539511e-01
4.421333e-01
4.266078e-01
4.792245e-01
4.902614e-01
4.922261e-01
4.939039e-01
4.189372e-01
4.786920e-01
4.151660e-01
4.780474e-01
4.157980e-01
4.769564e-01
4.672869e-01
4.560401e-01
4.440956e-01
4.535093e-01
4.417577e-01
4.266442e-01
4.768433e-01
4.162621e-01
4.899234e-01
4.849058e-01
4.845708e-01
4.757946e-01
4.763485e-01
4.801019e-01
4.611134e-01
4.670264e-01
4.710753e-01
4.744580e-01
4.451630e-01
4.538168e-01
4.600014e-01
4.652396e-01
4.656244e-01
3.812649e-01
3.819808e-01
3.983693e-01
3.993505e-01
3.975488e-01
4.850262e-01
4.881001e-01
4.908747e-01
4.930147e-01
4.941701e-01
4.294121e-01
4.183418e-01
4.147521e-01
4.113354e-01
4.383900e-01
4.314505e-01
4.269658e-01
4.240390e-01
4.603632e-01
4.362443e-01
4.473449e-01
4.561495e-01
4.942836e-01
4.940469e-01
4.923339e-01
4.937624e-01
4.914846e-01
4.883518e-01
4.738214e-01
4.942725e-01
4.931642e-01
4.906331e-01
4.867773e-01
4.812756e-01
4.945995e-01
4.941313e-01
4.925835e-01
4.898731e-01
4.855699e-01
4.800092e-01
4.715724e-01
4.664827e-01
3.636127e-01
3.816134e-01
3.653149e-01
4.765311e-01
4.814549e-01
4.856552e-01
4.891951e-01
4.919618e-01
4.939820e-01
4.103634e-01
3.976711e-01
3.836998e-01
3.693561e-01
3.585309e-01
4.381848e-01
4.254272e-01
4.131193e-01
4.001541e-01
3.868057e-01
3.738332e-01
3.605569e-01
4.939130e-01
4.914040e-01
4.869640e-01
4.805699e-01
4.724199e-01
4.633880e-01
4.527789e-01
4.380961e-01
4.234141e-01
4.068913e-01
3.884533e-01
3.687356e-01
4.492749e-01
4.391267e-01
4.274415e-01
4.153736e-01
4.028109e-01
3.892465e-01
3.758949e-01
3.644117e-01
4.160945e-01
3.987411e-01
3.778499e-01
4.937985e-01
4.907669e-01
4.857449e-01
4.790449e-01
4.710935e-01
4.620598e-01
4.515846e-01
4.396147e-01
4.257053e-01
4.097478e-01
3.913662e-01
3.696645e-01
4.933837e-01
4.912027e-01
4.851203e-01
4.936000e-01
4.898445e-01
4.839919e-01
4.777396e-01
4.692713e-01
4.592012e-01
4.478983e-01
4.352667e-01
4.208223e-01
4.043154e-01
3.861787e-01
3.662471e-01
4.941352e-01
4.923971e-01
4.888627e-01
4.827343e-01
4.742145e-01
4.627523e-01
4.490868e-01
4.334861e-01
4.156169e-01
3.995114e-01
3.844869e-01
3.644070e-01
4.061009e-01
3.873658e-01
3.706574e-01
4.940634e-01
4.916272e-01
4.872330e-01
4.808035e-01
4.724435e-01
4.624761e-01
4.507654e-01
4.372979e-01
4.218181e-01
4.047553e-01
3.868845e-01
3.673726e-01
4.691962e-01
4.580264e-01
4.493336e-01
4.688999e-01
4.354871e-01
4.939747e-01
4.917978e-01
4.868889e-01
4.939161e-01
4.908070e-01
4.855236e-01
4.795741e-01
4.710027e-01
4.603701e-01
4.469147e-01
4.325967e-01
4.194456e-01
4.033393e-01
3.855305e-01
3.660899e-01
4.022433e-01
3.844220e-01
3.652555e-01
4.938978e-01
4.909715e-01
4.857757e-01
4.788245e-01
4.713525e-01
4.598566e-01
4.461781e-01
4.322261e-01
4.171808e-01
4.009890e-01
3.834861e-01
3.646194e-01
4.714709e-01
4.612228e-01
4.443212e-01
4.278906e-01
4.938499e-01
4.913568e-01
4.860610e-01
4.457662e-01
4.329395e-01
4.206081e-01
4.077988e-01
3.944790e-01
3.804667e-01
3.665404e-01
4.937716e-01
4.902223e-01
4.843623e-01
4.783005e-01
4.686277e-01
4.544809e-01
4.419356e-01
4.298596e-01
4.156097e-01
4.000711e-01
3.829502e-01
3.644805e-01
3.997420e-01
3.826605e-01
3.642915e-01
4.701345e-01
4.608239e-01
4.461870e-01
4.293250e-01
4.937432e-01
4.909589e-01
4.856533e-01
4.937697e-01
4.901622e-01
4.843224e-01
4.781668e-01
4.685628e-01
4.558095e-01
4.447743e-01
4.315644e-01
4.157837e-01
3.997160e-01
3.823036e-01
3.637973e-01
3.994093e-01
3.816904e-01
3.633367e-01
4.939375e-01
4.916234e-01
3.626075e-01
4.850525e-01
4.934550e-01
4.890419e-01
4.836651e-01
4.779127e-01
4.709887e-01
4.610001e-01
4.488839e-01
4.337085e-01
4.162589e-01
3.983120e-01
3.801220e-01
3.622727e-01
4.942104e-01
4.924404e-01
4.889269e-01
4.827441e-01
4.742485e-01
4.626715e-01
4.490221e-01
4.325947e-01
4.137677e-01
3.951471e-01
3.762247e-01
3.593915e-01
4.093326e-01
3.900572e-01
3.662974e-01
4.940010e-01
4.914454e-01
4.870476e-01
4.596613e-01
4.661330e-01
4.720674e-01
4.778387e-01
4.830292e-01
4.872909e-01
4.909921e-01
4.937106e-01
4.943982e-01
4.805564e-01
4.717878e-01
4.613339e-01
4.497042e-01
4.367165e-01
4.220815e-01
4.052177e-01
3.862187e-01
3.656660e-01
4.675276e-01
4.564715e-01
4.450873e-01
4.317437e-01
4.940320e-01
4.906661e-01
4.284139e-01
4.164312e-01
4.036773e-01
3.903601e-01
3.770020e-01
3.625046e-01
4.844775e-01
4.935482e-01
4.901274e-01
4.856064e-01
4.786440e-01
4.694049e-01
4.569702e-01
4.447347e-01
4.332889e-01
4.187735e-01
4.020087e-01
3.835834e-01
3.642605e-01
3.991529e-01
3.813843e-01
3.635972e-01
4.926945e-01
4.884690e-01
4.831598e-01
4.934157e-01
4.887055e-01
4.822576e-01
4.756570e-01
4.658039e-01
4.550054e-01
4.443663e-01
4.303796e-01
4.129550e-01
3.949178e-01
3.804316e-01
3.632667e-01
3.623664e-01
3.754540e-01
3.656526e-01
3.807445e-01
3.938223e-01
3.601670e-01
4.113078e-01
3.989940e-01
3.855623e-01
3.715314e-01
-4.625929e-18
3.511327e-01
3.364572e-01
3.188330e-01
2.979644e-01
2.735925e-01
2.457101e-01
2.155188e-01
1.851171e-01
1.554138e-01
1.257120e-01
9.590749e-02
6.688251e-02
3.972567e-02
1.603966e-02
3.620952e-01
3.548803e-01
2.656965e-02
5.266963e-02
8.081715e-02
1.104116e-01
1.400146e-01
1.690284e-01
1.983558e-01
2.286849e-01
2.578680e-01
2.837752e-01
3.062351e-01
3.251436e-01
3.416423e-01
-3.469447e-18
3.620952e-01
2.650546e-02
5.328448e-02
8.276338e-02
1.147638e-01
1.463103e-01
1.755955e-01
2.049395e-01
2.324044e-01
2.582253e-01
2.836331e-01
3.084510e-01
3.308677e-01
3.492384e-01
-4.625929e-18
-2.312965e-18
3.377176e-01
3.176525e-01
2.935720e-01
2.674587e-01
2.427708e-01
2.166126e-01
1.877902e-01
1.580619e-01
1.287417e-01
9.760955e-02
6.686185e-02
3.911192e-02
1.553061e-02
3.548803e-01
-1.387779e-17
-1.387779e-17
-1.387779e-17
-1.387779e-17
-1.387779e-17
-1.387779e-17
-1.387779e-17
-1.387779e-17
-1.387779e-17
-1.387779e-17
-1.387779e-17
-1.387779e-17
-1.387779e-17
-1.387779e-17
-1.387779e-17
-1.387779e-17
-1.387779e-17
-1.387779e-17
-1.387779e-17
-1.387779e-17
-1.387779e-17
-1.387779e-17
-1.387779e-17
-1.387779e-17
-1.387779e-17
-1.387779e-17
-1.387779e-17
-1.387779e-17
-1.387779e-17
-1.387779e-17
-1.387779e-17
-1.387779e-17
-1.387779e-17
3.620952e-01
3.620952e-01
3.620952e-01
3.620952e-01
3.620952e-01
3.620952e-01
3.620952e-01
3.620952e-01
3.620952e-01
3.620952e-01
3.620952e-01
3.620952e-01
3.620952e-01
3.620952e-01
3.620952e-01
3.620952e-01
3.620952e-01
3.620952e-01
3.620952e-01
3.620952e-01
3.620952e-01
3.620952e-01
3.620952e-01
3.620952e-01
3.620952e-01
3.620952e-01
3.620952e-01
3.620952e-01
3.620952e-01
3.620952e-01
3.620952e-01
3.620952e-01
3.620952e-01
2.245233e-01
2.196188e-01
1.905165e-01
2.059236e-01
2.076121e-01
1.990618e-01
1.966630e-01
2.291991e-01
2.077296e-01
2.398109e-01
1.934701e-01
2.344692e-01
2.070924e-01
1.781098e-01
3.447020e-01
1.222822e-01
1.245703e-01
9.578006e-02
6.742727e-02
3.166572e-01
3.005402e-01
2.953860e-01
2.845601e-01
2.779452e-01
2.724409e-01
2.683385e-01
2.605732e-01
3.288974e-01
3.435993e-01
2.534388e-01
2.480457e-01
2.514418e-01
2.435791e-01
2.349221e-01
2.265441e-01
2.230498e-01
1.604858e-01
1.551877e-01
1.748499e-01
1.947631e-01
2.006171e-01
1.256952e-01
1.465418e-01
1.545903e-01
1.747702e-01
3.076412e-01
3.003829e-01
2.739299e-01
2.853633e-01
2.355708e-01
2.420563e-01
2.594078e-01
2.719022e-01
2.115325e-01
3.091075e-01
3.221256e-01
3.359026e-01
3.462611e-01
2.274891e-01
2.490833e-01
2.566321e-01
4.818775e-02
7.408435e-02
9.809959e-02
1.011567e-01
1.201213e-01
1.293486e-01
1.251151e-01
1.572415e-01
1.525985e-01
1.469426e-01
1.419167e-01
1.841579e-01
1.803006e-01
1.739219e-01
1.664186e-01
1.699748e-01
1.828204e-01
2.257631e-01
2.023099e-01
3.484887e-01
3.431776e-01
3.434425e-01
3.305115e-01
3.192383e-01
3.469046e-01
3.363806e-01
3.224764e-01
3.084618e-01
2.925160e-01
2.706497e-01
3.393093e-01
2.862294e-01
2.998130e-01
3.135164e-01
3.261715e-01
3.374348e-01
3.275548e-01
3.145235e-01
3.001027e-01
2.847927e-01
2.678238e-01
2.489511e-01
3.483838e-01
3.359442e-01
3.210961e-01
3.068707e-01
2.920672e-01
2.765072e-01
2.605481e-01
2.462703e-01
2.203054e-01
3.563841e-02
2.117384e-02
6.401232e-02
4.535755e-02
2.420702e-02
9.272240e-02
7.239247e-02
5.110433e-02
2.733017e-02
2.065277e-02
1.397907e-01
1.204897e-01
1.003517e-01
7.926189e-02
5.771990e-02
3.101697e-02
1.434724e-01
1.072471e-01
8.001383e-02
4.875578e-02
1.923900e-01
1.678447e-01
1.495072e-01
1.310652e-01
1.058667e-01
9.277214e-02
6.596716e-02
4.401880e-02
2.987555e-02
3.497998e-01
3.328632e-01
3.125605e-01
2.909731e-01
2.679387e-01
2.437283e-01
2.189182e-01
1.927307e-01
2.600406e-01
2.756509e-01
2.904463e-01
3.044837e-01
3.178475e-01
3.321595e-01
3.443581e-01
1.648448e-01
1.345730e-01
1.035613e-01
7.228082e-02
3.829902e-02
3.463685e-01
3.286207e-01
3.088700e-01
2.873198e-01
2.641863e-01
2.397151e-01
2.139928e-01
1.868968e-01
1.585067e-01
1.288905e-01
9.839342e-02
6.684318e-02
3.388582e-02
3.451928e-01
3.266057e-01
3.064076e-01
2.845746e-01
2.611666e-01
2.363194e-01
2.101382e-01
1.827352e-01
1.542734e-01
1.248873e-01
9.467485e-02
6.364188e-02
3.191381e-02
3.443013e-01
3.252621e-01
3.047243e-01
2.825955e-01
2.589207e-01
2.338072e-01
2.074124e-01
1.799068e-01
1.514732e-01
1.222513e-01
9.234736e-02
6.186991e-02
3.100658e-02
3.439315e-01
3.245224e-01
3.036543e-01
2.812672e-01
2.573815e-01
2.321102e-01
2.056150e-01
1.780888e-01
1.956016e-01
1.749364e-01
1.562632e-01
1.361156e-01
1.141035e-01
9.304541e-02
7.235648e-02
4.876235e-02
2.412442e-02
1.497107e-01
1.206329e-01
9.098340e-02
6.089421e-02
3.052059e-02
3.438313e-01
3.240940e-01
3.029744e-01
2.804077e-01
2.563966e-01
2.310398e-01
2.045071e-01
1.769880e-01
1.486656e-01
1.196954e-01
9.021313e-02
6.035041e-02
3.023500e-02
3.434868e-01
3.236648e-01
3.024833e-01
2.798580e-01
2.557964e-01
2.304087e-01
2.038653e-01
1.763624e-01
1.480805e-01
1.191777e-01
8.979269e-02
6.005059e-02
3.007714e-02
3.432567e-01
2.279535e-01
2.497283e-01
2.659085e-01
2.812102e-01
2.954763e-01
3.093990e-01
3.220036e-01
3.333733e-01
3.233792e-01
3.021802e-01
2.795359e-01
2.554601e-01
2.300599e-01
2.035176e-01
1.760255e-01
1.477677e-01
1.189022e-01
8.956581e-02
5.988747e-02
2.998880e-02
3.432384e-01
3.232911e-01
3.020486e-01
2.793845e-01
2.552901e-01
2.298824e-01
2.033348e-01
1.758475e-01
1.476000e-01
1.187505e-01
8.943851e-02
5.979086e-02
2.993601e-02
3.432259e-01
3.232684e-01
3.020155e-01
2.793282e-01
2.552126e-01
2.297840e-01
2.032274e-01
1.757355e-01
1.474903e-01
1.186474e-01
8.934549e-02
5.971639e-02
2.988991e-02
3.432141e-01
3.233120e-01
3.020441e-01
2.793115e-01
2.551511e-01
2.296922e-01
2.031161e-01
1.756175e-01
1.473712e-01
1.185330e-01
8.924056e-02
5.962758e-02
2.983205e-02
3.434283e-01
3.234563e-01
3.020733e-01
2.792480e-01
2.550196e-01
2.295183e-01
2.029218e-01
1.754158e-01
1.471741e-01
1.183467e-01
8.907415e-02
5.949012e-02
2.974138e-02
3.435246e-01
3.234294e-01
3.019247e-01
2.789962e-01
2.546975e-01
2.291539e-01
2.025395e-01
1.658033e-01
1.463885e-01
1.268446e-01
1.065014e-01
8.592516e-02
6.615970e-02
4.953816e-02
2.432897e-02
1.750354e-01
1.468069e-01
1.180091e-01
8.877941e-02
5.926078e-02
2.959997e-02
3.432569e-01
3.230547e-01
3.014425e-01
2.784170e-01
2.540420e-01
2.284602e-01
2.018381e-01
1.743449e-01
1.461480e-01
1.173993e-01
8.825662e-02
5.886753e-02
2.939664e-02
3.428397e-01
3.223724e-01
3.005550e-01
2.773596e-01
2.528868e-01
2.272720e-01
2.006553e-01
1.731883e-01
1.450316e-01
1.163582e-01
8.733739e-02
5.816061e-02
2.900500e-02
3.422828e-01
3.213147e-01
2.990739e-01
2.756026e-01
2.510228e-01
2.254130e-01
1.988265e-01
1.713912e-01
1.432830e-01
1.146797e-01
8.580198e-02
5.689725e-02
2.821127e-02
3.415080e-01
3.195402e-01
2.965840e-01
2.728045e-01
2.482649e-01
2.227592e-01
1.962124e-01
1.688137e-01
1.407407e-01
1.121623e-01
1.363316e-01
1.170675e-01
9.742604e-02
7.748308e-02
5.727460e-02
3.689126e-02
8.335035e-02
5.478152e-02
2.680351e-02
3.401148e-01
3.159652e-01
2.922728e-01
2.687224e-01
2.446950e-01
2.192779e-01
1.927124e-01
1.654009e-01
1.373631e-01
1.086218e-01
7.947091e-02
5.122221e-02
2.448297e-02
3.430170e-01
3.203609e-01
2.891137e-01
2.612528e-01
3.369040e-01
3.076137e-01
2.852950e-01
2.648003e-01
2.405805e-01
2.147821e-01
1.882448e-01
1.614010e-01
1.333535e-01
1.041422e-01
7.250668e-02
4.430143e-02
2.304883e-02
2.285445e-02
2.886857e-02
4.927451e-02
2.262839e-02
3.850057e-02
5.846567e-02
7.758697e-02
2.791690e-02
4.887475e-02
6.814741e-02
8.769228e-02
1.068046e-01
3.548803e-01
3.548803e-01
3.548803e-01
3.548803e-01
3.548803e-01
3.548803e-01
3.548803e-01
3.548803e-01
3.548803e-01
3.548803e-01
3.548803e-01
3.548803e-01
3.548803e-01
3.548803e-01
3.548803e-01
3.548803e-01
3.548803e-01
3.548803e-01
3.548803e-01
3.548803e-01
3.548803e-01
3.548803e-01
3.548803e-01
3.548803e-01
3.548803e-01
3.548803e-01
3.548803e-01
3.548803e-01
3.548803e-01
3.548803e-01
3.548803e-01
3.548803e-01
3.548803e-01
-6.938894e-18
-6.938894e-18
-6.938894e-18
-6.938894e-18
-6.938894e-18
-6.938894e-18
-6.938894e-18
-6.938894e-18
-6.938894e-18
-6.938894e-18
-6.938894e-18
-6.938894e-18
-6.938894e-18
-6.938894e-18
-6.938894e-18
-6.938894e-18
-6.938894e-18
-6.938894e-18
-6.938894e-18
-6.938894e-18
-6.938894e-18
-6.938894e-18
-6.938894e-18
-6.938894e-18
-6.938894e-18
-6.938894e-18
-6.938894e-18
-6.938894e-18
-6.938894e-18
-6.938894e-18
-6.938894e-18
-6.938894e-18
-6.938894e-18
2.124585e-01
1.744354e-01
2.248820e-01
2.267893e-01
2.265938e-01
1.993120e-01
2.284528e-01
2.039129e-01
5.179484e-02
7.014126e-02
8.043501e-02
9.899741e-02
1.106259e-01
1.264618e-01
1.341743e-01
1.419972e-01
1.470043e-01
1.628227e-01
1.649665e-01
1.748191e-01
1.822421e-01
1.892216e-01
3.738507e-02
2.351101e-02
1.913575e-01
1.975801e-01
2.026821e-01
2.097923e-01
2.066534e-01
2.467152e-01
2.304085e-01
2.482386e-01
2.628127e-01
2.564418e-01
2.673901e-01
2.807168e-01
2.859805e-01
3.062411e-01
1.940756e-01
2.167931e-01
2.420223e-01
1.331428e-01
1.644428e-01
1.933984e-01
2.177926e-01
1.968640e-01
2.221378e-01
2.506648e-01
1.231703e-01
6.686418e-02
5.040328e-02
2.976478e-02
2.632843e-01
1.252240e-01
2.691918e-01
1.276626e-01
2.682146e-01
1.316801e-01
1.626961e-01
1.919752e-01
2.181882e-01
1.978797e-01
2.228839e-01
2.506028e-01
1.320891e-01
2.674938e-01
6.929750e-02
9.845493e-02
1.000911e-01
1.358180e-01
1.338625e-01
1.197047e-01
1.794476e-01
1.634422e-01
1.513774e-01
1.404159e-01
2.160021e-01
1.971733e-01
1.822794e-01
1.684611e-01
1.673946e-01
3.153793e-01
3.145119e-01
2.934773e-01
2.921407e-01
2.945878e-01
9.786011e-02
8.115010e-02
6.220185e-02
4.199459e-02
2.495835e-02
2.458297e-01
2.642294e-01
2.698290e-01
2.750095e-01
2.294369e-01
2.422343e-01
2.500545e-01
2.549863e-01
1.813637e-01
2.334909e-01
2.114463e-01
1.917151e-01
2.260007e-02
2.728931e-02
4.933918e-02
3.202674e-02
5.718342e-02
7.962124e-02
1.425495e-01
2.284114e-02
4.020135e-02
6.407971e-02
8.874087e-02
1.148950e-01
1.408616e-02
2.571633e-02
4.678224e-02
6.965200e-02
9.512554e-02
1.200759e-01
1.498216e-01
1.649878e-01
3.355784e-01
3.149576e-01
3.337246e-01
1.332108e-01
1.141410e-01
9.468946e-02
7.426407e-02
5.292095e-02
2.843954e-02
2.764578e-01
2.944228e-01
3.124124e-01
3.292463e-01
3.410024e-01
2.298285e-01
2.526633e-01
2.723224e-01
2.910390e-01
3.085586e-01
3.241539e-01
3.388595e-01
2.961452e-02
5.787190e-02
8.771032e-02
1.178120e-01
1.471274e-01
1.734895e-01
1.995453e-01
2.299974e-01
2.560225e-01
2.815431e-01
3.064817e-01
3.299411e-01
2.073141e-01
2.280236e-01
2.492405e-01
2.688714e-01
2.873507e-01
3.054737e-01
3.217609e-01
3.347105e-01
2.677544e-01
2.929720e-01
3.194629e-01
3.146532e-02
6.304697e-02
9.422809e-02
1.238669e-01
1.513208e-01
1.769965e-01
2.022335e-01
2.270813e-01
2.521945e-01
2.773694e-01
3.027533e-01
3.289000e-01
3.741073e-02
5.955604e-02
9.739280e-02
3.443899e-02
6.985305e-02
1.028539e-01
1.288098e-01
1.568805e-01
1.842860e-01
2.102717e-01
2.353081e-01
2.602608e-01
2.852300e-01
3.093430e-01
3.327012e-01
2.564146e-02
4.870495e-02
7.642175e-02
1.086030e-01
1.412363e-01
1.751781e-01
2.077211e-01
2.385725e-01
2.684951e-01
2.919207e-01
3.114432e-01
3.347157e-01
2.826819e-01
3.078552e-01
3.277806e-01
2.698927e-02
5.594362e-02
8.620356e-02
1.168548e-01
1.470518e-01
1.759059e-01
2.040529e-01
2.315115e-01
2.586437e-01
2.846054e-01
3.084597e-01
3.314580e-01
1.571050e-01
1.871867e-01
2.071869e-01
1.579870e-01
2.349000e-01
2.856720e-02
5.442410e-02
8.812614e-02
2.956251e-02
6.273367e-02
9.536201e-02
1.218021e-01
1.516031e-01
1.813461e-01
2.123541e-01
2.401814e-01
2.624737e-01
2.866085e-01
3.101504e-01
3.328742e-01
2.881448e-01
3.115233e-01
3.337895e-01
2.986704e-02
6.143289e-02
9.406895e-02
1.247161e-01
1.505119e-01
1.826442e-01
2.138975e-01
2.408478e-01
2.660586e-01
2.898877e-01
3.126747e-01
3.344843e-01
1.501407e-01
1.791664e-01
2.177286e-01
2.484686e-01
3.064878e-02
5.827152e-02
9.258348e-02
2.147546e-01
2.395629e-01
2.606067e-01
2.802270e-01
2.986861e-01
3.163417e-01
3.323780e-01
3.188430e-02
6.715018e-02
1.010950e-01
1.267110e-01
1.587928e-01
1.956377e-01
2.225308e-01
2.450465e-01
2.685063e-01
2.911532e-01
3.133308e-01
3.346357e-01
2.916048e-01
3.136845e-01
3.348414e-01
1.542746e-01
1.801899e-01
2.138790e-01
2.459819e-01
3.232117e-02
6.153351e-02
9.469895e-02
3.191382e-02
6.758753e-02
1.012859e-01
1.272144e-01
1.589841e-01
1.925221e-01
2.168015e-01
2.420314e-01
2.682367e-01
2.916404e-01
3.141195e-01
3.353783e-01
2.920604e-01
3.148643e-01
3.358771e-01
2.920229e-02
5.597702e-02
3.366643e-01
9.772957e-02
3.645843e-02
7.526685e-02
1.043797e-01
1.281659e-01
1.516467e-01
1.797385e-01
2.081593e-01
2.381679e-01
2.674987e-01
2.935550e-01
3.167559e-01
3.370246e-01
2.414846e-02
4.826472e-02
7.601030e-02
1.085595e-01
1.411218e-01
1.753913e-01
2.078610e-01
2.401850e-01
2.713362e-01
2.978017e-01
3.213752e-01
3.400953e-01
2.779818e-01
3.044379e-01
3.326458e-01
2.810830e-02
5.751931e-02
8.724486e-02
1.831352e-01
1.659730e-01
1.482546e-01
1.284413e-01
1.072841e-01
8.587576e-02
6.126846e-02
3.281640e-02
1.993534e-02
1.178666e-01
1.491419e-01
1.788801e-01
2.063811e-01
2.326065e-01
2.582136e-01
2.839466e-01
3.092930e-01
3.333398e-01
1.620032e-01
1.909471e-01
2.161581e-01
2.417114e-01
2.755815e-02
6.382653e-02
2.475652e-01
2.672304e-01
2.861323e-01
3.040494e-01
3.204630e-01
3.367751e-01
1.005417e-01
3.517361e-02
6.783930e-02
9.493904e-02
1.254072e-01
1.564804e-01
1.897506e-01
2.168827e-01
2.389304e-01
2.635447e-01
2.884719e-01
3.125553e-01
3.348751e-01
2.924107e-01
3.152350e-01
3.355952e-01
4.559832e-02
7.889911e-02
1.066940e-01
3.698662e-02
7.742094e-02
1.107008e-01
1.362992e-01
1.668944e-01
1.944149e-01
2.176365e-01
2.441320e-01
2.725714e-01
2.981056e-01
3.163841e-01
3.359529e-01
3.369237e-01
3.222752e-01
3.333545e-01
3.160074e-01
2.995513e-01
3.392739e-01
2.750508e-01
2.926274e-01
3.101109e-01
3.267897e-01
0.000000e+00
0.000000e+00
0.000000e+00
0.000000e+00
0.000000e+00
0.000000e+00
0.000000e+00
0.000000e+00
0.000000e+00
0.000000e+00
0.000000e+00
0.000000e+00
0.000000e+00
0.000000e+00
0.000000e+00
0.000000e+00
0.000000e+00
0.000000e+00
0.000000e+00
0.000000e+00
0.000000e+00
0.000000e+00
0.000000e+00
0.000000e+00
0.000000e+00
0.000000e+00
0.000000e+00
0.000000e+00
0.000000e+00
0.000000e+00
0.000000e+00
1.000000e+00
1.000000e+00
1.000000e+00
1.000000e+00
1.000000e+00
1.000000e+00
1.000000e+00
1.000000e+00
1.000000e+00
1.000000e+00
1.000000e+00
1.000000e+00
1.000000e+00
1.000000e+00
1.000000e+00
1.000000e+00
1.000000e+00
1.000000e+00
1.000000e+00
1.000000e+00
1.000000e+00
1.000000e+00
1.000000e+00
1.000000e+00
1.000000e+00
1.000000e+00
1.000000e+00
1.000000e+00
1.000000e+00
1.000000e+00
9.721381e-01
9.437376e-01
9.144410e-01
8.833781e-01
8.542451e-01
8.257687e-01
7.946848e-01
7.610392e-01
7.273008e-01
6.953507e-01
6.660358e-01
6.370349e-01
6.073915e-01
5.773939e-01
5.471101e-01
5.166339e-01
4.859286e-01
4.549875e-01
4.237701e-01
3.924277e-01
3.623788e-01
3.341566e-01
3.057738e-01
2.767079e-01
2.474870e-01
2.180491e-01
1.884307e-01
1.615139e-01
1.333574e-01
1.017643e-01
6.943370e-02
3.995239e-02
1.580033e-02
1.925844e-02
5.807874e-02
8.681970e-02
1.184757e-01
1.502269e-01
1.787181e-01
2.086012e-01
2.375758e-01
2.807877e-01
3.053730e-01
3.294186e-01
3.588194e-01
3.930778e-01
4.315307e-01
4.644505e-01
4.878836e-01
5.152921e-01
5.428799e-01
5.674288e-01
5.982304e-01
6.359561e-01
6.664132e-01
6.944991e-01
7.329509e-01
7.659588e-01
7.892855e-01
8.137709e-01
8.425317e-01
8.713428e-01
8.966896e-01
9.245747e-01
9.592009e-01
9.833885e-01
9.028324e-01
8.754901e-01
8.941750e-01
8.515145e-01
2.155745e-01
1.591279e-01
1.271795e-01
1.119246e-01
8.843241e-02
8.259798e-02
9.543588e-01
9.302115e-01
9.295208e-01
9.343011e-01
1.679024e-02
8.496506e-01
8.202153e-01
8.346100e-01
8.164579e-01
8.124419e-01
8.355194e-01
8.060582e-01
8.589248e-01
8.303958e-01
8.012694e-01
8.824975e-01
8.546411e-01
2.080084e-02
3.882531e-02
8.262565e-01
7.972767e-01
9.059078e-01
8.788383e-01
8.512937e-01
8.229201e-01
7.932080e-01
9.150111e-01
8.870047e-01
8.566872e-01
8.185646e-01
7.863645e-01
8.813210e-01
8.603121e-01
8.277576e-01
7.922371e-01
1.875110e-01
1.629286e-01
1.829746e-01
1.454372e-01
2.084168e-01
1.751884e-01
1.510600e-01
1.234834e-01
1.853679e-01
2.254057e-02
4.356131e-02
6.379607e-02
8.628031e-02
1.476610e-01
1.273269e-01
1.023898e-01
2.082659e-01
1.903219e-01
1.683762e-01
1.974353e-01
1.460012e-01
2.019760e-01
1.736169e-01
2.058353e-01
1.780689e-01
1.510824e-01
1.238803e-01
2.096537e-01
1.820701e-01
1.551040e-01
1.310663e-01
1.022608e-01
7.434762e-02
6.188006e-02
5.488704e-02
9.443658e-01
9.720316e-01
9.199485e-01
9.449969e-01
9.717706e-01
8.714052e-01
8.945226e-01
9.180786e-01
9.430562e-01
9.698389e-01
9.806589e-01
8.490003e-01
2.398926e-02
4.633498e-02
6.748185e-02
8.812959e-02
1.080572e-01
8.688919e-01
8.912240e-01
9.145542e-01
9.377449e-01
9.573037e-01
9.763256e-01
8.063893e-01
8.228186e-01
8.419475e-01
8.638814e-01
8.868424e-01
9.098556e-01
9.317001e-01
9.519650e-01
9.652866e-01
9.750748e-01
9.540635e-01
9.716009e-01
9.481026e-01
9.291536e-01
9.658940e-01
9.407634e-01
9.186613e-01
8.993998e-01
8.401087e-01
9.725479e-01
9.536746e-01
9.315720e-01
9.089301e-01
8.865893e-01
8.660401e-01
7.939769e-01
7.966961e-01
7.849298e-01
7.877824e-01
9.783717e-01
9.687351e-01
9.434078e-01
9.162691e-01
9.022879e-01
8.736535e-01
8.536112e-01
8.383136e-01
8.154983e-01
7.809044e-01
7.874020e-01
7.809275e-01
7.758777e-01
7.716972e-01
7.679550e-01
7.642398e-01
7.623447e-01
2.612492e-02
4.938491e-02
7.125391e-02
9.238824e-02
1.130396e-01
1.331598e-01
1.543544e-01
7.636665e-01
7.640480e-01
7.621888e-01
7.591193e-01
7.599015e-01
7.568789e-01
7.536059e-01
7.494469e-01
7.455229e-01
7.420096e-01
7.388721e-01
7.363530e-01
7.350151e-01
7.346950e-01
7.339329e-01
7.323263e-01
7.306302e-01
7.296018e-01
7.259539e-01
7.219512e-01
7.184701e-01
7.152680e-01
7.123606e-01
7.098280e-01
7.078199e-01
7.064432e-01
7.054413e-01
7.042654e-01
7.027578e-01
7.010722e-01
6.990272e-01
6.932385e-01
6.905538e-01
6.877606e-01
6.851064e-01
6.826810e-01
6.805432e-01
6.787604e-01
6.773106e-01
6.760251e-01
6.746603e-01
6.731024e-01
6.713020e-01
6.690578e-01
6.626289e-01
6.597317e-01
6.572582e-01
6.550021e-01
6.529117e-01
6.510239e-01
6.493546e-01
6.478701e-01
2.670714e-02
5.000596e-02
7.408202e-02
9.722811e-02
1.193304e-01
1.410975e-01
1.620601e-01
1.798654e-01
1.971618e-01
6.464595e-01
6.449925e-01
6.433786e-01
6.415465e-01
6.394154e-01
6.313236e-01
6.288670e-01
6.268537e-01
6.249249e-01
6.230706e-01
6.213305e-01
6.197287e-01
6.182297e-01
6.167620e-01
6.152390e-01
6.135883e-01
6.117536e-01
6.096854e-01
5.989407e-01
5.980713e-01
5.966066e-01
5.949197e-01
5.931933e-01
5.915318e-01
5.899597e-01
5.884550e-01
5.869570e-01
5.853984e-01
5.837188e-01
5.818599e-01
5.797673e-01
5.688022e-01
3.132384e-02
5.403531e-02
7.581498e-02
9.706332e-02
1.181885e-01
1.384485e-01
1.597738e-01
1.818817e-01
5.681331e-01
5.667170e-01
5.650367e-01
5.633247e-01
5.616721e-01
5.601054e-01
5.585894e-01
5.570692e-01
5.554809e-01
5.537603e-01
5.518459e-01
5.496580e-01
5.407808e-01
5.390118e-01
5.371450e-01
5.352707e-01
5.334690e-01
5.317852e-01
5.301993e-01
5.286677e-01
5.271235e-01
5.254981e-01
5.237215e-01
5.217140e-01
5.193833e-01
5.126223e-01
5.100543e-01
5.076725e-01
5.055315e-01
5.036161e-01
5.018797e-01
5.002707e-01
4.987161e-01
4.971428e-01
4.954713e-01
4.936167e-01
4.914832e-01
4.889538e-01
4.845632e-01
4.809803e-01
4.780937e-01
4.757401e-01
4.737410e-01
4.719732e-01
4.703409e-01
4.687627e-01
4.671530e-01
4.654254e-01
4.634776e-01
4.611852e-01
4.583958e-01
4.560442e-01
4.513584e-01
4.482246e-01
4.458433e-01
4.438540e-01
4.420887e-01
4.404450e-01
4.388375e-01
4.371863e-01
4.353964e-01
4.333518e-01
4.308867e-01
4.277745e-01
4.245734e-01
4.206912e-01
4.180188e-01
4.158786e-01
4.140088e-01
4.122822e-01
4.106272e-01
2.472093e-02
4.845103e-02
7.151774e-02
9.379649e-02
1.154833e-01
1.363224e-01
1.551791e-01
1.637703e-01
4.089834e-01
4.072795e-01
4.054321e-01
4.033086e-01
4.007081e-01
3.972822e-01
3.914523e-01
3.895759e-01
3.877546e-01
3.860193e-01
3.843193e-01
3.826349e-01
3.809530e-01
3.792478e-01
3.774799e-01
3.755781e-01
3.734320e-01
3.708172e-01
3.673473e-01
3.596894e-01
3.590230e-01
3.578758e-01
3.564993e-01
3.549378e-01
3.532479e-01
3.514927e-01
3.496900e-01
3.478248e-01
3.458774e-01
3.437727e-01
3.413312e-01
3.381774e-01
3.300664e-01
3.294250e-01
3.286502e-01
3.275565e-01
3.260081e-01
3.242084e-01
3.223190e-01
3.203617e-01
3.183516e-01
3.163311e-01
3.143418e-01
3.122580e-01
3.094626e-01
3.018719e-01
3.003819e-01
3.002796e-01
2.994262e-01
2.975952e-01
2.955487e-01
2.934996e-01
2.913225e-01
2.890627e-01
2.869024e-01
2.384290e-02
4.688518e-02
6.925351e-02
9.109288e-02
1.126057e-01
1.347653e-01
2.850781e-01
2.837675e-01
2.811401e-01
2.714602e-01
2.712557e-01
2.734319e-01
2.723200e-01
2.694255e-01
2.672772e-01
2.651657e-01
2.626125e-01
2.599248e-01
2.574404e-01
2.557274e-01
2.566688e-01
2.536859e-01
2.033679e-01
2.119080e-01
2.193516e-01
2.182901e-01
2.355883e-01
2.435617e-01
2.502870e-01
2.449008e-01
2.407786e-01
2.397856e-01
2.375643e-01
2.341331e-01
2.308680e-01
2.276511e-01
2.247392e-01
2.338663e-01
2.259199e-01
2.087335e-02
4.377175e-02
2.207185e-02
8.683866e-02
6.599705e-02
4.453208e-02
2.253373e-02
1.101796e-01
8.895726e-02
6.744303e-02
4.555606e-02
2.310905e-02
3.062621e-02
5.767013e-02
8.652242e-02
1.182108e-01
1.499941e-01
1.785107e-01
2.060393e-01
2.347052e-01
2.601613e-01
3.034855e-01
3.404441e-01
3.686234e-01
3.909903e-01
4.132632e-01
4.456195e-01
4.841939e-01
5.122303e-01
5.411363e-01
5.780323e-01
6.089069e-01
6.340449e-01
6.641375e-01
6.914047e-01
7.139048e-01
7.471910e-01
7.874478e-01
8.154740e-01
8.442327e-01
8.723148e-01
8.963422e-01
9.224396e-01
9.464487e-01
9.737940e-01
2.687452e-02
5.512751e-02
8.617232e-02
1.185988e-01
1.477458e-01
1.747002e-01
2.047199e-01
2.343694e-01
2.638692e-01
2.930560e-01
3.221884e-01
3.491907e-01
3.781305e-01
4.097849e-01
4.412977e-01
4.723924e-01
5.032917e-01
5.338741e-01
5.643120e-01
5.945008e-01
6.243080e-01
6.537744e-01
6.816931e-01
7.121144e-01
7.465474e-01
7.801688e-01
8.113404e-01
8.403077e-01
8.676842e-01
8.989453e-01
9.301378e-01
9.587336e-01
9.837438e-01
1.523123e-01
9.283186e-01
9.210528e-01
8.829575e-01
1.323401e-01
1.200998e-01
1.073901e-01
8.856766e-02
8.379779e-01
8.590347e-01
8.344738e-01
8.684350e-01
8.339805e-01
8.963291e-01
8.628875e-01
8.293362e-01
9.195857e-01
8.922140e-01
8.557469e-01
8.221430e-01
9.598854e-01
8.482137e-01
2.274662e-02
4.349545e-02
8.757129e-01
9.070179e-01
9.398711e-01
8.572032e-01
8.306498e-01
9.077791e-01
8.449157e-01
8.612623e-01
8.846758e-01
8.329583e-01
8.572740e-01
8.400120e-01
8.664335e-01
8.380207e-01
7.789032e-01
7.820094e-01
7.817295e-01
7.105826e-01
7.082203e-01
7.094097e-01
7.118318e-01
6.633674e-01
6.667807e-01
6.708896e-01
5.887879e-01
2.438866e-02
4.679406e-02
6.688581e-02
5.849520e-01
4.966182e-01
4.984105e-01
4.366451e-01
4.375914e-01
3.776440e-01
3.767440e-01
3.826557e-01
3.871330e-01
3.363663e-01
3.403857e-01
3.432422e-01
2.639863e-01
2.559600e-01
1.787912e-01
1.904265e-01
1.613293e-01
1.954384e-01
1.618736e-01
1.355056e-01
1.997229e-01
1.707866e-01
1.419027e-01
1.134570e-01
2.074494e-01
1.762353e-01
1.473803e-01
1.224020e-01
9.316912e-02
1.913229e-01
1.625921e-01
2.029976e-01
1.726055e-01
1.436002e-01
2.647490e-02
5.035293e-02
7.215879e-02
9.181408e-02
1.103032e-01
2.043955e-01
1.832785e-01
1.511218e-01
1.227586e-01
1.794325e-01
1.546562e-01
1.279249e-01
1.013134e-01
6.647442e-02
8.051291e-02
6.037009e-02
4.385161e-02
9.772813e-01
9.510197e-01
9.738497e-01
9.229757e-01
9.455665e-01
9.708357e-01
9.786965e-01
8.759502e-01
8.956827e-01
9.162133e-01
9.393773e-01
9.669317e-01
8.276367e-01
8.477301e-01
8.673956e-01
8.862871e-01
9.062747e-01
9.304566e-01
9.509225e-01
9.771741e-01
9.710417e-01
9.669306e-01
9.423949e-01
3.016276e-02
5.493446e-02
7.785491e-02
9.940710e-02
1.192406e-01
1.360449e-01
9.747201e-01
9.576795e-01
9.358306e-01
9.147516e-01
8.936088e-01
9.785411e-01
9.695685e-01
9.466903e-01
9.265717e-01
9.060917e-01
8.862555e-01
8.654920e-01
8.123332e-01
8.072102e-01
8.047589e-01
8.023373e-01
7.973931e-01
7.892399e-01
8.034396e-01
8.116082e-01
8.041255e-01
8.107309e-01
8.042016e-01
8.093661e-01
9.715084e-01
9.521301e-01
9.359351e-01
9.163857e-01
8.961030e-01
8.760973e-01
8.600471e-01
8.377688e-01
7.807969e-01
7.802904e-01
7.798548e-01
7.780547e-01
7.748105e-01
7.747639e-01
7.720539e-01
7.666322e-01
7.606495e-01
7.574405e-01
7.568734e-01
7.553466e-01
7.542753e-01
7.530593e-01
7.512020e-01
7.165893e-01
7.011144e-01
7.143776e-01
7.456972e-01
7.393829e-01
7.483326e-01
7.415150e-01
7.371486e-01
7.345985e-01
7.339319e-01
7.307231e-01
7.278898e-01
7.280317e-01
7.251083e-01
7.197634e-01
6.848877e-01
6.727484e-01
6.778273e-01
6.813232e-01
6.797617e-01
6.783053e-01
6.878831e-01
6.985648e-01
7.004254e-01
7.042463e-01
6.953743e-01
6.875923e-01
6.740396e-01
6.654456e-01
6.574354e-01
6.507050e-01
6.474612e-01
6.511316e-01
6.513668e-01
6.483533e-01
6.438327e-01
6.394308e-01
6.423804e-01
6.433178e-01
6.408287e-01
6.358501e-01
6.329584e-01
5.827320e-01
5.900180e-01
5.815457e-01
1.905843e-02
5.892257e-01
5.901392e-01
5.836332e-01
5.933398e-01
6.206198e-01
6.164057e-01
6.264689e-01
6.205921e-01
6.164502e-01
6.152022e-01
6.111290e-01
6.195964e-01
6.143003e-01
6.106286e-01
6.073192e-01
6.060903e-01
5.811959e-01
5.781498e-01
5.767114e-01
5.600530e-01
5.574944e-01
5.613269e-01
5.574248e-01
5.487398e-01
5.586512e-01
5.583329e-01
5.595420e-01
5.559402e-01
5.518236e-01
5.482228e-01
5.452916e-01
4.873104e-01
4.949674e-01
5.031507e-01
5.067980e-01
4.984687e-01
4.914341e-01
5.029574e-01
2.857913e-02
5.290778e-02
7.490242e-02
9.616885e-02
1.166056e-01
1.354859e-01
1.516841e-01
5.297552e-01
5.255716e-01
5.349258e-01
5.266162e-01
5.194347e-01
5.286596e-01
5.357589e-01
5.319453e-01
5.274472e-01
5.222997e-01
5.180831e-01
5.148041e-01
4.924009e-01
4.877887e-01
4.845935e-01
4.264320e-01
4.414026e-01
4.419426e-01
4.475498e-01
4.363670e-01
4.313085e-01
4.430332e-01
4.674715e-01
4.637401e-01
4.750156e-01
4.663346e-01
4.600625e-01
4.695077e-01
4.728418e-01
4.768255e-01
4.687145e-01
4.620784e-01
4.570765e-01
4.525130e-01
4.313152e-01
4.268093e-01
4.221601e-01
3.771533e-01
3.739546e-01
1.791353e-01
3.834937e-01
4.041352e-01
4.076993e-01
4.160260e-01
4.068665e-01
3.994444e-01
4.103435e-01
4.083771e-01
4.138491e-01
4.051558e-01
4.006962e-01
3.979597e-01
3.959307e-01
3.513481e-01
3.437824e-01
3.497476e-01
3.512299e-01
3.491377e-01
3.493161e-01
3.614850e-01
3.735953e-01
3.726651e-01
3.707718e-01
3.706892e-01
3.741035e-01
3.423280e-01
3.414454e-01
3.447725e-01
3.199214e-01
3.211138e-01
3.230701e-01
2.150342e-02
4.190941e-02
6.236072e-02
8.445982e-02
1.065123e-01
1.286707e-01
1.484811e-01
1.662080e-01
1.871949e-01
3.218571e-01
3.192839e-01
3.151854e-01
3.144899e-01
3.159017e-01
3.145447e-01
3.126019e-01
3.107407e-01
3.081299e-01
2.581494e-01
2.515594e-01
2.692069e-01
2.615268e-01
2.573301e-01
2.671182e-01
2.575169e-02
4.904355e-02
7.080050e-02
9.132647e-02
1.106596e-01
1.285348e-01
2.672815e-01
2.892263e-01
2.986328e-01
2.951224e-01
2.926986e-01
2.888077e-01
2.846936e-01
2.943112e-01
2.894107e-01
2.856359e-01
2.829125e-01
2.794487e-01
2.731657e-01
2.543125e-01
2.497810e-01
2.419146e-01
2.030772e-01
2.058165e-01
2.169496e-01
2.320530e-01
2.354755e-01
2.434673e-01
2.332998e-01
2.274148e-01
2.248701e-01
2.406062e-01
2.322682e-01
2.232865e-01
2.299139e-01
2.206030e-01
2.119698e-01
4.366230e-02
2.242213e-02
6.498573e-02
4.470436e-02
2.299188e-02
1.055845e-01
2.406124e-02
4.648058e-02
6.747444e-02
8.695906e-02
1
1
1
1
1
1
1
1
1
1
1
1
1
1
1
1
1
1
1
1
1
1
1
1
1
1
1
1
1
2
2
2
2
2
2
2
2
2
2
2
2
2
2
2
2
2
2
2
2
2
2
2
2
2
2
2
2
3
3
3
3
3
3
3
3
3
3
3
3
3
3
3
3
3
3
3
3
3
3
3
3
3
3
3
3
3
3
3
3
3
3
3
3
3
3
3
3
3
3
3
3
3
3
3
3
3
3
3
3
3
3
3
3
3
3
3
3
3
3
3
3
3
3
3
3
3
3
3
3
3
3
3
3
3
3
3
3
3
3
3
3
3
3
3
3
3
3
3
3
3
3
3
3
3
3
3
3
3
3
3
3
3
3
3
3
3
3
3
3
3
3
3
3
3
3
3
3
3
3
3
3
3
3
3
3
3
3
3
3
3
3
3
3
3
3
3
3
3
3
3
3
3
3
3
3
3
3
3
3
3
3
3
3
3
3
3
3
3
3
3
3
3
3
3
3
3
3
3
3
3
3
3
3
3
3
3
3
3
3
3
3
3
3
3
3
3
3
3
3
3
3
3
3
3
3
3
3
3
3
3
3
3
3
3
3
3
3
3
3
3
3
3
3
3
3
3
3
3
3
3
3
3
3
3
3
3
3
3
3
3
3
3
3
3
3
3
3
3
3
3
3
3
3
3
3
3
3
3
3
3
3
3
3
3
3
3
3
3
3
3
3
3
3
3
3
3
3
3
3
3
3
3
3
3
3
3
3
3
3
3
3
3
3
3
3
3
3
3
3
3
3
3
3
3
3
3
3
3
3
3
3
3
3
3
3
3
3
3
3
3
3
3
3
3
3
3
3
3
3
3
3
3
3
3
3
3
3
3
3
3
3
3
3
3
3
3
3
3
3
3
3
3
3
3
3
3
3
3
3
3
3
3
3
3
3
3
3
3
3
3
3
3
3
3
3
3
3
3
3
3
3
3
3
3
3
3
3
3
3
3
3
3
3
3
3
3
3
3
3
3
3
3
3
3
3
3
3
3
3
3
3
3
3
3
3
3
3
3
3
3
3
3
3
3
3
3
3
3
3
3
3
3
3
3
3
3
3
3
3
3
3
3
3
3
3
3
3
3
3
3
3
3
3
3
3
3
3
3
3
3
3
3
3
3
3
3
3
3
3
3
3
3
3
3
3
3
3
3
3
3
3
3
3
3
3
3
3
3
3
3
3
3
3
3
3
3
3
3
3
3
3
3
3
3
3
3
3
3
3
3
3
3
3
3
3
3
3
3
3
3
3
3
3
3
3
3
3
3
3
3
3
3
3
3
3
3
3
3
3
3
3
3
3
3
3
3
3
3
3
3
3
3
3
3
3
3
3
3
3
3
3
3
3
3
3
3
3
3
3
3
3
3
3
3
3
3
3
3
3
3
3
3
3
3
3
3
3
3
3
3
3
3
3
3
3
3
3
3
3
3
3
3
3
3
3
3
3
3
3
3
3
3
3
3
3
3
3
3
3
3
3
3
3
3
3
3
3
3
3
3
3
3
3
3
3
3
3
3
3
3
3
3
3
3
3
3
3
3
3
3
3
3
3
3
3
3
3
3
3
3
3
3
3
3
3
3
3
3
3
3
3
3
3
3
3
3
3
3
3
3
3
3
3
3
3
3
3
3
3
3
3
3
3
3
3
3
3
3
3
3
3
3
3
3
3
3
3
3
3
3
3
3
3
3
3
3
3
3
3
3
3
3
3
3
3
3
3
3
3
3
3
3
3
3
3
3
3
3
3
3
3
3
3
3
3
3
3
3
3
3
3
3
3
3
3
3
3
3
3
3
3
3
3
3
3
3
3
3
3
3
3
3
3
3
3
3
3
3
3
3
3
3
3
3
3
3
3
3
3
3
3
3
3
3
3
3
3
3
3
3
3
3
3
3
3
3
3
3
3
3
3
3
3
3
3
3
3
3
3
3
3
3
3
3
3
3
3
3
3
3
3
3
3
3
3
3
3
3
3
3
3
3
3
3
3
3
3
3
3
3
3
3
3
3
3
3
3
3
3
3
3
3
3
3
3
3
3
3
3
3
3
3
3
3
3
3
3
3
3
3
3
3
3
3
3
3
3
3
3
3
3
3
3
3
3
3
3
3
3
3
3
3
3
3
3
3
3
3
3
3
3
3
3
3
3
3
3
3
3
3
3
3
3
3
3
3
3
3
3
3
3
3
3
3
3
3
3
3
3
3
3
3
3
3
3
3
3
3
3
3
3
3
3
3
3
3
3
3
3
3
3
3
3
3
3
3
3
3
3
3
3
3
3
3
3
3
3
3
3
3
3
3
3
3
3
3
4
4
4
4
4
4
4
4
4
4
4
4
4
4
4
4
4
4
4
4
4
4
4
4
4
4
4
4
4
4
4
4
4
4
4
4
4
4
4
4
4
4
4
4
4
4
4
4
4
4
4
4
4
4
4
4
4
4
4
4
4
4
4
4
4
4
4
4
5
5
5
5
5
5
5
5
5
5
5
5
5
5
5
5
5
5
5
5
5
5
5
5
5
5
5
5
5
5
5
5
5
5
5
5
5
5
5
5
5
5
5
5
5
5
5
5
5
5
5
5
5
5
5
5
5
5
5
5
5
5
5
5
5
5
5
5
5
5
5
5
5
5
5
5
5
5
5
5
5
5
5
5
5
5
5
5
5
5
5
5
5
5
5
5
5
5
5
5
5
5
5
5
5
5
5
5
5
5
5
5
5
5
5
5
5
5
5
5
5
5
5
5
5
5
5
5
5
5
5
5
5
5
5
5
5
5
5
5
5
5
5
5
5
5
5
5
5
5
5
5
5
5
5
5
5
5
5
5
5
5
5
5
5
5
5
5
5
5
5
5
5
5
5
5
5
5
5
5
5
5
5
5
5
5
5
5
5
5
5
5
5
5
5
5
5
5
5
5
5
5
5
5
5
5
5
5
5
5
5
5
5
5
5
5
5
5
5
5
5
5
5
5
5
5
5
5
5
5
5
5
5
5
5
5
5
5
5
5
5
5
5
5
5
5
5
5
5
5
5
5
5
5
5
5
5
5
5
5
5
5
5
5
5
5
5
5
5
5
5
5
5
5
5
5
5
5
5
5
5
5
5
5
5
5
5
5
5
5
5
5
5
5
5
5
5
5
5
5
5
5
5
5
5
5
5
5
5
5
5
5
5
5
5
5
5
5
5
5
5
5
5
5
5
5
5
5
5
5
5
5
5
5
5
5
5
5
5
5
5
5
5
5
5
5
5
5
5
5
5
5
5
5
5
5
5
5
5
5
5
5
5
5
5
5
5
5
5
5
5
5
5
5
5
5
5
5
5
5
5
5
5
5
5
5
5
5
5
5
5
5
5
5
5
5
5
5
5
5
5
5
5
5
5
5
5
5
5
5
5
5
5
5
5
5
5
5
5
5
5
5
5
5
5
5
5
5
5
5
5
5
5
5
5
5
5
5
5
5
5
5
5
5
5
5
5
5
5
5
5
5
5
5
5
5
5
5
5
5
5
5
5
5
5
5
5
5
5
5
5
5
5
5
5
5
5
5
5
5
5
5
5
5
5
5
5
5
5
5
5
5
5
5
5
5
5
5
5
5
5
5
5
5
5
5
5
5
5
5
5
5
5
5
5
5
5
5
5
5
5
5
5
5
5
5
5
5
5
5
5
5
5
5
5
5
5
5
5
5
5
5
5
5
5
5
5
5
5
5
5
5
5
5
5
5
5
5
5
5
5
5
5
5
5
5
5
5
5
5
5
5
5
5
5
5
5
5
5
5
5
5
5
5
5
5
5
5
5
5
5
5
5
5
5
5
5
5
5
5
5
5
5
5
5
5
5
5
5
5
5
5
5
5
5
5
5
5
5
5
5
5
5
5
5
5
5
5
5
5
5
5
5
5
5
5
5
5
5
5
5
5
5
5
5
5
5
5
5
5
5
5
5
5
5
5
5
5
5
5
5
5
5
5
5
5
5
5
5
5
5
5
5
5
5
5
5
5
5
5
5
5
5
5
5
5
5
5
5
5
5
5
5
5
5
5
5
5
5
5
5
5
5
5
5
5
5
5
5
5
5
5
5
5
5
5
5
5
5
5
5
5
5
5
5
5
5
5
5
5
5
5
5
5
5
5
5
5
5
5
5
5
5
5
5
5
5
5
5
5
5
5
5
5
5
5
5
5
5
5
5
5
5
5
5
5
5
5
5
5
5
5
5
5
5
5
5
5
5
5
5
5
5
5
5
5
5
5
5
5
5
5
5
5
5
5
5
5
5
5
5
5
5
5
5
5
5
5
5
5
5
5
5
5
5
5
5
5
5
5
5
5
5
5
5
5
5
5
5
5
5
5
5
5
5
5
5
5
5
5
5
5
5
5
5
5
5
5
5
5
5
5
5
5
5
5
5
5
5
5
5
5
5
5
5
5
5
5
5
5
5
5
5
5
5
5
5
5
5
5
5
5
5
5
5
5
5
5
5
5
5
5
5
5
5
5
5
5
5
5
5
5
5
5
5
5
5
5
5
5
5
5
5
5
5
5
5
5
6
6
6
6
6
6
6
6
6
6
6
6
6
6
6
6
6
6
6
6
6
6
6
6
6
6
6
6
6
6
6
6
6
6
6
6
6
6
6
6
6
6
6
6
6
6
6
6
6
6
6
6
6
6
6
6
6
6
6
6
6
6
6
6
6
6
6
6
13 19 14 
25 8 7 
26 25 7 
6 26 7 
30 29 3 
25 24 8 
14 19 18 
15 14 18 
31 15 18 
8 24 9 
31 1 15 
24 23 9 
20 19 13 
27 26 6 
5 27 6 
12 20 13 
3 29 4 
17 30 2 
30 3 2 
22 11 10 
23 22 10 
9 23 10 
11 22 21 
16 17 2 
12 11 21 
20 12 21 
27 5 28 
5 4 28 
4 29 28 
61 32 45 
48 61 45 
44 48 45 
50 42 51 
57 35 58 
56 37 36 
57 56 36 
35 57 36 
60 59 33 
52 51 41 
51 42 41 
42 50 43 
54 38 55 
52 41 40 
53 52 40 
39 53 40 
38 37 55 
43 50 49 
44 43 49 
48 44 49 
38 54 39 
54 53 39 
33 59 34 
55 37 56 
59 58 34 
58 35 34 
60 33 46 
47 60 46 
128 160 129 
160 161 129 
434 446 447 
435 434 447 
448 435 447 
468 448 447 
203 202 134 
186 135 134 
467 468 447 
446 467 447 
204 203 134 
159 160 128 
513 514 501 
500 513 501 
488 500 501 
489 488 501 
502 489 501 
514 502 501 
139 159 128 
140 139 128 
181 186 133 
306 318 319 
307 306 319 
320 307 319 
332 320 319 
331 332 319 
186 134 133 
134 202 133 
318 331 319 
233 219 232 
166 170 165 
202 201 133 
201 181 133 
137 206 136 
550 177 132 
177 181 132 
181 200 132 
95 16 2 
231 270 232 
122 231 232 
187 188 135 
186 187 135 
219 122 232 
200 551 132 
551 550 132 
464 443 455 
476 464 455 
475 476 455 
261 260 138 
260 239 138 
382 381 176 
141 140 130 
454 475 455 
378 377 206 
442 454 455 
377 207 206 
262 261 141 
443 442 455 
457 519 520 
458 457 520 
261 138 141 
192 554 194 
521 458 520 
568 521 520 
569 568 520 
519 569 520 
554 553 194 
529 528 545 
195 192 194 
271 272 149 
195 194 197 
546 529 545 
542 546 545 
541 542 545 
101 541 545 
102 101 545 
187 186 179 
179 186 178 
528 102 545 
186 181 178 
340 341 193 
343 344 189 
441 453 454 
344 557 189 
168 172 167 
442 441 454 
557 556 189 
556 555 189 
555 190 189 
190 343 189 
474 475 454 
46 33 62 
157 162 161 
336 337 207 
453 474 454 
398 386 385 
397 398 385 
376 397 385 
377 336 207 
140 128 130 
128 129 130 
364 376 385 
555 554 192 
190 555 192 
170 143 169 
143 265 169 
365 364 385 
386 365 385 
72 71 327 
265 264 169 
349 72 327 
264 263 169 
348 349 327 
341 342 191 
234 233 148 
326 348 327 
314 326 327 
71 314 327 
342 190 191 
190 192 191 
94 15 1 
192 195 191 
195 193 191 
434 422 421 
433 434 421 
420 433 421 
193 341 191 
408 420 421 
409 408 421 
148 233 147 
422 409 421 
233 232 147 
232 270 147 
270 271 147 
271 149 147 
149 148 147 
159 236 153 
263 164 165 
169 263 165 
236 235 153 
170 169 165 
197 194 196 
193 195 198 
296 284 276 
195 197 198 
295 296 276 
257 146 145 
146 266 145 
275 295 276 
467 479 480 
266 265 145 
265 143 145 
468 467 480 
481 468 480 
493 481 480 
166 165 130 
338 339 204 
492 493 480 
479 492 480 
210 215 211 
262 141 164 
165 164 130 
208 210 211 
263 262 164 
157 161 154 
209 208 211 
212 209 211 
216 212 211 
215 216 211 
284 256 172 
276 284 172 
168 276 172 
45 32 127 
181 201 200 
552 551 200 
164 141 130 
362 73 349 
361 362 349 
170 166 171 
348 361 349 
166 167 171 
167 172 171 
172 256 171 
73 72 349 
143 170 171 
237 159 139 
238 237 139 
362 374 375 
239 238 139 
187 179 180 
74 362 375 
179 176 180 
75 74 375 
176 381 180 
381 380 180 
162 157 158 
396 75 375 
395 396 375 
374 395 375 
62 33 240 
33 34 240 
484 483 496 
497 484 496 
509 497 496 
104 509 496 
105 104 496 
483 105 496 
120 119 269 
231 120 269 
270 231 269 
289 270 269 
119 289 269 
518 505 517 
536 518 517 
535 536 517 
516 535 517 
504 516 517 
505 504 517 
284 285 256 
201 197 196 
200 201 196 
552 200 196 
285 257 256 
381 382 281 
280 381 281 
223 280 281 
224 223 281 
282 224 281 
382 282 281 
342 461 462 
343 342 462 
463 343 462 
524 463 462 
461 524 462 
552 553 536 
535 552 536 
537 518 536 
553 537 536 
7 8 377 
277 7 377 
378 277 377 
553 552 196 
194 553 196 
8 336 377 
252 263 264 
253 252 264 
265 253 264 
311 323 324 
312 311 324 
325 312 324 
346 325 324 
345 346 324 
323 345 324 
407 395 394 
406 407 394 
393 406 394 
373 393 394 
374 373 394 
395 374 394 
8 9 336 
566 562 561 
565 566 561 
91 565 561 
92 91 561 
562 92 561 
466 446 445 
465 466 445 
444 465 445 
432 444 445 
433 432 445 
446 433 445 
355 367 368 
356 355 368 
369 356 368 
389 369 368 
388 389 368 
367 388 368 
361 374 362 
74 73 362 
291 271 290 
303 291 290 
302 303 290 
289 302 290 
270 289 290 
271 270 290 
118 117 302 
289 118 302 
315 303 302 
117 315 302 
529 511 510 
528 529 510 
509 528 510 
497 509 510 
498 497 510 
511 498 510 
416 415 428 
429 416 428 
441 429 428 
440 441 428 
427 440 428 
415 427 428 
266 255 254 
265 266 254 
253 265 254 
247 253 254 
248 247 254 
255 248 254 
197 201 202 
198 197 202 
203 198 202 
459 340 339 
458 459 339 
338 458 339 
390 370 369 
389 390 369 
357 356 369 
370 357 369 
426 438 439 
427 426 439 
440 427 439 
452 440 439 
451 452 439 
438 451 439 
347 348 326 
325 347 326 
313 325 326 
314 313 326 
135 137 136 
134 135 136 
228 236 237 
229 228 237 
238 229 237 
204 134 136 
380 379 188 
180 380 188 
546 542 543 
547 546 543 
548 547 543 
544 548 543 
187 180 188 
297 309 310 
298 297 310 
311 298 310 
323 311 310 
322 323 310 
309 322 310 
4 182 155 
3 4 155 
142 3 155 
156 142 155 
183 156 155 
182 183 155 
535 551 552 
205 204 136 
207 205 136 
251 262 263 
252 251 263 
432 433 420 
419 432 420 
407 419 420 
408 407 420 
307 295 294 
306 307 294 
293 306 294 
274 293 294 
275 274 294 
295 275 294 
433 446 434 
435 422 434 
497 485 484 
471 483 484 
472 471 484 
485 472 484 
288 287 300 
301 288 300 
313 301 300 
312 313 300 
299 312 300 
287 299 300 
236 228 227 
235 236 227 
226 235 227 
215 226 227 
11 12 569 
216 215 227 
228 216 227 
234 235 226 
107 106 470 
225 234 226 
214 225 226 
215 214 226 
525 537 538 
526 525 538 
539 526 538 
555 539 538 
554 555 538 
537 554 538 
503 516 504 
491 503 504 
492 491 504 
505 492 504 
171 256 144 
143 171 144 
145 143 144 
534 550 551 
535 534 551 
39 239 260 
38 39 260 
261 38 260 
257 145 144 
334 321 333 
100 99 283 
99 98 283 
355 334 333 
354 355 333 
332 354 333 
320 332 333 
321 320 333 
522 567 566 
523 522 566 
565 523 566 
567 562 566 
432 419 431 
444 432 431 
443 444 431 
430 443 431 
418 430 431 
419 418 431 
233 234 225 
219 233 225 
213 219 225 
63 62 241 
62 240 241 
214 213 225 
280 223 222 
279 280 222 
221 279 222 
183 221 222 
184 183 222 
223 184 222 
256 257 144 
175 178 177 
183 184 156 
95 142 156 
96 95 156 
184 96 156 
305 293 292 
304 305 292 
291 304 292 
272 291 292 
273 272 292 
293 273 292 
10 11 519 
11 569 519 
560 14 558 
559 560 558 
93 559 558 
94 93 558 
15 94 558 
283 98 282 
98 224 282 
14 15 558 
78 77 422 
435 78 422 
77 409 422 
296 309 297 
284 296 297 
285 284 297 
298 285 297 
544 175 177 
278 378 379 
279 278 379 
380 279 379 
113 112 376 
549 544 177 
330 318 317 
329 330 317 
316 329 317 
304 316 317 
77 76 409 
305 304 317 
318 305 317 
527 508 526 
539 527 526 
507 525 526 
508 507 526 
308 295 307 
320 308 307 
476 488 489 
477 476 489 
490 477 489 
502 490 489 
331 352 353 
332 331 353 
354 332 353 
366 354 353 
365 366 353 
352 365 353 
388 387 400 
401 388 400 
413 401 400 
412 413 400 
399 412 400 
387 399 400 
500 512 513 
532 514 513 
531 532 513 
512 531 513 
563 567 568 
564 563 568 
569 564 568 
567 521 568 
373 374 361 
360 373 361 
348 360 361 
515 502 514 
533 515 514 
532 533 514 
464 465 444 
443 464 444 
499 512 500 
487 499 500 
488 487 500 
119 118 289 
518 537 525 
506 518 525 
507 506 525 
534 515 533 
550 534 533 
549 550 533 
532 549 533 
213 122 219 
125 124 210 
424 425 412 
411 424 412 
399 411 412 
425 413 412 
305 318 306 
293 305 306 
550 549 177 
206 207 136 
280 279 380 
381 280 380 
135 188 137 
331 318 330 
352 331 330 
351 352 330 
329 351 330 
178 181 177 
151 149 152 
68 268 259 
288 68 259 
287 288 259 
258 287 259 
299 311 312 
325 313 312 
491 479 478 
490 491 478 
477 490 478 
465 477 478 
466 465 478 
479 466 478 
157 151 152 
71 70 314 
350 329 328 
115 350 328 
116 115 328 
315 116 328 
316 315 328 
451 472 452 
329 316 328 
45 127 209 
44 45 209 
212 44 209 
359 371 372 
371 392 372 
126 208 209 
127 126 209 
453 441 440 
452 453 440 
523 460 522 
521 567 522 
85 84 527 
459 521 522 
460 459 522 
182 221 183 
108 107 449 
436 108 449 
437 436 449 
365 386 366 
450 437 449 
470 450 449 
107 470 449 
2 3 142 
95 2 142 
221 220 278 
279 221 278 
277 378 278 
220 277 278 
429 441 442 
430 429 442 
443 430 442 
364 365 352 
158 157 152 
273 158 152 
532 531 548 
549 532 548 
544 549 548 
531 547 548 
414 427 415 
402 414 415 
403 402 415 
416 403 415 
322 334 335 
323 322 335 
345 323 335 
357 345 335 
356 357 335 
334 356 335 
346 347 325 
238 230 229 
217 228 229 
218 217 229 
230 218 229 
516 534 535 
104 103 509 
103 528 509 
406 405 418 
6 7 277 
419 406 418 
417 430 418 
405 417 418 
216 228 217 
212 216 217 
43 212 217 
403 390 402 
42 43 217 
218 42 217 
345 357 358 
346 345 358 
66 65 255 
359 346 358 
371 359 358 
370 371 358 
357 370 358 
482 494 495 
82 482 495 
88 87 344 
83 82 495 
508 83 495 
507 508 495 
494 507 495 
372 392 393 
541 384 542 
272 273 152 
393 405 406 
419 407 406 
149 272 152 
457 337 456 
519 457 456 
10 519 456 
9 10 456 
336 9 456 
337 336 456 
464 476 477 
465 464 477 
244 243 247 
248 244 247 
246 253 247 
243 246 247 
304 291 303 
316 304 303 
315 316 303 
569 12 564 
12 13 564 
274 273 293 
540 527 539 
556 540 539 
555 556 539 
392 371 391 
404 392 391 
403 404 391 
390 403 391 
370 390 391 
371 370 391 
67 66 249 
268 67 249 
267 268 249 
255 267 249 
66 255 249 
424 437 425 
426 413 425 
438 426 425 
437 438 425 
543 542 173 
460 341 340 
459 460 340 
506 505 518 
37 38 261 
250 37 261 
262 250 261 
175 543 173 
174 175 173 
286 285 298 
299 286 298 
311 299 298 
100 384 541 
101 100 541 
354 367 355 
356 334 355 
383 174 173 
384 383 173 
117 116 315 
341 461 342 
542 384 173 
485 486 473 
472 485 473 
452 472 473 
453 452 473 
474 453 473 
486 474 473 
360 348 347 
359 360 347 
346 359 347 
90 524 565 
91 90 565 
524 523 565 
68 67 268 
246 252 253 
530 547 531 
512 530 531 
499 498 511 
512 499 511 
530 512 511 
529 530 511 
109 108 436 
366 387 367 
354 366 367 
437 424 436 
387 388 367 
321 308 320 
81 80 469 
482 81 469 
481 482 469 
468 481 469 
448 468 469 
80 448 469 
252 245 251 
250 262 251 
36 250 251 
245 36 251 
287 258 286 
299 287 286 
257 285 286 
258 257 286 
481 494 482 
82 81 482 
176 175 174 
382 176 174 
463 344 343 
126 125 208 
125 210 208 
404 403 416 
417 404 416 
429 417 416 
86 85 540 
557 86 540 
556 557 540 
85 527 540 
559 92 562 
563 559 562 
567 563 562 
210 124 214 
215 210 214 
124 213 214 
308 309 296 
295 308 296 
414 413 426 
427 414 426 
461 523 524 
90 463 524 
267 255 266 
383 382 174 
150 148 151 
89 88 463 
90 89 463 
88 344 463 
154 150 151 
4 5 182 
423 424 411 
410 423 411 
398 410 411 
399 398 411 
401 413 414 
402 401 414 
405 392 404 
417 405 404 
553 554 537 
64 244 248 
65 64 248 
255 65 248 
35 36 245 
242 35 245 
246 242 245 
252 246 245 
5 6 220 
182 5 220 
221 182 220 
6 277 220 
157 154 151 
460 461 341 
530 546 547 
506 507 494 
493 506 494 
481 493 494 
364 352 351 
363 364 351 
350 363 351 
329 350 351 
110 109 423 
109 436 423 
436 424 423 
63 241 244 
460 523 461 
516 515 534 
271 291 272 
111 110 410 
64 63 244 
397 111 410 
398 397 410 
110 423 410 
564 13 560 
563 564 560 
559 563 560 
13 14 560 
401 389 388 
383 282 382 
121 120 231 
122 121 231 
386 399 387 
366 386 387 
338 337 457 
458 338 457 
497 498 485 
498 486 485 
243 242 246 
185 96 184 
223 185 184 
223 224 185 
224 98 185 
98 97 185 
97 96 185 
148 149 151 
466 479 467 
80 79 448 
446 466 467 
395 407 408 
396 395 408 
409 396 408 
475 487 488 
476 475 488 
114 363 350 
115 114 350 
372 373 360 
359 372 360 
123 122 213 
124 123 213 
386 398 399 
34 35 242 
240 34 242 
243 240 242 
41 42 218 
230 41 218 
241 240 243 
244 241 243 
106 105 483 
470 106 483 
471 470 483 
40 41 230 
234 148 150 
409 76 396 
76 75 396 
417 429 430 
450 451 438 
437 450 438 
372 393 373 
69 68 288 
301 69 288 
103 102 528 
93 92 559 
39 40 239 
40 230 239 
230 238 239 
450 470 471 
451 450 471 
472 451 471 
491 492 479 
314 301 313 
376 364 363 
113 376 363 
114 113 363 
527 84 508 
84 83 508 
402 390 389 
401 402 389 
87 86 557 
344 87 557 
283 282 383 
384 283 383 
43 44 212 
503 502 515 
516 503 515 
393 392 405 
321 322 309 
308 321 309 
112 111 397 
376 112 397 
505 506 493 
492 505 493 
521 459 458 
321 334 322 
487 474 486 
499 487 486 
498 499 486 
79 78 435 
474 487 475 
448 79 435 
100 283 384 
36 37 250 
490 502 503 
491 490 503 
530 529 546 
70 69 301 
314 70 301 
235 234 150 
153 235 150 
154 153 150 
339 340 199 
342 343 190 
204 339 199 
203 204 199 
275 276 168 
198 203 199 
193 198 199 
340 193 199 
141 138 140 
378 206 137 
379 378 137 
188 379 137 
239 139 140 
138 239 140 
162 167 131 
338 204 205 
337 338 205 
237 236 159 
207 337 205 
161 162 131 
129 161 131 
130 129 131 
168 167 163 
275 168 163 
274 275 163 
158 274 163 
162 158 163 
257 258 146 
258 259 146 
259 268 146 
268 267 146 
267 266 146 
167 162 163 
544 543 175 
179 178 175 
176 179 175 
166 130 131 
154 161 160 
153 154 160 
159 153 160 
167 166 131 
273 274 158 
571 96 572 
591 116 117 
592 591 117 
593 592 117 
118 593 117 
96 97 572 
583 582 107 
108 583 107 
109 110 585 
110 111 585 
581 106 107 
582 581 107 
127 32 61 
602 127 61 
111 586 585 
584 109 585 
590 589 115 
589 114 115 
599 124 125 
600 599 125 
601 600 125 
126 601 125 
127 602 126 
101 576 100 
602 601 126 
16 95 17 
574 99 100 
575 574 100 
576 575 100 
578 577 102 
577 576 102 
586 111 587 
576 101 102 
103 578 102 
593 118 594 
113 588 587 
112 113 587 
111 112 587 
594 119 595 
118 119 594 
598 123 599 
121 596 595 
120 121 595 
123 124 599 
119 120 595 
574 573 98 
99 574 98 
113 114 588 
114 589 588 
572 97 98 
573 572 98 
122 123 597 
123 598 597 
105 580 579 
104 105 579 
103 104 579 
578 103 579 
597 596 121 
584 583 108 
122 597 121 
109 584 108 
105 106 580 
17 95 570 
106 581 580 
590 115 591 
96 571 570 
95 96 570 
115 116 591 
641 640 636 
714 641 636 
872 852 871 
861 872 871 
859 861 871 
858 859 871 
870 858 871 
716 735 643 
735 737 643 
851 870 871 
852 851 871 
581 970 973 
580 581 973 
994 580 973 
643 736 642 
736 734 642 
993 994 973 
734 733 642 
972 993 973 
969 972 973 
31 18 603 
640 732 636 
737 736 643 
970 969 973 
642 733 640 
668 665 639 
1016 992 991 
1015 1016 991 
990 1015 991 
673 672 671 
667 668 639 
666 667 639 
663 666 639 
660 663 639 
789 673 671 
992 971 991 
661 660 639 
930 927 931 
1017 1016 701 
1016 998 701 
669 789 671 
670 669 671 
672 670 671 
998 1033 701 
1033 1034 701 
932 892 931 
936 918 690 
1034 1020 701 
935 936 690 
895 935 690 
1011 986 1010 
1020 1017 701 
785 808 674 
1007 1011 1010 
1000 1007 1010 
1009 1000 1010 
976 1009 1010 
986 976 1010 
808 809 674 
786 785 674 
988 989 697 
1026 1023 1027 
1000 1026 1027 
1007 1000 1027 
788 789 669 
1028 1007 1027 
1025 1028 1027 
1024 1025 1027 
1023 1024 1027 
787 788 669 
666 787 669 
667 666 669 
670 667 669 
914 895 690 
915 914 690 
812 800 811 
826 812 811 
825 826 811 
989 698 697 
698 965 697 
810 825 811 
965 964 697 
989 988 1013 
1014 989 1013 
997 1014 1013 
964 988 697 
888 877 688 
996 997 1013 
995 996 1013 
877 874 688 
874 873 688 
1012 995 1013 
873 861 688 
988 1012 1013 
861 887 688 
887 888 688 
622 621 862 
780 781 644 
752 780 644 
753 752 644 
48 602 61 
865 622 862 
866 865 862 
863 866 862 
880 863 862 
733 732 640 
898 930 689 
621 880 862 
918 915 690 
900 901 736 
737 900 736 
656 757 637 
909 898 689 
910 909 689 
892 910 689 
931 892 689 
930 931 689 
709 714 713 
732 731 636 
775 794 795 
776 775 795 
796 776 795 
1001 26 1044 
710 714 709 
1002 1001 1044 
1045 1002 1044 
1042 1045 1044 
797 796 672 
783 651 648 
782 783 648 
932 931 691 
931 927 691 
927 949 691 
949 950 691 
30 17 570 
29 30 570 
27 1042 1044 
950 921 691 
921 932 691 
853 842 683 
821 817 677 
822 821 677 
842 838 683 
26 27 1044 
833 834 677 
817 833 677 
768 775 769 
50 768 769 
760 50 769 
770 760 769 
978 977 738 
662 656 637 
47 635 60 
735 978 738 
838 837 683 
837 682 683 
977 899 738 
682 852 683 
852 853 683 
776 770 769 
775 776 769 
1034 1033 727 
731 713 636 
894 895 913 
981 980 711 
715 710 711 
1037 1036 717 
945 1037 717 
912 894 913 
887 912 913 
1035 1034 719 
784 655 651 
783 784 651 
720 717 719 
888 887 913 
914 888 913 
895 914 913 
717 1036 719 
661 662 637 
1036 1035 719 
796 795 668 
795 665 668 
665 794 638 
667 670 668 
670 672 668 
672 796 668 
720 719 728 
785 786 655 
784 785 655 
719 1034 728 
1034 727 728 
901 734 736 
727 731 728 
801 790 789 
800 801 789 
788 800 789 
965 966 696 
695 965 696 
923 922 952 
953 923 952 
953 695 696 
954 953 696 
966 954 696 
921 951 952 
922 921 952 
935 895 894 
934 935 894 
933 934 894 
893 933 894 
911 893 894 
912 911 894 
907 897 898 
908 907 898 
909 908 898 
929 930 898 
897 929 898 
999 1026 1000 
1008 999 1000 
1009 1008 1000 
619 618 896 
906 619 896 
907 906 896 
897 907 896 
928 897 896 
618 928 896 
982 981 707 
704 982 707 
995 1029 1030 
996 995 1030 
1031 996 1030 
706 704 707 
864 881 882 
710 706 707 
590 591 856 
908 883 882 
907 908 882 
881 907 882 
711 710 707 
981 711 707 
631 630 752 
653 661 637 
996 1031 1032 
997 996 1032 
998 997 1032 
1033 998 1032 
652 653 637 
757 652 637 
715 716 641 
649 653 652 
756 649 652 
757 756 652 
849 850 835 
834 849 835 
709 708 705 
706 709 705 
704 706 705 
703 704 705 
875 874 877 
878 875 877 
889 878 877 
888 889 877 
1046 1003 1045 
1041 1046 1045 
1042 1041 1045 
1003 1002 1045 
863 881 864 
866 863 864 
867 866 864 
868 867 864 
1025 703 705 
1042 1039 1041 
1040 1046 1041 
1038 1040 1041 
1039 1038 1041 
880 881 863 
1029 1025 705 
955 966 967 
956 955 967 
968 956 967 
971 968 967 
801 802 790 
1030 1029 705 
708 1030 705 
802 791 790 
851 850 870 
857 858 870 
869 857 870 
850 869 870 
867 868 848 
847 867 848 
833 847 848 
834 833 848 
618 617 928 
849 834 848 
868 849 848 
685 722 723 
686 685 723 
724 686 723 
764 724 723 
763 764 723 
722 763 723 
873 872 861 
694 951 693 
963 694 693 
886 887 861 
859 886 861 
749 755 756 
750 749 756 
757 750 756 
624 623 845 
962 963 693 
946 962 693 
950 946 693 
741 740 743 
744 741 743 
749 744 743 
748 749 743 
742 748 743 
740 742 743 
951 950 693 
651 654 650 
648 651 650 
1014 990 989 
761 601 759 
760 761 759 
49 760 759 
48 49 759 
602 48 759 
601 602 759 
611 610 999 
1008 611 999 
610 1026 999 
755 749 748 
754 755 748 
747 754 748 
742 747 748 
798 778 797 
777 796 797 
778 777 797 
647 648 650 
649 647 650 
588 589 879 
891 588 879 
890 891 879 
878 890 879 
876 878 879 
589 876 879 
932 933 893 
892 932 893 
910 892 893 
911 910 893 
613 612 974 
959 613 974 
960 959 974 
975 960 974 
1008 975 974 
612 1008 974 
653 649 650 
884 857 883 
909 884 883 
908 909 883 
686 659 658 
685 686 658 
19 685 658 
18 19 658 
603 18 658 
659 603 658 
938 941 939 
920 938 939 
585 920 939 
584 585 939 
942 584 939 
941 942 939 
906 881 880 
620 906 880 
621 620 880 
654 653 650 
576 577 1037 
710 709 706 
735 738 737 
832 847 833 
817 832 833 
586 917 920 
585 586 920 
919 938 920 
917 919 920 
975 1009 976 
961 975 976 
962 961 976 
986 962 976 
587 588 891 
917 587 891 
916 917 891 
890 916 891 
820 805 819 
577 578 1022 
817 820 819 
816 817 819 
815 816 819 
818 815 819 
1037 577 1022 
804 818 819 
805 804 819 
1018 994 993 
1017 1018 993 
992 1017 993 
972 992 993 
774 773 793 
794 774 793 
899 900 737 
773 792 793 
596 597 799 
791 596 799 
779 798 799 
597 779 799 
958 583 942 
957 958 942 
941 957 942 
583 584 942 
806 820 821 
807 806 821 
822 807 821 
820 817 821 
50 51 768 
774 775 768 
51 774 768 
738 899 737 
869 849 868 
646 648 647 
645 646 647 
754 645 647 
747 753 754 
824 825 810 
571 572 1040 
809 824 810 
633 632 742 
740 633 742 
632 747 742 
853 872 873 
854 853 873 
874 854 873 
855 854 874 
875 855 874 
998 1016 1015 
997 998 1015 
1014 997 1015 
990 1014 1015 
589 590 876 
875 878 876 
856 875 876 
590 856 876 
755 754 647 
649 755 647 
644 646 645 
58 59 741 
744 58 741 
983 984 767 
766 983 767 
726 766 767 
606 726 767 
607 606 767 
581 582 970 
984 607 767 
1019 579 994 
1018 1019 994 
579 580 994 
856 855 875 
940 941 938 
937 940 938 
919 937 938 
916 919 917 
586 587 917 
866 867 847 
846 866 847 
832 846 847 
899 25 1001 
900 899 1001 
1002 900 1001 
25 26 1001 
1040 572 1047 
625 624 830 
20 21 722 
626 625 830 
815 626 830 
816 815 830 
831 816 830 
845 831 830 
624 845 830 
1004 1047 1005 
903 1004 1005 
904 903 1005 
1006 904 1005 
1043 1006 1005 
1047 1043 1005 
765 724 764 
981 765 764 
980 981 764 
763 980 764 
857 884 885 
858 857 885 
859 858 885 
886 859 885 
911 886 885 
910 911 885 
884 910 885 
961 960 975 
1008 1009 975 
843 854 855 
844 843 855 
856 844 855 
615 943 947 
616 615 947 
925 616 947 
926 925 947 
948 926 947 
632 631 746 
631 752 746 
944 948 947 
943 944 947 
918 936 937 
919 918 937 
753 644 645 
832 817 816 
831 832 816 
886 912 887 
956 941 940 
955 956 940 
754 753 645 
804 805 782 
781 804 782 
727 1033 712 
805 783 782 
944 960 961 
946 944 961 
962 946 961 
916 918 919 
812 801 800 
911 912 886 
1047 1004 1046 
1040 1047 1046 
1004 1003 1046 
731 727 712 
1006 905 904 
713 731 712 
708 713 712 
963 962 986 
1031 708 712 
1032 1031 712 
823 809 808 
53 54 792 
822 823 808 
807 822 808 
785 807 808 
923 953 954 
924 923 954 
1033 1032 712 
966 955 954 
979 735 716 
980 979 716 
922 933 932 
921 922 932 
963 986 987 
964 963 987 
988 964 987 
1012 988 987 
1011 1012 987 
986 1011 987 
854 843 842 
853 854 842 
711 980 716 
839 838 842 
840 839 842 
843 840 842 
715 711 716 
1023 609 985 
609 608 985 
803 818 804 
781 803 804 
714 715 641 
884 909 910 
782 648 646 
849 869 850 
807 785 784 
806 807 784 
783 806 784 
969 970 958 
957 969 958 
582 583 958 
970 582 958 
774 794 775 
902 1004 903 
781 782 646 
644 781 646 
629 780 751 
630 629 751 
752 630 751 
780 752 751 
791 799 673 
790 791 673 
826 837 838 
827 826 838 
839 827 838 
605 604 687 
24 25 899 
1023 985 984 
985 608 984 
608 607 984 
977 24 899 
789 790 673 
797 672 673 
798 797 673 
799 798 673 
805 806 783 
660 653 654 
657 660 654 
765 981 982 
766 765 982 
983 766 982 
655 657 654 
651 655 654 
678 835 679 
823 678 679 
824 823 679 
1017 992 1016 
757 745 750 
744 749 750 
57 744 750 
56 57 750 
745 56 750 
594 814 829 
593 594 829 
841 593 829 
840 841 829 
828 840 829 
606 605 726 
814 828 829 
766 726 725 
765 766 725 
724 765 725 
687 724 725 
605 687 725 
726 605 725 
627 626 818 
803 627 818 
626 815 818 
680 824 679 
836 680 679 
591 592 841 
844 591 841 
843 844 841 
840 843 841 
592 593 841 
835 836 679 
657 663 660 
949 946 950 
661 653 660 
951 921 950 
687 659 686 
713 714 636 
724 687 686 
852 872 853 
642 640 641 
945 717 718 
905 945 718 
929 928 925 
926 929 925 
617 616 925 
928 617 925 
832 831 846 
865 866 846 
845 865 846 
831 845 846 
904 905 718 
803 781 780 
628 803 780 
629 628 780 
918 916 915 
721 904 718 
889 914 915 
890 889 915 
916 890 915 
1020 1034 1035 
1021 1020 1035 
1036 1021 1035 
881 906 907 
623 622 865 
845 623 865 
720 721 718 
57 58 744 
615 614 959 
943 615 959 
944 943 959 
610 609 1026 
609 1023 1026 
960 944 959 
614 613 959 
717 720 718 
702 704 703 
1022 1021 1036 
1037 1022 1036 
914 889 888 
762 22 860 
978 762 860 
977 978 860 
23 977 860 
22 23 860 
1024 702 703 
52 53 773 
774 52 773 
53 792 773 
628 627 803 
761 760 770 
771 761 770 
777 771 770 
776 777 770 
594 595 814 
813 828 814 
802 813 814 
595 802 814 
956 957 941 
1025 1024 703 
824 809 823 
955 940 692 
1029 1028 1025 
573 1006 1043 
572 573 1043 
1047 572 1043 
923 934 933 
922 923 933 
575 576 945 
574 575 945 
905 574 945 
576 1037 945 
935 934 923 
924 935 923 
828 827 839 
840 828 839 
1006 574 905 
813 827 828 
595 596 791 
802 595 791 
745 757 758 
51 52 774 
55 745 758 
54 55 758 
954 955 692 
924 954 692 
1003 902 901 
1002 1003 901 
900 1002 901 
936 924 692 
937 936 692 
1018 1017 1020 
49 50 760 
1021 1018 1020 
1003 1004 902 
940 937 692 
868 864 684 
762 979 763 
722 762 763 
979 980 763 
599 600 772 
598 599 772 
779 598 772 
778 779 772 
771 778 772 
600 771 772 
612 611 1008 
869 868 684 
573 574 1006 
928 929 897 
634 633 740 
820 806 805 
28 1039 1042 
27 28 1042 
857 869 684 
883 857 684 
972 971 992 
597 598 779 
778 798 779 
600 601 761 
771 600 761 
882 883 684 
864 882 684 
927 926 948 
949 927 948 
946 949 948 
944 946 948 
968 957 956 
978 979 762 
21 22 762 
722 21 762 
968 969 957 
756 755 649 
734 902 730 
620 619 906 
733 734 730 
826 825 837 
570 571 1038 
1039 570 1038 
571 1040 1038 
971 972 968 
972 969 968 
930 929 927 
929 926 927 
856 591 844 
19 20 685 
20 722 685 
729 733 730 
924 936 935 
771 777 778 
28 29 1039 
29 570 1039 
827 812 826 
23 24 977 
578 579 1019 
1022 578 1019 
1021 1022 1019 
1018 1021 1019 
55 56 745 
777 776 796 
813 802 801 
746 752 753 
747 746 753 
878 889 890 
604 603 659 
687 604 659 
632 746 747 
813 801 812 
827 813 812 
721 729 730 
903 721 730 
902 903 730 
677 834 678 
822 677 678 
823 822 678 
834 835 678 
643 642 641 
729 732 733 
825 824 680 
716 643 641 
836 837 680 
837 825 680 
639 665 638 
698 990 699 
966 698 699 
967 966 699 
971 967 699 
795 794 665 
661 639 638 
991 971 699 
990 991 699 
903 904 721 
720 729 721 
741 59 739 
740 741 739 
634 740 739 
635 634 739 
60 635 739 
59 60 739 
664 663 657 
655 664 657 
792 54 656 
662 792 656 
758 757 656 
54 758 656 
786 787 664 
655 786 664 
666 663 664 
787 666 664 
983 704 702 
984 983 702 
1023 984 702 
1024 1023 702 
952 951 694 
695 952 694 
964 695 694 
963 964 694 
662 661 638 
901 902 734 
793 792 662 
793 662 638 
794 793 638 
979 978 735 
682 836 681 
851 682 681 
851 852 682 
850 851 681 
837 836 682 
835 850 681 
836 835 681 
728 732 729 
720 728 729 
675 810 676 
787 675 676 
788 787 676 
800 788 676 
811 800 676 
953 952 695 
810 811 676 
964 965 695 
1012 1011 700 
983 982 704 
995 1012 700 
1029 995 700 
1028 1029 700 
1007 1028 700 
1011 1007 700 
809 810 675 
674 809 675 
786 674 675 
787 786 675 
989 990 698 
709 713 708 
966 965 698 
1031 1030 708 
731 732 728 
714 710 715 
617 80 616 
84 613 83 
64 633 63 
81 615 616 
80 81 616 
615 82 614 
635 46 62 
634 635 62 
63 634 62 
82 83 614 
83 613 614 
63 633 634 
94 603 93 
88 608 609 
87 88 609 
610 87 609 
605 92 604 
92 93 604 
74 623 73 
93 603 604 
81 82 615 
624 72 73 
623 624 73 
619 77 78 
618 619 78 
79 618 78 
605 606 91 
84 612 613 
92 605 91 
627 69 70 
626 627 70 
71 626 70 
625 72 624 
76 620 621 
622 75 621 
75 76 621 
608 89 607 
47 46 635 
603 94 31 
90 606 607 
89 90 607 
611 85 86 
610 611 86 
87 610 86 
65 631 632 
633 64 632 
64 65 632 
67 629 630 
66 67 630 
631 66 630 
31 94 1 
72 625 71 
631 65 66 
71 625 626 
91 606 90 
627 628 69 
619 620 77 
628 68 69 
88 89 608 
622 623 74 
75 622 74 
620 76 77 
628 629 68 
612 84 85 
611 612 85 
79 80 617 
618 79 617 
629 67 68 
