VARIABLES = "X" "Y" "Z" "FREF"
ZONE T="instant 105"
Nodes=1235, Elements=2466
ZONETYPE=FETriangle
DATAPACKING=BLOCK
VARLOCATION = ([1-3]=NODAL, [4]=CELLCENTERED)
5.000000e-01
3.120199e-01
3.290615e-01
3.492222e-01
3.698338e-01
3.877840e-01
4.044969e-01
4.234384e-01
4.414467e-01
4.571326e-01
4.698293e-01
4.796779e-01
4.865580e-01
4.918860e-01
4.961004e-01
4.984776e-01
4.996847e-01
2.980000e-01
2.980000e-01
2.980000e-01
2.980000e-01
4.474266e-01
4.448087e-01
4.397448e-01
4.321624e-01
4.221759e-01
4.098683e-01
3.954298e-01
3.797117e-01
3.622904e-01
3.436369e-01
3.262980e-01
3.104351e-01
4.480000e-01
4.818469e-01
4.620371e-01
3.264746e-01
3.216069e-01
3.469168e-01
3.709689e-01
3.920606e-01
4.099070e-01
4.257495e-01
4.394167e-01
4.509074e-01
4.623363e-01
4.680724e-01
4.744488e-01
2.980000e-01
4.995607e-01
4.976142e-01
4.936281e-01
4.870374e-01
4.780698e-01
4.683771e-01
4.564142e-01
4.419899e-01
4.278048e-01
4.133266e-01
3.954210e-01
3.753635e-01
3.557666e-01
3.391819e-01
3.236420e-01
3.099661e-01
5.000000e-01
4.639354e-01
4.827718e-01
4.480000e-01
3.128555e-01
3.310095e-01
3.515825e-01
3.725299e-01
3.915414e-01
4.057695e-01
4.173937e-01
4.280894e-01
4.357842e-01
4.415565e-01
4.455489e-01
4.475537e-01
2.980000e-01
2.980000e-01
2.980000e-01
4.726097e-01
4.693625e-01
4.642555e-01
4.570058e-01
4.476039e-01
4.365945e-01
4.232500e-01
4.059973e-01
3.836793e-01
3.635368e-01
3.433239e-01
3.217689e-01
5.000000e-01
5.000000e-01
5.000000e-01
5.000000e-01
5.000000e-01
5.000000e-01
5.000000e-01
5.000000e-01
5.000000e-01
5.000000e-01
5.000000e-01
5.000000e-01
5.000000e-01
5.000000e-01
5.000000e-01
5.000000e-01
5.000000e-01
5.000000e-01
5.000000e-01
5.000000e-01
5.000000e-01
5.000000e-01
5.000000e-01
5.000000e-01
5.000000e-01
5.000000e-01
5.000000e-01
5.000000e-01
5.000000e-01
5.000000e-01
5.000000e-01
5.000000e-01
5.000000e-01
2.980000e-01
2.980000e-01
2.980000e-01
2.980000e-01
2.980000e-01
2.980000e-01
2.980000e-01
2.980000e-01
2.980000e-01
2.980000e-01
2.980000e-01
2.980000e-01
2.980000e-01
2.980000e-01
2.980000e-01
2.980000e-01
2.980000e-01
2.980000e-01
2.980000e-01
2.980000e-01
2.980000e-01
2.980000e-01
2.980000e-01
2.980000e-01
2.980000e-01
2.980000e-01
2.980000e-01
2.980000e-01
2.980000e-01
2.980000e-01
2.980000e-01
2.980000e-01
2.980000e-01
4.493129e-01
4.404892e-01
4.462253e-01
4.263630e-01
4.421327e-01
4.340192e-01
4.578453e-01
4.624828e-01
4.373544e-01
4.536015e-01
4.463872e-01
4.507500e-01
4.397062e-01
4.533894e-01
3.196285e-01
4.281855e-01
4.429299e-01
4.558286e-01
4.240460e-01
4.327958e-01
4.409379e-01
4.566613e-01
4.789414e-01
4.403979e-01
4.331152e-01
4.478016e-01
4.588523e-01
4.679770e-01
4.835827e-01
4.844839e-01
4.800805e-01
4.859871e-01
4.901054e-01
4.921614e-01
3.302221e-01
3.368545e-01
3.233416e-01
3.123959e-01
3.441291e-01
3.496056e-01
3.615142e-01
3.643441e-01
3.734983e-01
3.811028e-01
3.736994e-01
3.876610e-01
3.876978e-01
3.943776e-01
4.001846e-01
4.008081e-01
4.052445e-01
4.080829e-01
4.127866e-01
4.178878e-01
4.116110e-01
4.178499e-01
4.243668e-01
4.230718e-01
4.295966e-01
4.340175e-01
4.722130e-01
4.721490e-01
3.561450e-01
3.426479e-01
3.297049e-01
3.162252e-01
4.677343e-01
4.633169e-01
4.565220e-01
4.478435e-01
4.654052e-01
4.596890e-01
4.767271e-01
4.757941e-01
4.736540e-01
4.702959e-01
3.380052e-01
3.567522e-01
3.636096e-01
3.784595e-01
3.830101e-01
3.774296e-01
4.035618e-01
4.038480e-01
3.970752e-01
3.914471e-01
4.252985e-01
4.406921e-01
4.226722e-01
4.134413e-01
4.136028e-01
4.044998e-01
4.970496e-01
4.937518e-01
4.936657e-01
4.887392e-01
4.890852e-01
4.835283e-01
4.820958e-01
4.825123e-01
4.753112e-01
3.754895e-01
3.622536e-01
3.490049e-01
3.360253e-01
3.238058e-01
4.770981e-01
4.739930e-01
4.740950e-01
4.557796e-01
4.659776e-01
4.632992e-01
4.652193e-01
4.671451e-01
4.697903e-01
4.157206e-01
4.346027e-01
4.495899e-01
4.625746e-01
4.569211e-01
4.289704e-01
4.450173e-01
3.125672e-01
3.147493e-01
3.285057e-01
3.142678e-01
3.172818e-01
3.329821e-01
3.458864e-01
3.293227e-01
3.392904e-01
3.524329e-01
3.649791e-01
3.166766e-01
3.322094e-01
3.461034e-01
3.590061e-01
3.724530e-01
3.851660e-01
3.121741e-01
3.224936e-01
3.368260e-01
3.510036e-01
3.648741e-01
3.785044e-01
3.928194e-01
4.066539e-01
4.208069e-01
3.158912e-01
3.295837e-01
3.432948e-01
3.563192e-01
3.697283e-01
3.834644e-01
3.968952e-01
4.137126e-01
4.248125e-01
4.320655e-01
3.937075e-01
3.811707e-01
3.685681e-01
3.558298e-01
3.425760e-01
3.278787e-01
3.156349e-01
4.989277e-01
4.996094e-01
4.963177e-01
4.981525e-01
4.994705e-01
4.920909e-01
4.952501e-01
4.976637e-01
4.993533e-01
4.815237e-01
4.867166e-01
4.908557e-01
4.943464e-01
4.972006e-01
4.992109e-01
4.638310e-01
4.734649e-01
4.801420e-01
4.849549e-01
4.893686e-01
4.933054e-01
4.965753e-01
4.989702e-01
4.831640e-01
4.893949e-01
4.954601e-01
4.983768e-01
4.539445e-01
4.991338e-01
4.655678e-01
4.732374e-01
4.774000e-01
4.824936e-01
4.875110e-01
4.918544e-01
4.954931e-01
4.983574e-01
3.136835e-01
3.303737e-01
3.483392e-01
3.672488e-01
3.863371e-01
4.047000e-01
4.217522e-01
4.371672e-01
4.508769e-01
4.633292e-01
4.753314e-01
4.838828e-01
4.906438e-01
4.956801e-01
4.988403e-01
3.149274e-01
4.117693e-01
3.988708e-01
3.870565e-01
3.757499e-01
3.630461e-01
3.493759e-01
3.362032e-01
3.241250e-01
3.327021e-01
3.515440e-01
3.709118e-01
3.898974e-01
4.079022e-01
4.245585e-01
4.396877e-01
4.533212e-01
4.655405e-01
4.760864e-01
4.845677e-01
4.912080e-01
4.960278e-01
4.989936e-01
3.158642e-01
3.343865e-01
3.537086e-01
3.732849e-01
3.922129e-01
4.100416e-01
4.264810e-01
4.414308e-01
4.548503e-01
4.666814e-01
4.767761e-01
4.850630e-01
4.915482e-01
4.962235e-01
4.990541e-01
3.164772e-01
3.354453e-01
3.550563e-01
3.747199e-01
3.936335e-01
4.113575e-01
4.276797e-01
4.424876e-01
4.557291e-01
4.673311e-01
4.772268e-01
4.853712e-01
4.917462e-01
4.963234e-01
4.990811e-01
3.168323e-01
3.360560e-01
3.558084e-01
3.755327e-01
3.944223e-01
4.121016e-01
4.283478e-01
4.430704e-01
4.562008e-01
4.676884e-01
4.774799e-01
4.855446e-01
4.918498e-01
4.963735e-01
4.990934e-01
3.170233e-01
3.363684e-01
3.562016e-01
3.759398e-01
3.948281e-01
4.124750e-01
4.286866e-01
4.433589e-01
4.564358e-01
4.678653e-01
4.776090e-01
4.856299e-01
4.502592e-01
4.594852e-01
4.670148e-01
4.732625e-01
4.794044e-01
4.850432e-01
4.898956e-01
4.939823e-01
4.971197e-01
4.990299e-01
4.997827e-01
4.919010e-01
4.963964e-01
4.990991e-01
3.171164e-01
3.365221e-01
3.563796e-01
3.761321e-01
3.950097e-01
4.126475e-01
4.288382e-01
4.434895e-01
4.565399e-01
4.679458e-01
4.776663e-01
4.856689e-01
4.919234e-01
4.964069e-01
4.991018e-01
3.171653e-01
3.365877e-01
3.564591e-01
3.762094e-01
3.950893e-01
4.127181e-01
4.289023e-01
4.435426e-01
4.565832e-01
4.679784e-01
4.776905e-01
4.856848e-01
4.919330e-01
4.314552e-01
4.152691e-01
4.028391e-01
3.951749e-01
3.836650e-01
3.704720e-01
3.567397e-01
3.440199e-01
3.298905e-01
3.160712e-01
4.964116e-01
4.991033e-01
3.171852e-01
3.366129e-01
3.564900e-01
3.762513e-01
3.951265e-01
4.127551e-01
4.289327e-01
4.435687e-01
4.566036e-01
4.679948e-01
4.777023e-01
4.856930e-01
4.919378e-01
4.964136e-01
4.991037e-01
3.171404e-01
3.366258e-01
3.565345e-01
3.762961e-01
3.951767e-01
4.127970e-01
4.289704e-01
4.435986e-01
4.566292e-01
4.680148e-01
4.777185e-01
4.857042e-01
4.919445e-01
4.964163e-01
4.991039e-01
3.172539e-01
3.367363e-01
3.566316e-01
3.764087e-01
3.952821e-01
4.128970e-01
4.290535e-01
4.436710e-01
4.566887e-01
4.680661e-01
4.777583e-01
4.857342e-01
4.919633e-01
4.964255e-01
4.991061e-01
3.173703e-01
3.368652e-01
3.568403e-01
3.766520e-01
3.955368e-01
4.131230e-01
4.292533e-01
4.438402e-01
4.568377e-01
4.681898e-01
4.778604e-01
4.858089e-01
4.920135e-01
4.964517e-01
4.991137e-01
3.173217e-01
3.371235e-01
3.572941e-01
3.772031e-01
3.960667e-01
4.136016e-01
4.296672e-01
4.442091e-01
4.571572e-01
4.684670e-01
4.780816e-01
4.707452e-01
4.766119e-01
4.819998e-01
4.869122e-01
4.911314e-01
4.945113e-01
4.973695e-01
4.992698e-01
4.859769e-01
4.921241e-01
4.965117e-01
4.991317e-01
3.177202e-01
3.378938e-01
3.583317e-01
3.782857e-01
3.970651e-01
4.144691e-01
4.304457e-01
4.449069e-01
4.577836e-01
4.689985e-01
4.785150e-01
4.862985e-01
4.923399e-01
4.966270e-01
4.991653e-01
3.186650e-01
3.395402e-01
3.602969e-01
3.801609e-01
3.986534e-01
4.158613e-01
4.317398e-01
4.461204e-01
4.588622e-01
4.699180e-01
4.792463e-01
4.868565e-01
4.927115e-01
4.641760e-01
4.968232e-01
4.992162e-01
3.203183e-01
3.427748e-01
3.636785e-01
3.828630e-01
4.007330e-01
4.178331e-01
4.337569e-01
4.480502e-01
4.605581e-01
4.712957e-01
4.803263e-01
4.877407e-01
4.933228e-01
4.971106e-01
4.992638e-01
3.219029e-01
3.392714e-01
3.633572e-01
3.873432e-01
3.236601e-01
3.497276e-01
3.687444e-01
3.851766e-01
4.029290e-01
4.205533e-01
4.367927e-01
4.509898e-01
4.629689e-01
4.730146e-01
4.815792e-01
4.892230e-01
4.944349e-01
4.972625e-01
4.992377e-01
4.994807e-01
4.992012e-01
4.977319e-01
4.995086e-01
4.749961e-01
4.799432e-01
4.846335e-01
4.889301e-01
4.926336e-01
4.955511e-01
4.974381e-01
4.993731e-01
4.985836e-01
4.967839e-01
4.945223e-01
4.992250e-01
4.976764e-01
4.955579e-01
4.928247e-01
4.897270e-01
4.986203e-01
4.967414e-01
4.941463e-01
4.909326e-01
4.872480e-01
4.833498e-01
2.980000e-01
2.980000e-01
2.980000e-01
2.980000e-01
2.980000e-01
2.980000e-01
2.980000e-01
2.980000e-01
2.980000e-01
2.980000e-01
2.980000e-01
2.980000e-01
2.980000e-01
2.980000e-01
2.980000e-01
2.980000e-01
2.980000e-01
2.980000e-01
2.980000e-01
2.980000e-01
2.980000e-01
2.980000e-01
2.980000e-01
2.980000e-01
2.980000e-01
2.980000e-01
2.980000e-01
2.980000e-01
2.980000e-01
2.980000e-01
2.980000e-01
2.980000e-01
2.980000e-01
2.980000e-01
2.980000e-01
2.980000e-01
2.980000e-01
2.980000e-01
2.980000e-01
2.980000e-01
2.980000e-01
2.980000e-01
2.980000e-01
2.980000e-01
2.980000e-01
2.980000e-01
2.980000e-01
2.980000e-01
2.980000e-01
2.980000e-01
2.980000e-01
2.980000e-01
2.980000e-01
2.980000e-01
2.980000e-01
2.980000e-01
2.980000e-01
2.980000e-01
2.980000e-01
2.980000e-01
2.980000e-01
2.980000e-01
2.980000e-01
2.980000e-01
2.980000e-01
2.980000e-01
2.980000e-01
2.980000e-01
2.980000e-01
2.980000e-01
2.980000e-01
2.980000e-01
2.980000e-01
2.980000e-01
2.980000e-01
2.980000e-01
2.980000e-01
2.980000e-01
2.980000e-01
2.980000e-01
2.980000e-01
2.980000e-01
2.980000e-01
2.980000e-01
2.980000e-01
2.980000e-01
2.980000e-01
2.980000e-01
2.980000e-01
2.980000e-01
2.980000e-01
2.980000e-01
2.980000e-01
4.480000e-01
4.480000e-01
4.480000e-01
4.480000e-01
4.480000e-01
4.480000e-01
4.480000e-01
4.480000e-01
4.480000e-01
4.480000e-01
4.480000e-01
4.480000e-01
4.480000e-01
4.480000e-01
4.480000e-01
4.480000e-01
4.480000e-01
4.480000e-01
4.480000e-01
4.480000e-01
4.480000e-01
4.480000e-01
4.480000e-01
4.480000e-01
4.480000e-01
4.480000e-01
4.480000e-01
4.480000e-01
4.480000e-01
4.480000e-01
4.480000e-01
4.480000e-01
4.480000e-01
4.163513e-01
3.904924e-01
3.928549e-01
4.133632e-01
4.071408e-01
4.192728e-01
4.442454e-01
3.571853e-01
4.289785e-01
4.402428e-01
4.395107e-01
4.340336e-01
4.362611e-01
4.293138e-01
4.243289e-01
4.305960e-01
4.254419e-01
4.186706e-01
4.167408e-01
4.130375e-01
4.160023e-01
4.060110e-01
4.464202e-01
4.473646e-01
4.027251e-01
4.049836e-01
4.050754e-01
4.019653e-01
3.807181e-01
3.934417e-01
3.845236e-01
3.722098e-01
3.758011e-01
3.690510e-01
3.518331e-01
4.094793e-01
3.983064e-01
3.847003e-01
3.758102e-01
3.745450e-01
3.755557e-01
3.729142e-01
4.217035e-01
4.096579e-01
3.977668e-01
4.100509e-01
3.986232e-01
3.839761e-01
3.723992e-01
4.426974e-01
4.450527e-01
4.469978e-01
3.704249e-01
3.362975e-01
3.531047e-01
3.540559e-01
3.837572e-01
3.733008e-01
3.699805e-01
3.965753e-01
3.932663e-01
3.878539e-01
3.829108e-01
4.089982e-01
4.046052e-01
3.988519e-01
3.933941e-01
4.458365e-01
4.427744e-01
4.340958e-01
4.342459e-01
4.211395e-01
4.202597e-01
4.256901e-01
4.294914e-01
4.014517e-01
4.126456e-01
4.238597e-01
4.475198e-01
4.475402e-01
4.475719e-01
4.475356e-01
4.474725e-01
4.475232e-01
4.474744e-01
4.474609e-01
4.366001e-01
4.403455e-01
4.434876e-01
4.460446e-01
4.473507e-01
4.476274e-01
4.477328e-01
4.475866e-01
4.476594e-01
4.473787e-01
4.434692e-01
4.466519e-01
4.464402e-01
4.448615e-01
4.422124e-01
4.388974e-01
4.473812e-01
4.459200e-01
4.433237e-01
4.401471e-01
4.360989e-01
4.321224e-01
4.470788e-01
4.449019e-01
4.418656e-01
4.380698e-01
4.333572e-01
4.267953e-01
4.242340e-01
3.154407e-01
3.331310e-01
3.163259e-01
3.632677e-01
3.494248e-01
3.339748e-01
3.170326e-01
3.780319e-01
3.649932e-01
3.509700e-01
3.358638e-01
4.280795e-01
4.332391e-01
4.376596e-01
4.413290e-01
4.453292e-01
4.470798e-01
3.187486e-01
4.466113e-01
4.435033e-01
4.380220e-01
4.301352e-01
4.189120e-01
4.059884e-01
3.912130e-01
3.759769e-01
3.590256e-01
3.368456e-01
3.209105e-01
4.051385e-01
3.924880e-01
3.796606e-01
3.670167e-01
3.539414e-01
3.396799e-01
3.229962e-01
3.157440e-01
3.679452e-01
3.458284e-01
3.268366e-01
4.265311e-01
4.148154e-01
4.042618e-01
3.910410e-01
4.463088e-01
4.431354e-01
4.366902e-01
4.466677e-01
4.421772e-01
4.353944e-01
4.276081e-01
4.159712e-01
4.045189e-01
3.936401e-01
3.794264e-01
3.622540e-01
3.431096e-01
3.218916e-01
3.591598e-01
3.404371e-01
3.198905e-01
4.272987e-01
4.153029e-01
4.042638e-01
3.897734e-01
4.469589e-01
4.442661e-01
4.376185e-01
4.464426e-01
4.412316e-01
4.023752e-01
3.895265e-01
3.782899e-01
3.659433e-01
3.518883e-01
3.359996e-01
3.203443e-01
3.084746e-01
4.349887e-01
4.296075e-01
4.203088e-01
4.040147e-01
3.873032e-01
3.740883e-01
3.576815e-01
3.391316e-01
3.190890e-01
3.574351e-01
3.387024e-01
3.188181e-01
4.307391e-01
4.205377e-01
4.073280e-01
3.920008e-01
4.464309e-01
4.428581e-01
4.371641e-01
4.468701e-01
4.433025e-01
4.371505e-01
4.291560e-01
4.177444e-01
4.060054e-01
3.908072e-01
3.751095e-01
3.575224e-01
3.385859e-01
3.187111e-01
3.574563e-01
4.171027e-01
3.384052e-01
3.185854e-01
4.466035e-01
4.424413e-01
4.362717e-01
4.283067e-01
4.187246e-01
4.083835e-01
3.936652e-01
3.748597e-01
3.568925e-01
3.379885e-01
3.183320e-01
4.258171e-01
4.157468e-01
4.053562e-01
3.907769e-01
4.459372e-01
4.421408e-01
4.352701e-01
4.463196e-01
4.411977e-01
3.861475e-01
3.742899e-01
3.612035e-01
3.484632e-01
3.339475e-01
3.172606e-01
4.341199e-01
4.268593e-01
4.170276e-01
4.033908e-01
3.879187e-01
3.734222e-01
3.560135e-01
3.372827e-01
3.178791e-01
3.548820e-01
3.361032e-01
3.170454e-01
4.459761e-01
4.421551e-01
4.340219e-01
4.458147e-01
4.392782e-01
4.323025e-01
4.241914e-01
4.135290e-01
4.011703e-01
3.870507e-01
3.709537e-01
3.527428e-01
3.338694e-01
3.154580e-01
4.460555e-01
4.420427e-01
4.354574e-01
4.275782e-01
4.165778e-01
4.034409e-01
3.861469e-01
3.690152e-01
3.486051e-01
3.293428e-01
3.141440e-01
4.456610e-01
4.425292e-01
4.360173e-01
4.283531e-01
4.175004e-01
4.042655e-01
3.885268e-01
3.665090e-01
3.497418e-01
3.330503e-01
3.176573e-01
4.459738e-01
4.438461e-01
4.392072e-01
4.302784e-01
4.194419e-01
3.718205e-01
3.559950e-01
3.423722e-01
3.320240e-01
3.161371e-01
4.052892e-01
3.910756e-01
3.763157e-01
3.599095e-01
3.399574e-01
3.202790e-01
3.647710e-01
3.466663e-01
3.235948e-01
4.466855e-01
4.431900e-01
4.372510e-01
4.284496e-01
4.177459e-01
4.060659e-01
3.932567e-01
3.784313e-01
3.612800e-01
3.419097e-01
3.203601e-01
4.275186e-01
4.163078e-01
4.019878e-01
3.879520e-01
4.461629e-01
4.419952e-01
4.352186e-01
4.465563e-01
4.425357e-01
4.359074e-01
4.256502e-01
4.123355e-01
4.010747e-01
3.897006e-01
3.750069e-01
3.580337e-01
3.392188e-01
3.346535e-01
3.195012e-01
3.190549e-01
3.558135e-01
3.375382e-01
3.181671e-01
4.264415e-01
4.135886e-01
3.994349e-01
3.860490e-01
4.461060e-01
4.426375e-01
4.357171e-01
4.464144e-01
4.412059e-01
4.335964e-01
4.249090e-01
4.144995e-01
4.008915e-01
3.841821e-01
3.707826e-01
3.543144e-01
3.361857e-01
3.173667e-01
3.527214e-01
3.347183e-01
3.168708e-01
4.467215e-01
4.436279e-01
4.369119e-01
3.154013e-01
4.462659e-01
4.406352e-01
4.341798e-01
4.281058e-01
4.178360e-01
4.051418e-01
3.877947e-01
3.677189e-01
3.490049e-01
3.344009e-01
3.174443e-01
4.709044e-01
4.754497e-01
4.740041e-01
4.739348e-01
4.740771e-01
4.740137e-01
4.740339e-01
4.740259e-01
4.738678e-01
4.739324e-01
4.738483e-01
4.739179e-01
4.738185e-01
4.738976e-01
4.738551e-01
4.737508e-01
4.738486e-01
4.738328e-01
4.739489e-01
4.739652e-01
4.739190e-01
4.738693e-01
4.738098e-01
4.736925e-01
4.736192e-01
4.738895e-01
4.737516e-01
4.737677e-01
4.737777e-01
4.740164e-01
4.739318e-01
4.738589e-01
-4.625929e-18
3.906963e-01
3.764553e-01
3.578322e-01
3.364862e-01
3.156320e-01
2.939086e-01
2.658946e-01
2.347867e-01
2.025582e-01
1.710568e-01
1.410996e-01
1.151577e-01
8.971132e-02
6.232519e-02
3.898783e-02
1.775486e-02
4.014922e-01
3.543003e-01
3.778513e-01
3.345146e-01
2.265852e-02
5.337821e-02
8.560687e-02
1.180664e-01
1.499049e-01
1.808645e-01
2.105689e-01
2.377457e-01
2.635331e-01
2.874329e-01
3.069749e-01
3.230078e-01
3.469447e-18
0.000000e+00
0.000000e+00
3.256117e-01
3.484553e-01
3.239508e-01
2.969025e-01
2.656825e-01
2.370280e-01
2.070641e-01
1.761064e-01
1.444620e-01
1.091755e-01
7.294316e-02
3.785746e-02
4.014922e-01
2.095546e-02
4.878613e-02
7.956929e-02
1.131129e-01
1.464557e-01
1.749939e-01
2.041716e-01
2.337626e-01
2.588108e-01
2.813558e-01
3.060101e-01
3.303063e-01
3.513263e-01
3.673631e-01
3.811244e-01
3.923277e-01
-4.625929e-18
0.000000e+00
0.000000e+00
3.469447e-18
3.206641e-01
3.018885e-01
2.776577e-01
2.488483e-01
2.177138e-01
1.898818e-01
1.627467e-01
1.320737e-01
1.039043e-01
7.570905e-02
4.679927e-02
1.999243e-02
3.345146e-01
3.787938e-01
3.548117e-01
2.874075e-02
6.224889e-02
9.327636e-02
1.238975e-01
1.538026e-01
1.830795e-01
2.123530e-01
2.462347e-01
2.772626e-01
3.032430e-01
3.264583e-01
3.509814e-01
-1.387779e-17
-1.387779e-17
-1.387779e-17
-1.387779e-17
-1.387779e-17
-1.387779e-17
-1.387779e-17
-1.387779e-17
-1.387779e-17
-1.387779e-17
-1.387779e-17
-1.387779e-17
-1.387779e-17
-1.387779e-17
-1.387779e-17
-1.387779e-17
-1.387779e-17
-1.387779e-17
-1.387779e-17
-1.387779e-17
-1.387779e-17
-1.387779e-17
-1.387779e-17
-1.387779e-17
-1.387779e-17
-1.387779e-17
-1.387779e-17
-1.387779e-17
-1.387779e-17
-1.387779e-17
-1.387779e-17
-1.387779e-17
-1.387779e-17
4.014922e-01
4.014922e-01
4.014922e-01
4.014922e-01
4.014922e-01
4.014922e-01
4.014922e-01
4.014922e-01
4.014922e-01
4.014922e-01
4.014922e-01
4.014922e-01
4.014922e-01
4.014922e-01
4.014922e-01
4.014922e-01
4.014922e-01
4.014922e-01
4.014922e-01
4.014922e-01
4.014922e-01
4.014922e-01
4.014922e-01
4.014922e-01
4.014922e-01
4.014922e-01
4.014922e-01
4.014922e-01
4.014922e-01
4.014922e-01
4.014922e-01
4.014922e-01
4.014922e-01
2.193580e-01
2.365783e-01
2.255725e-01
2.611792e-01
2.334923e-01
2.482485e-01
2.009420e-01
1.900255e-01
2.423244e-01
2.103466e-01
2.252519e-01
2.163895e-01
2.380304e-01
2.108033e-01
3.844966e-01
2.581805e-01
2.319764e-01
2.054758e-01
2.649245e-01
2.503752e-01
2.357408e-01
2.036185e-01
1.435796e-01
2.367482e-01
2.498224e-01
2.224269e-01
1.986316e-01
1.760611e-01
1.270740e-01
1.235935e-01
1.397236e-01
1.175439e-01
9.897826e-02
8.818816e-02
3.754376e-01
3.694984e-01
3.813794e-01
3.903957e-01
3.627329e-01
3.574576e-01
3.454092e-01
3.424228e-01
3.324140e-01
3.236675e-01
3.321878e-01
3.157831e-01
3.157379e-01
3.073537e-01
2.997538e-01
2.989194e-01
2.928769e-01
2.889088e-01
2.821475e-01
2.745356e-01
2.838598e-01
2.745933e-01
2.644103e-01
2.664774e-01
2.558256e-01
2.482515e-01
1.643621e-01
1.645459e-01
3.509427e-01
3.641324e-01
3.758919e-01
3.873004e-01
1.767049e-01
1.879826e-01
2.039304e-01
2.223425e-01
1.827513e-01
1.966876e-01
1.507689e-01
1.536878e-01
1.601622e-01
1.697698e-01
3.684460e-01
3.503254e-01
3.432027e-01
3.267543e-01
3.214082e-01
3.279434e-01
2.951912e-01
2.947996e-01
3.038607e-01
3.110774e-01
2.629091e-01
2.362001e-01
2.671108e-01
2.811873e-01
2.809497e-01
2.939046e-01
5.423700e-02
7.879817e-02
7.933589e-02
1.055179e-01
1.039020e-01
1.272807e-01
1.326032e-01
1.310795e-01
1.551749e-01
3.301630e-01
3.446336e-01
3.580441e-01
3.702526e-01
3.809853e-01
1.495908e-01
1.591560e-01
1.588519e-01
2.055844e-01
1.812867e-01
1.880261e-01
1.832239e-01
1.782568e-01
1.711638e-01
2.778063e-01
2.472256e-01
2.187896e-01
1.898018e-01
2.030348e-01
2.568743e-01
2.279464e-01
3.902585e-01
3.885008e-01
3.769403e-01
3.888904e-01
3.864353e-01
3.729918e-01
3.610577e-01
3.762268e-01
3.672629e-01
3.546703e-01
3.417459e-01
3.869314e-01
3.736802e-01
3.608496e-01
3.480153e-01
3.335847e-01
3.188215e-01
3.905731e-01
3.820967e-01
3.695244e-01
3.560849e-01
3.418580e-01
3.267024e-01
3.093428e-01
2.909168e-01
2.700400e-01
3.875729e-01
3.759981e-01
3.635226e-01
3.507658e-01
3.366022e-01
3.208661e-01
3.040957e-01
2.807880e-01
2.636936e-01
2.516335e-01
3.082116e-01
3.235876e-01
3.378721e-01
3.512623e-01
3.642001e-01
3.774859e-01
3.877817e-01
3.272794e-02
1.975969e-02
6.056987e-02
4.294301e-02
2.300369e-02
8.858077e-02
6.875533e-02
4.827852e-02
2.542111e-02
1.346659e-01
1.144854e-01
9.518773e-02
7.497735e-02
5.283537e-02
2.808017e-02
1.867104e-01
1.607201e-01
1.395124e-01
1.217324e-01
1.025591e-01
8.154595e-02
5.842092e-02
3.207341e-02
1.286569e-01
1.024336e-01
6.722548e-02
4.025651e-02
2.096053e-01
2.941854e-02
1.823366e-01
1.613889e-01
1.486244e-01
1.311486e-01
1.110540e-01
8.988485e-02
6.698180e-02
4.049512e-02
3.893618e-01
3.753042e-01
3.586918e-01
3.393056e-01
3.174014e-01
2.936288e-01
2.685612e-01
2.426619e-01
2.161251e-01
1.879522e-01
1.551130e-01
1.259264e-01
9.627364e-02
6.558370e-02
3.403524e-02
3.883565e-01
2.836301e-01
3.014997e-01
3.165238e-01
3.298667e-01
3.437987e-01
3.576821e-01
3.700911e-01
3.807138e-01
3.732417e-01
3.555514e-01
3.352976e-01
3.130176e-01
2.891640e-01
2.641024e-01
2.380645e-01
2.109500e-01
1.824064e-01
1.527800e-01
1.232645e-01
9.335259e-02
6.289983e-02
3.170806e-02
3.875949e-01
3.717333e-01
3.533982e-01
3.326535e-01
3.101113e-01
2.861221e-01
2.609864e-01
2.348166e-01
2.076323e-01
1.794671e-01
1.506139e-01
1.213009e-01
9.154446e-02
6.133730e-02
3.074057e-02
3.870946e-01
3.707782e-01
3.520441e-01
3.310363e-01
3.083061e-01
2.842271e-01
2.590176e-01
2.328190e-01
2.056963e-01
1.777685e-01
1.491796e-01
1.200618e-01
9.047497e-02
6.052304e-02
3.029962e-02
3.868040e-01
3.702248e-01
3.512839e-01
3.301139e-01
3.072964e-01
2.831471e-01
2.579111e-01
2.317080e-01
2.046480e-01
1.768264e-01
1.483675e-01
1.193584e-01
8.990970e-02
6.011093e-02
3.009688e-02
3.866474e-01
3.699409e-01
3.508852e-01
3.296502e-01
3.067748e-01
2.826028e-01
2.573476e-01
2.311555e-01
2.041234e-01
1.763577e-01
1.479514e-01
1.190111e-01
2.174090e-01
1.971632e-01
1.785979e-01
1.613153e-01
1.420263e-01
1.213801e-01
1.000114e-01
7.734011e-02
5.359102e-02
3.113158e-02
1.473896e-02
8.962909e-02
5.992203e-02
3.000181e-02
3.865710e-01
3.698011e-01
3.507044e-01
3.294308e-01
3.065409e-01
2.823509e-01
2.570949e-01
2.309049e-01
2.038906e-01
1.761440e-01
1.477664e-01
1.188518e-01
8.950611e-02
5.983447e-02
2.995572e-02
3.865309e-01
3.697414e-01
3.506236e-01
3.293425e-01
3.064384e-01
2.822477e-01
2.569879e-01
2.308030e-01
2.037934e-01
1.760574e-01
1.476882e-01
1.187866e-01
8.945324e-02
2.526785e-01
2.784809e-01
2.961768e-01
3.063279e-01
3.206262e-01
3.357834e-01
3.503381e-01
3.628365e-01
3.757289e-01
3.874261e-01
5.979535e-02
2.993097e-02
3.865146e-01
3.697185e-01
3.505922e-01
3.292946e-01
3.063903e-01
2.821936e-01
2.569372e-01
2.307526e-01
2.037478e-01
1.760139e-01
1.476500e-01
1.187530e-01
8.942684e-02
5.977930e-02
2.992506e-02
3.865514e-01
3.697067e-01
3.505470e-01
3.292434e-01
3.063256e-01
2.821323e-01
2.568743e-01
2.306951e-01
2.036904e-01
1.759606e-01
1.475976e-01
1.187073e-01
8.939015e-02
5.975644e-02
2.992101e-02
3.864582e-01
3.696061e-01
3.504481e-01
3.291147e-01
3.061896e-01
2.819859e-01
2.567355e-01
2.305560e-01
2.035570e-01
1.758241e-01
1.474688e-01
1.185844e-01
8.928651e-02
5.968051e-02
2.988473e-02
3.863627e-01
3.694886e-01
3.502357e-01
3.288362e-01
3.058604e-01
2.816548e-01
2.564012e-01
2.302301e-01
2.032222e-01
1.754946e-01
1.471373e-01
1.182780e-01
8.900956e-02
5.946219e-02
2.975765e-02
3.864025e-01
3.692530e-01
3.497726e-01
3.282039e-01
3.051740e-01
2.809515e-01
2.557071e-01
2.295175e-01
2.025026e-01
1.747532e-01
1.464172e-01
1.685199e-01
1.511328e-01
1.329518e-01
1.136510e-01
9.375476e-02
7.388205e-02
5.122052e-02
2.701229e-02
1.175859e-01
8.839588e-02
5.895906e-02
2.945417e-02
3.860749e-01
3.685482e-01
3.487096e-01
3.269556e-01
3.038738e-01
2.796701e-01
2.543945e-01
2.281619e-01
2.010824e-01
1.733216e-01
1.449944e-01
1.162486e-01
8.718590e-02
5.797943e-02
2.887825e-02
3.852955e-01
3.670319e-01
3.466788e-01
3.247732e-01
3.017871e-01
2.775957e-01
2.521918e-01
2.257800e-01
1.986089e-01
1.708129e-01
1.425589e-01
1.138894e-01
8.506126e-02
1.858512e-01
5.627307e-02
2.798466e-02
3.839221e-01
3.640130e-01
3.431297e-01
3.215835e-01
2.990202e-01
2.746188e-01
2.487066e-01
2.219258e-01
1.946439e-01
1.669741e-01
1.388765e-01
1.100410e-01
8.144112e-02
5.367566e-02
2.712316e-02
3.825944e-01
3.672804e-01
3.434698e-01
3.161728e-01
3.811091e-01
3.573383e-01
3.376797e-01
3.188087e-01
2.960545e-01
2.704347e-01
2.433354e-01
2.158894e-01
1.888379e-01
1.620406e-01
1.344673e-01
1.032513e-01
7.439195e-02
5.224992e-02
2.759957e-02
2.278246e-02
2.825092e-02
4.757025e-02
2.216267e-02
1.561369e-01
1.401946e-01
1.230055e-01
1.046298e-01
8.551098e-02
6.655167e-02
5.055015e-02
2.502986e-02
3.760807e-02
5.661954e-02
7.380866e-02
2.782773e-02
4.814780e-02
6.650109e-02
8.440243e-02
1.008341e-01
3.711834e-02
5.699113e-02
7.628518e-02
9.479017e-02
1.122025e-01
1.279570e-01
3.345146e-01
3.345146e-01
3.345146e-01
3.345146e-01
3.345146e-01
3.345146e-01
3.345146e-01
3.345146e-01
3.345146e-01
3.345146e-01
3.345146e-01
3.345146e-01
3.345146e-01
3.345146e-01
3.345146e-01
3.345146e-01
3.345146e-01
3.345146e-01
3.345146e-01
3.345146e-01
3.345146e-01
3.345146e-01
3.345146e-01
3.345146e-01
3.345146e-01
3.345146e-01
3.345146e-01
3.345146e-01
3.345146e-01
3.345146e-01
3.345146e-01
3.345146e-01
3.345146e-01
3.572552e-01
3.799599e-01
3.684730e-01
3.569375e-01
3.793083e-01
3.570257e-01
3.793895e-01
3.570489e-01
3.794163e-01
3.577699e-01
3.803856e-01
3.691103e-01
3.679350e-01
3.571805e-01
3.795081e-01
3.570167e-01
3.794339e-01
3.568285e-01
3.789556e-01
3.739137e-01
3.547631e-01
3.794452e-01
3.570406e-01
3.794745e-01
3.585713e-01
3.783332e-01
3.564562e-01
3.820685e-01
3.548795e-01
3.789167e-01
3.567502e-01
3.791738e-01
3.568648e-01
3.791696e-01
3.569990e-01
3.793659e-01
3.570380e-01
3.794001e-01
3.570845e-01
3.794672e-01
3.572151e-01
3.796637e-01
3.599529e-01
3.830824e-01
3.546922e-01
3.790192e-01
3.589609e-01
3.822111e-01
3.574810e-01
3.805829e-01
3.532865e-01
3.785240e-01
3.794648e-01
3.570138e-01
3.570951e-01
3.795953e-01
3.571724e-01
3.795007e-01
3.570570e-01
3.794708e-01
1.040834e-17
1.040834e-17
1.040834e-17
1.040834e-17
1.040834e-17
1.040834e-17
1.040834e-17
1.040834e-17
1.040834e-17
1.040834e-17
1.040834e-17
1.040834e-17
1.040834e-17
1.040834e-17
1.040834e-17
1.040834e-17
1.040834e-17
1.040834e-17
1.040834e-17
1.040834e-17
1.040834e-17
1.040834e-17
1.040834e-17
1.040834e-17
1.040834e-17
1.040834e-17
1.040834e-17
1.040834e-17
1.040834e-17
1.040834e-17
1.040834e-17
1.040834e-17
1.040834e-17
1.653952e-01
2.195899e-01
2.153347e-01
1.727277e-01
1.869233e-01
1.578428e-01
5.787946e-02
2.704120e-01
1.291565e-01
8.300749e-02
8.680074e-02
1.109904e-01
1.018833e-01
1.280379e-01
1.436975e-01
1.236571e-01
1.403682e-01
1.594331e-01
1.644114e-01
1.735051e-01
1.662711e-01
1.893649e-01
3.759014e-02
2.385245e-02
1.962562e-01
1.915523e-01
1.913582e-01
1.978077e-01
2.361307e-01
2.142607e-01
2.298817e-01
2.493269e-01
2.438801e-01
2.539790e-01
2.773399e-01
1.817435e-01
2.050756e-01
2.295859e-01
2.438662e-01
2.458050e-01
2.442579e-01
2.482720e-01
1.512288e-01
1.813405e-01
2.061203e-01
1.804501e-01
2.044592e-01
2.307950e-01
2.490438e-01
6.872393e-02
5.130433e-02
2.994974e-02
2.519711e-01
2.959865e-01
2.757192e-01
2.744967e-01
2.311588e-01
2.476904e-01
2.526231e-01
2.084035e-01
2.145824e-01
2.242172e-01
2.325582e-01
1.828235e-01
1.923503e-01
2.040126e-01
2.143481e-01
4.397477e-02
6.822608e-02
1.107467e-01
1.101568e-01
1.527923e-01
1.551959e-01
1.396135e-01
1.274408e-01
1.988480e-01
1.744351e-01
1.450756e-01
2.073643e-02
2.029229e-02
1.958153e-02
2.039239e-02
2.173345e-02
2.066409e-02
2.169515e-02
2.197078e-02
1.004209e-01
8.246137e-02
6.342503e-02
4.181216e-02
2.411166e-02
1.826740e-02
1.546958e-02
1.924232e-02
1.746635e-02
2.358628e-02
6.355383e-02
3.472807e-02
3.735196e-02
5.293595e-02
7.177860e-02
8.985016e-02
2.353851e-02
4.312002e-02
6.456056e-02
8.351348e-02
1.025758e-01
1.182126e-01
2.871518e-02
5.259573e-02
7.388370e-02
9.380226e-02
1.136025e-01
1.361974e-01
1.439775e-01
3.181213e-01
2.995459e-01
3.172411e-01
2.621842e-01
2.803682e-01
2.986048e-01
3.165349e-01
2.404077e-01
2.597768e-01
2.784314e-01
2.964785e-01
1.321059e-01
1.140520e-01
9.569769e-02
7.702418e-02
4.884613e-02
2.869872e-02
3.148068e-01
3.524718e-02
6.331495e-02
9.402505e-02
1.252506e-01
1.587979e-01
1.894133e-01
2.183034e-01
2.436091e-01
2.679639e-01
2.953626e-01
3.126027e-01
1.912245e-01
2.160027e-01
2.378273e-01
2.569100e-01
2.746443e-01
2.920985e-01
3.104471e-01
3.178203e-01
2.555785e-01
2.847924e-01
3.064015e-01
1.370226e-01
1.692104e-01
1.930709e-01
2.186113e-01
3.889080e-02
6.584073e-02
1.000283e-01
3.452465e-02
7.199528e-02
1.055260e-01
1.336238e-01
1.663488e-01
1.925317e-01
2.138960e-01
2.382008e-01
2.635831e-01
2.880621e-01
3.115924e-01
2.677839e-01
2.912157e-01
3.136464e-01
1.346097e-01
1.680103e-01
1.930668e-01
2.208636e-01
3.052442e-02
5.772015e-02
9.588542e-02
3.732347e-02
7.758024e-02
1.969726e-01
2.212986e-01
2.400016e-01
2.584367e-01
2.772699e-01
2.963246e-01
3.131829e-01
3.248806e-01
1.071860e-01
1.270488e-01
1.550629e-01
1.935875e-01
2.251671e-01
2.464994e-01
2.697553e-01
2.927349e-01
3.144618e-01
2.700817e-01
2.932314e-01
3.147364e-01
1.231578e-01
1.544411e-01
1.865152e-01
2.168856e-01
3.746244e-02
6.768065e-02
9.793668e-02
3.179798e-02
6.470607e-02
9.799700e-02
1.285657e-01
1.618443e-01
1.893769e-01
2.190291e-01
2.449426e-01
2.699661e-01
2.933660e-01
3.148448e-01
2.700538e-01
1.634912e-01
2.935744e-01
3.149719e-01
3.534596e-02
7.035397e-02
1.018380e-01
1.313672e-01
1.592913e-01
1.841927e-01
2.138497e-01
2.453248e-01
2.707984e-01
2.940541e-01
3.152281e-01
1.392257e-01
1.669088e-01
1.907626e-01
2.190831e-01
4.294147e-02
7.221839e-02
1.060373e-01
3.876652e-02
7.777258e-02
2.271434e-01
2.461931e-01
2.650209e-01
2.815624e-01
2.986354e-01
3.163063e-01
1.106521e-01
1.359970e-01
1.636827e-01
1.948843e-01
2.241051e-01
2.475073e-01
2.719529e-01
2.948634e-01
3.156848e-01
2.734278e-01
2.962070e-01
3.165221e-01
4.253578e-02
7.213097e-02
1.110361e-01
4.419568e-02
8.796948e-02
1.175524e-01
1.441030e-01
1.723304e-01
1.994152e-01
2.256009e-01
2.511918e-01
2.761820e-01
2.987227e-01
3.181041e-01
4.169491e-02
7.281681e-02
1.052658e-01
1.337194e-01
1.648240e-01
1.947805e-01
2.271443e-01
2.540311e-01
2.813868e-01
3.037060e-01
3.194018e-01
4.571956e-02
6.979935e-02
1.029220e-01
1.312161e-01
1.624728e-01
1.930632e-01
2.230491e-01
2.576338e-01
2.799727e-01
2.996356e-01
3.159079e-01
4.256015e-02
6.086592e-02
8.832364e-02
1.247579e-01
1.573929e-01
2.499070e-01
2.719772e-01
2.889382e-01
3.007724e-01
3.174293e-01
1.909049e-01
2.185495e-01
2.430853e-01
2.667754e-01
2.917755e-01
3.132497e-01
2.600886e-01
2.837719e-01
3.098232e-01
3.429375e-02
6.547206e-02
9.754759e-02
1.309004e-01
1.618405e-01
1.892472e-01
2.146001e-01
2.397785e-01
2.649165e-01
2.894853e-01
3.131668e-01
1.339097e-01
1.655048e-01
1.977620e-01
2.240475e-01
4.053011e-02
7.310431e-02
1.062488e-01
3.593712e-02
6.975753e-02
1.033862e-01
1.397351e-01
1.751669e-01
1.996073e-01
2.209919e-01
2.450997e-01
2.692877e-01
2.926340e-01
2.978439e-01
3.140429e-01
3.144964e-01
2.722145e-01
2.945708e-01
3.153945e-01
1.373012e-01
1.721873e-01
2.028689e-01
2.273107e-01
4.115121e-02
6.910902e-02
1.041856e-01
3.765831e-02
7.772627e-02
1.126862e-01
1.419731e-01
1.699827e-01
1.999750e-01
2.304520e-01
2.514443e-01
2.741630e-01
2.961134e-01
3.161999e-01
2.762094e-01
2.977711e-01
3.166969e-01
3.382134e-02
6.243615e-02
9.905539e-02
3.181604e-01
3.937967e-02
8.089858e-02
1.104171e-01
1.320205e-01
1.616077e-01
1.912176e-01
2.243196e-01
2.559040e-01
2.808907e-01
2.981275e-01
3.161220e-01
0.000000e+00
0.000000e+00
0.000000e+00
0.000000e+00
0.000000e+00
0.000000e+00
0.000000e+00
0.000000e+00
0.000000e+00
0.000000e+00
0.000000e+00
0.000000e+00
0.000000e+00
0.000000e+00
0.000000e+00
0.000000e+00
0.000000e+00
0.000000e+00
0.000000e+00
0.000000e+00
0.000000e+00
0.000000e+00
0.000000e+00
0.000000e+00
0.000000e+00
0.000000e+00
0.000000e+00
0.000000e+00
0.000000e+00
0.000000e+00
0.000000e+00
0.000000e+00
0.000000e+00
0.000000e+00
0.000000e+00
0.000000e+00
0.000000e+00
0.000000e+00
0.000000e+00
0.000000e+00
0.000000e+00
0.000000e+00
0.000000e+00
0.000000e+00
0.000000e+00
0.000000e+00
0.000000e+00
0.000000e+00
0.000000e+00
0.000000e+00
0.000000e+00
0.000000e+00
0.000000e+00
0.000000e+00
0.000000e+00
0.000000e+00
0.000000e+00
0.000000e+00
0.000000e+00
0.000000e+00
0.000000e+00
0.000000e+00
0.000000e+00
0.000000e+00
0.000000e+00
0.000000e+00
0.000000e+00
0.000000e+00
0.000000e+00
0.000000e+00
0.000000e+00
0.000000e+00
0.000000e+00
0.000000e+00
0.000000e+00
0.000000e+00
0.000000e+00
0.000000e+00
0.000000e+00
0.000000e+00
1.000000e+00
1.000000e+00
1.000000e+00
1.000000e+00
1.000000e+00
1.000000e+00
1.000000e+00
1.000000e+00
1.000000e+00
1.000000e+00
1.000000e+00
1.000000e+00
1.000000e+00
1.000000e+00
1.000000e+00
1.000000e+00
1.000000e+00
1.000000e+00
1.000000e+00
1.000000e+00
1.000000e+00
1.000000e+00
1.000000e+00
1.000000e+00
1.000000e+00
1.000000e+00
1.000000e+00
1.000000e+00
1.000000e+00
1.000000e+00
1.000000e+00
1.000000e+00
1.000000e+00
1.000000e+00
1.000000e+00
1.000000e+00
1.000000e+00
1.000000e+00
1.000000e+00
1.000000e+00
1.000000e+00
1.000000e+00
1.000000e+00
1.000000e+00
1.000000e+00
1.000000e+00
1.000000e+00
1.000000e+00
9.750630e-01
9.457386e-01
9.208324e-01
8.923810e-01
8.622154e-01
8.306543e-01
7.979636e-01
7.614514e-01
7.269683e-01
6.955629e-01
6.650128e-01
6.348536e-01
6.046507e-01
5.744318e-01
5.440279e-01
5.133824e-01
4.829047e-01
4.528052e-01
4.232572e-01
3.940978e-01
3.650020e-01
3.357661e-01
3.064170e-01
2.772565e-01
2.496440e-01
2.187355e-01
1.892499e-01
1.630311e-01
1.344407e-01
1.022625e-01
6.985318e-02
4.080057e-02
1.743316e-02
2.384477e-02
5.008052e-02
7.439238e-02
1.094680e-01
1.421247e-01
1.754521e-01
2.077494e-01
2.395937e-01
2.784854e-01
3.078834e-01
3.365900e-01
3.701907e-01
4.041827e-01
4.297991e-01
4.579854e-01
4.895322e-01
5.184781e-01
5.477795e-01
5.774391e-01
6.072923e-01
6.372404e-01
6.672198e-01
6.971085e-01
7.262462e-01
7.524303e-01
7.804692e-01
8.050534e-01
8.335436e-01
8.717758e-01
9.031426e-01
9.332277e-01
9.577557e-01
9.810999e-01
8.764383e-01
8.531639e-01
1.389888e-01
9.046772e-01
9.053229e-01
8.779007e-01
9.065391e-01
8.727903e-01
8.244484e-01
8.399106e-01
7.987996e-01
2.103779e-01
1.932198e-01
1.843547e-01
1.704693e-02
1.696556e-01
1.639256e-01
1.557515e-01
1.144866e-01
1.407109e-01
1.150890e-01
1.230443e-01
7.745245e-01
9.602145e-01
9.320080e-01
9.342197e-01
9.372180e-01
9.265643e-01
8.063723e-01
8.447024e-01
8.741953e-01
7.795722e-01
8.262092e-01
7.955784e-01
7.746823e-01
1.983137e-02
3.759878e-02
5.486320e-02
7.646532e-01
7.932711e-01
7.675943e-01
8.217264e-01
7.959472e-01
7.683676e-01
8.454790e-01
8.616226e-01
8.278479e-01
7.968390e-01
7.679853e-01
8.824521e-01
8.533656e-01
8.234511e-01
7.945377e-01
7.669653e-01
9.019545e-01
8.773491e-01
8.473336e-01
8.172908e-01
7.942088e-01
7.663768e-01
8.969386e-01
8.684062e-01
2.117358e-02
4.128731e-02
6.034481e-02
8.010951e-02
8.439425e-01
8.116198e-01
7.844822e-01
7.640889e-01
7.834414e-01
7.607058e-01
8.503665e-01
8.240848e-01
7.946639e-01
7.638349e-01
2.242800e-01
2.060435e-01
1.790679e-01
2.226529e-01
1.934632e-01
1.613828e-01
2.280782e-01
1.945675e-01
1.675659e-01
1.394337e-01
2.361767e-01
2.289406e-01
2.029625e-01
1.750935e-01
1.450208e-01
1.151115e-01
2.293846e-01
2.387830e-01
2.096109e-01
2.187641e-01
1.885837e-01
1.661833e-01
2.259272e-01
1.952579e-01
1.719389e-01
2.214248e-02
4.326799e-02
6.364681e-02
8.321123e-02
1.015575e-01
1.433386e-01
2.319960e-01
2.019742e-01
2.361659e-01
2.402541e-01
2.109391e-01
1.785961e-01
1.484033e-01
1.200694e-01
8.549541e-02
8.856264e-02
9.295137e-02
9.620095e-02
7.358786e-02
6.333694e-02
6.029359e-02
9.772811e-01
9.520861e-01
9.752629e-01
8.897350e-01
9.228090e-01
9.497236e-01
9.742559e-01
9.036705e-01
9.249706e-01
9.484318e-01
9.733390e-01
8.595320e-01
8.795553e-01
9.000902e-01
9.224256e-01
9.460388e-01
9.716371e-01
8.065412e-01
8.301226e-01
8.525888e-01
8.742971e-01
8.959833e-01
9.181911e-01
9.416578e-01
9.685216e-01
9.805098e-01
7.836679e-01
8.022050e-01
8.245633e-01
8.480644e-01
8.697804e-01
8.901134e-01
9.116418e-01
9.315564e-01
9.568619e-01
9.788804e-01
2.305945e-02
4.473231e-02
6.598782e-02
8.669333e-02
1.066050e-01
1.254353e-01
1.454093e-01
9.769591e-01
9.569325e-01
9.740249e-01
9.517591e-01
9.336343e-01
9.696294e-01
9.456314e-01
9.245447e-01
9.067780e-01
9.773972e-01
9.608594e-01
9.385126e-01
9.162243e-01
8.955360e-01
8.772256e-01
9.788262e-01
9.731405e-01
9.521328e-01
9.309880e-01
9.084927e-01
8.861572e-01
8.647288e-01
8.450652e-01
7.569959e-01
7.592414e-01
7.660825e-01
7.522876e-01
9.658297e-01
7.787132e-01
9.546040e-01
9.462836e-01
9.249911e-01
9.021472e-01
8.783073e-01
8.553700e-01
8.317610e-01
8.079118e-01
7.550822e-01
7.459947e-01
7.412379e-01
7.406210e-01
7.401765e-01
7.394292e-01
7.384699e-01
7.372885e-01
7.357410e-01
7.354431e-01
7.399125e-01
7.323308e-01
7.315222e-01
7.303015e-01
7.267704e-01
7.222873e-01
2.554313e-02
4.647720e-02
6.772157e-02
8.936465e-02
1.104202e-01
1.305539e-01
1.502109e-01
1.690661e-01
7.175850e-01
7.142193e-01
7.126140e-01
7.115307e-01
7.105384e-01
7.094845e-01
7.083809e-01
7.074415e-01
7.071720e-01
7.067937e-01
7.039542e-01
7.022278e-01
7.002987e-01
6.978058e-01
6.926103e-01
6.887420e-01
6.857789e-01
6.838385e-01
6.824664e-01
6.813032e-01
6.802212e-01
6.791911e-01
6.783004e-01
6.775097e-01
6.763727e-01
6.744951e-01
6.726499e-01
6.705282e-01
6.679850e-01
6.630187e-01
6.594623e-01
6.566122e-01
6.545785e-01
6.530420e-01
6.517999e-01
6.506775e-01
6.496390e-01
6.486458e-01
6.476169e-01
6.463367e-01
6.447213e-01
6.428655e-01
6.406727e-01
6.379884e-01
6.332823e-01
6.298600e-01
6.270763e-01
6.249759e-01
6.233844e-01
6.220760e-01
6.209263e-01
6.198404e-01
6.187750e-01
6.176416e-01
6.163489e-01
6.148008e-01
6.129694e-01
6.107136e-01
6.079420e-01
6.034565e-01
6.001005e-01
5.973086e-01
5.951964e-01
5.935539e-01
5.922231e-01
5.910380e-01
5.899222e-01
5.888073e-01
5.876413e-01
5.863396e-01
5.848284e-01
2.742579e-02
4.920168e-02
7.107897e-02
9.385679e-02
1.165291e-01
1.388871e-01
1.608051e-01
1.816841e-01
2.012442e-01
2.198014e-01
2.345111e-01
5.829894e-01
5.806989e-01
5.778320e-01
5.736406e-01
5.702570e-01
5.674498e-01
5.652981e-01
5.636436e-01
5.622858e-01
5.610869e-01
5.599458e-01
5.588111e-01
5.576257e-01
5.563293e-01
5.548205e-01
5.529749e-01
5.506274e-01
5.476432e-01
5.438906e-01
5.404136e-01
5.375340e-01
5.353624e-01
5.336815e-01
5.323175e-01
5.311030e-01
5.299521e-01
5.288038e-01
5.276142e-01
5.263142e-01
5.248060e-01
5.229380e-01
3.212531e-02
5.303705e-02
6.888891e-02
9.096767e-02
1.135541e-01
1.350723e-01
1.551079e-01
1.761651e-01
1.955356e-01
2.139355e-01
5.205266e-01
5.173855e-01
5.142392e-01
5.105596e-01
5.076159e-01
5.054022e-01
5.037145e-01
5.023332e-01
5.011124e-01
4.999504e-01
4.987977e-01
4.976025e-01
4.963035e-01
4.947898e-01
4.929046e-01
4.904424e-01
4.871754e-01
4.844917e-01
4.806913e-01
4.776938e-01
4.754672e-01
4.737522e-01
4.723610e-01
4.711202e-01
4.699503e-01
4.687887e-01
4.675948e-01
4.662937e-01
4.647849e-01
4.628993e-01
4.604269e-01
4.571366e-01
4.544623e-01
4.508444e-01
4.478321e-01
4.455692e-01
4.438426e-01
4.424107e-01
4.411443e-01
4.399495e-01
4.387852e-01
4.375862e-01
4.362971e-01
4.348010e-01
4.329508e-01
4.305315e-01
4.273395e-01
4.253392e-01
4.212034e-01
4.180468e-01
4.157919e-01
4.140160e-01
4.125250e-01
4.111876e-01
4.099658e-01
4.087871e-01
4.076024e-01
4.063192e-01
4.048706e-01
4.030940e-01
4.007894e-01
3.977831e-01
3.961499e-01
3.914285e-01
3.883974e-01
3.862011e-01
3.843688e-01
3.827230e-01
3.812778e-01
3.800026e-01
3.788442e-01
3.776656e-01
3.764151e-01
4.660534e-02
6.904178e-02
9.132458e-02
1.133178e-01
1.348924e-01
1.557260e-01
1.745346e-01
1.935729e-01
3.750229e-01
3.734031e-01
3.712538e-01
3.684068e-01
3.649579e-01
3.614277e-01
3.590095e-01
3.570129e-01
3.549684e-01
3.530348e-01
3.513983e-01
3.501158e-01
3.490174e-01
3.478905e-01
3.466214e-01
3.453350e-01
3.440065e-01
3.420545e-01
3.392105e-01
3.338952e-01
3.317697e-01
3.304106e-01
3.284887e-01
3.258459e-01
3.233656e-01
3.215423e-01
3.203637e-01
3.195214e-01
3.184183e-01
3.170195e-01
3.157996e-01
3.152287e-01
2.399225e-02
3.134548e-01
3.102271e-01
3.037387e-01
3.030167e-01
3.034273e-01
3.008336e-01
2.966182e-01
2.935316e-01
2.916622e-01
2.909507e-01
2.907538e-01
2.895325e-01
2.874782e-01
2.861628e-01
2.879227e-01
2.858206e-01
2.812129e-01
2.401834e-01
2.518422e-01
2.471872e-01
2.468729e-01
2.717237e-01
2.763762e-01
2.796079e-01
2.729086e-01
2.663095e-01
2.635382e-01
2.617412e-01
2.622419e-01
2.637027e-01
2.613286e-01
2.573405e-01
2.547291e-01
2.649635e-01
2.578602e-01
2.509163e-01
2.125060e-02
4.367630e-02
2.190856e-02
8.609114e-02
2.287626e-02
4.531639e-02
6.740317e-02
8.921443e-02
1.107134e-01
1.315930e-01
1.508738e-01
1.620517e-01
6.507537e-02
4.360189e-02
2.185743e-02
1.087664e-01
8.695241e-02
6.541820e-02
4.384937e-02
2.211253e-02
1.321183e-01
1.093527e-01
8.775507e-02
6.618102e-02
4.445720e-02
2.245075e-02
2.108047e-02
5.051003e-02
8.180241e-02
1.132285e-01
1.451265e-01
1.765370e-01
2.043598e-01
2.337231e-01
2.625543e-01
2.879732e-01
3.139764e-01
3.522625e-01
3.918661e-01
4.212741e-01
4.464707e-01
4.747278e-01
5.042524e-01
5.339713e-01
5.638840e-01
5.939118e-01
6.240314e-01
6.542298e-01
6.845986e-01
7.152699e-01
7.467058e-01
7.801416e-01
8.091279e-01
8.399593e-01
8.765346e-01
9.091006e-01
9.379236e-01
9.611271e-01
9.819334e-01
8.964317e-01
8.848501e-01
8.329939e-01
7.085999e-01
7.024487e-01
6.479932e-01
6.423539e-01
5.879031e-01
5.824533e-01
4.996660e-01
4.958098e-01
4.468109e-01
3.609231e-01
1.959929e-01
1.861406e-01
1.337618e-01
1.220640e-01
7.068912e-02
5.952920e-02
9.780483e-01
9.620811e-01
9.516052e-01
9.284521e-01
9.160696e-01
8.643506e-01
3.008057e-02
3.940819e-02
8.570121e-01
8.061281e-01
7.996621e-01
7.720928e-01
7.625434e-01
7.394871e-01
7.322664e-01
6.782048e-01
6.724188e-01
6.178896e-01
6.123451e-01
5.580749e-01
5.527956e-01
5.285693e-01
5.236306e-01
4.720536e-01
4.716225e-01
4.202271e-01
4.195711e-01
3.888916e-01
3.879095e-01
3.269997e-01
3.394986e-01
2.916386e-01
3.004821e-01
8.969386e-02
1.019721e-01
2.589448e-01
2.517703e-01
2.267935e-01
2.179338e-01
1.653803e-01
1.542050e-01
2.107783e-02
5.012994e-02
8.115963e-02
1.128895e-01
1.408965e-01
1.725914e-01
2.016996e-01
2.345511e-01
2.638090e-01
2.967137e-01
3.267249e-01
3.556649e-01
3.833928e-01
4.097601e-01
4.366310e-01
4.677013e-01
4.982249e-01
5.327504e-01
5.637091e-01
5.929619e-01
6.250774e-01
6.531111e-01
6.844636e-01
7.127047e-01
7.458767e-01
7.762362e-01
8.096765e-01
8.401285e-01
8.664519e-01
8.970698e-01
9.283313e-01
9.547119e-01
9.807531e-01
9.304820e-01
8.993809e-01
9.299214e-01
1.052884e-01
7.885162e-02
7.780313e-02
8.302252e-01
8.792875e-01
1.549972e-01
8.225533e-01
8.514902e-01
8.280544e-01
8.784721e-01
8.616541e-01
8.295225e-01
8.965670e-01
9.191599e-01
8.936804e-01
8.584863e-01
8.288670e-01
9.623517e-01
8.497014e-01
2.107123e-02
4.022024e-02
8.772403e-01
9.122058e-01
9.451309e-01
8.294463e-01
9.177790e-01
8.473497e-01
8.705615e-01
8.941877e-01
8.387447e-01
8.656088e-01
8.502308e-01
7.850628e-01
7.881386e-01
7.869657e-01
7.344403e-01
6.776357e-01
6.156546e-01
5.216712e-01
4.749101e-01
4.742930e-01
4.753267e-01
3.647434e-01
3.665687e-01
3.669330e-01
2.854593e-01
2.302156e-02
4.469435e-02
6.369765e-02
2.279407e-01
1.604059e-01
1.726690e-01
1.419834e-01
1.776186e-01
1.545236e-01
1.208370e-01
1.804556e-01
1.542581e-01
1.265110e-01
9.779558e-02
1.650229e-01
1.315895e-01
1.027948e-01
7.603507e-02
1.537250e-01
1.382749e-01
1.286860e-01
9.740835e-02
1.657555e-01
1.351036e-01
1.039522e-01
7.525651e-02
5.643249e-02
5.255616e-02
5.084416e-02
1.546160e-01
2.184613e-01
2.813314e-01
3.770532e-01
4.011175e-01
4.490569e-01
4.258444e-01
5.168693e-01
2.420534e-02
4.768816e-02
7.029882e-02
8.849636e-02
1.056557e-01
6.106440e-01
6.692326e-01
7.295515e-01
7.930287e-01
9.334178e-01
9.796586e-01
9.670654e-01
9.118448e-01
9.347276e-01
9.557386e-01
9.770217e-01
8.643827e-01
8.860897e-01
9.079615e-01
9.300846e-01
9.520800e-01
9.756622e-01
8.357485e-01
8.583079e-01
8.809277e-01
9.037577e-01
9.253894e-01
9.489612e-01
9.771281e-01
9.767783e-01
9.712532e-01
9.515343e-01
9.775965e-01
9.621957e-01
9.421304e-01
9.238695e-01
9.721518e-01
9.516656e-01
9.327934e-01
9.127031e-01
2.500600e-02
4.940608e-02
7.356383e-02
1.017208e-01
1.136812e-01
1.313715e-01
8.928451e-01
8.092930e-01
8.007825e-01
7.995608e-01
7.999676e-01
7.979104e-01
8.076578e-01
8.151501e-01
8.089897e-01
8.159508e-01
8.227315e-01
7.998081e-01
9.754242e-01
9.610636e-01
9.432610e-01
9.239079e-01
9.045376e-01
8.819561e-01
8.560811e-01
8.258439e-01
7.858145e-01
7.874327e-01
7.733567e-01
7.326620e-01
7.300629e-01
7.433722e-01
7.383152e-01
7.473979e-01
7.374941e-01
7.446878e-01
7.764155e-01
7.694396e-01
7.758465e-01
7.678548e-01
7.608154e-01
7.674372e-01
7.637879e-01
7.610134e-01
7.581160e-01
7.532786e-01
7.479148e-01
7.290430e-01
7.236501e-01
7.189412e-01
6.719927e-01
6.809689e-01
6.702466e-01
6.881907e-01
6.833720e-01
6.834897e-01
6.835827e-01
7.114163e-01
7.121012e-01
2.866477e-02
4.918796e-02
6.982760e-02
9.099355e-02
1.122093e-01
1.315382e-01
1.487631e-01
1.623526e-01
7.157459e-01
7.008371e-01
7.044077e-01
7.086241e-01
7.148205e-01
7.065430e-01
6.997391e-01
6.939236e-01
6.889364e-01
6.700080e-01
6.638994e-01
6.587439e-01
6.096475e-01
6.154877e-01
6.046593e-01
6.245597e-01
6.286445e-01
6.228819e-01
6.176894e-01
6.551988e-01
6.536256e-01
6.486505e-01
6.370365e-01
6.513736e-01
6.372759e-01
6.571795e-01
6.471598e-01
6.396791e-01
6.336668e-01
6.285165e-01
6.090098e-01
2.592021e-02
6.032987e-01
5.983170e-01
5.948020e-01
5.916602e-01
5.896544e-01
5.865884e-01
5.833530e-01
5.758013e-01
5.884056e-01
5.843196e-01
5.782398e-01
5.728814e-01
5.681423e-01
5.323377e-01
5.271831e-01
5.212876e-01
5.282904e-01
5.360710e-01
5.282792e-01
5.375708e-01
5.643811e-01
5.600356e-01
2.340384e-02
4.317381e-02
6.203044e-02
8.393350e-02
1.039503e-01
1.222742e-01
5.663553e-01
5.597291e-01
5.546094e-01
5.503339e-01
5.610309e-01
5.531874e-01
5.473333e-01
5.424409e-01
5.380688e-01
5.162237e-01
5.121567e-01
5.082268e-01
4.669297e-01
4.780587e-01
4.769964e-01
4.992727e-01
5.052071e-01
5.111640e-01
5.035699e-01
4.998824e-01
4.988138e-01
4.961324e-01
4.895609e-01
4.846049e-01
4.826770e-01
4.786972e-01
4.409592e-01
4.432845e-01
4.450525e-01
4.434930e-01
4.502695e-01
4.472796e-01
4.631589e-01
4.566470e-01
4.512651e-01
4.570875e-01
4.448634e-01
4.167807e-01
4.040288e-01
4.155819e-01
4.147686e-01
4.157534e-01
4.197341e-01
4.233189e-01
4.250674e-01
4.197067e-01
4.295482e-01
4.128939e-01
3.896165e-01
3.766397e-01
3.799920e-01
3.837908e-01
3.761379e-01
1.944733e-02
3.017662e-02
5.612031e-02
7.870689e-02
9.314880e-02
3.925052e-01
3.896294e-01
3.957155e-01
3.993617e-01
3.922187e-01
3.884721e-01
3.690499e-01
3.582560e-01
3.597745e-01
3.574921e-01
3.515431e-01
3.501328e-01
3.471014e-01
3.430678e-01
3.427111e-01
3.428019e-01
3.405508e-01
3.365794e-01
3.310576e-01
3.258089e-01
2.779572e-01
2.824933e-01
2.965427e-01
2.904085e-01
2.990831e-01
2.911737e-01
2.869528e-01
3.267994e-01
3.225366e-01
3.183485e-01
3.109166e-01
3.159769e-01
3.225190e-01
3.170354e-01
3.127338e-01
3.077153e-01
3.020150e-01
2.859793e-02
5.885209e-02
2.955337e-01
2.792729e-01
2.733436e-01
2.674551e-01
2.137093e-01
2.260609e-01
2.267309e-01
2.396441e-01
2.359681e-01
2.247680e-01
2.286063e-01
2.648032e-01
2.568637e-01
2.592402e-01
2.480723e-01
2.543452e-01
2.606662e-01
2.662969e-01
2.574490e-01
2.509317e-01
2.451656e-01
2.392508e-01
2.232817e-01
2.175546e-01
2.103230e-01
1.735301e-01
1.730388e-01
1.676021e-01
2.700840e-02
2.006126e-01
1.987158e-01
1.987280e-01
1.827365e-01
1.928066e-01
1.997505e-01
2.066297e-01
1.947880e-01
1.991178e-01
1.891620e-01
1.796562e-01
9.749640e-01
9.437231e-01
9.102413e-01
8.796308e-01
8.497543e-01
8.190704e-01
7.864307e-01
7.533329e-01
7.208115e-01
6.900656e-01
6.596737e-01
6.298143e-01
5.994235e-01
5.691785e-01
5.385147e-01
5.069898e-01
4.760922e-01
4.459165e-01
4.169564e-01
3.887217e-01
3.602469e-01
3.312070e-01
3.016037e-01
2.714854e-01
2.731069e-02
2.417186e-01
2.112120e-01
1.816486e-01
1.524211e-01
1.225484e-01
9.147961e-02
5.999496e-02
1
1
1
1
1
1
1
1
1
1
1
1
1
1
1
1
1
1
1
1
1
1
1
1
1
1
1
1
1
1
1
1
1
1
1
1
1
1
1
1
1
1
1
1
1
1
1
1
1
1
1
1
1
1
1
1
1
1
2
2
2
2
2
2
2
2
2
2
2
2
2
2
2
2
2
2
2
2
2
2
2
2
2
2
2
2
2
2
2
2
2
2
2
2
2
2
2
2
2
2
2
2
2
2
2
2
2
2
2
2
2
2
2
2
2
2
3
3
3
3
3
3
3
3
3
3
3
3
3
3
3
3
3
3
3
3
3
3
3
3
3
3
3
3
3
3
3
3
3
3
3
3
3
3
3
3
3
3
3
3
3
3
3
3
3
3
3
3
3
3
3
3
3
3
3
3
3
3
3
3
3
3
3
3
3
3
3
3
3
3
3
3
3
3
3
3
3
3
3
3
3
3
3
3
3
3
3
3
3
3
3
3
3
3
3
3
3
3
3
3
3
3
3
3
3
3
3
3
3
3
3
3
3
3
3
3
3
3
3
3
3
3
3
3
3
3
3
3
3
3
3
3
3
3
3
3
3
3
3
3
3
3
3
3
3
3
3
3
3
3
3
3
3
3
3
3
3
3
3
3
3
3
3
3
3
3
3
3
3
3
3
3
3
3
3
3
3
3
3
3
3
3
3
3
3
3
3
3
3
3
3
3
3
3
3
3
3
3
3
3
3
3
3
3
3
3
3
3
3
3
3
3
3
3
3
3
3
3
3
3
3
3
3
3
3
3
3
3
3
3
3
3
3
3
3
3
3
3
3
3
3
3
3
3
3
3
3
3
3
3
3
3
3
3
3
3
3
3
3
3
3
3
3
3
3
3
3
3
3
3
3
3
3
3
3
3
3
3
3
3
3
3
3
3
3
3
3
3
3
3
3
3
3
3
3
3
3
3
3
3
3
3
3
3
3
3
3
3
3
3
3
3
3
3
3
3
3
3
3
3
3
3
3
3
3
3
3
3
3
3
3
3
3
3
3
3
3
3
3
3
3
3
3
3
3
3
3
3
3
3
3
3
3
3
3
3
3
3
3
3
3
3
3
3
3
3
3
3
3
3
3
3
3
3
3
3
3
3
3
3
3
3
3
3
3
3
3
3
3
3
3
3
3
3
3
3
3
3
3
3
3
3
3
3
3
3
3
3
3
3
3
3
3
3
3
3
3
3
3
3
3
3
3
3
3
3
3
3
3
3
3
3
3
3
3
3
3
3
3
3
3
3
3
3
3
3
3
3
3
3
3
3
3
3
3
3
3
3
3
3
3
3
3
3
3
3
3
3
3
3
3
3
3
3
3
3
3
3
3
3
3
3
3
3
3
3
3
3
3
3
3
3
3
3
3
3
3
3
3
3
3
3
3
3
3
3
3
3
3
3
3
3
3
3
3
3
3
3
3
3
3
3
3
3
3
3
3
3
3
3
3
3
3
3
3
3
3
3
3
3
3
3
3
3
3
3
3
3
3
3
3
3
3
3
3
3
3
3
3
3
3
3
3
3
3
3
3
3
3
3
3
3
3
3
3
3
3
3
3
3
3
3
3
3
3
3
3
3
3
3
3
3
3
3
3
3
3
3
3
3
3
3
3
3
3
3
3
3
3
3
3
3
3
3
3
3
3
3
3
3
3
3
3
3
3
3
3
3
3
3
3
3
3
3
3
3
3
3
3
3
3
3
3
3
3
3
3
3
3
3
3
3
3
3
3
3
3
3
3
3
3
3
3
3
3
3
3
3
3
3
3
3
3
3
3
3
3
3
3
3
3
3
3
3
3
3
3
3
3
3
3
3
3
3
3
3
3
3
3
3
3
3
3
3
3
3
3
3
3
3
3
3
3
3
3
3
3
3
3
3
3
3
3
3
3
3
3
3
3
3
3
3
3
3
3
3
3
3
3
3
3
3
3
3
3
3
3
3
3
3
3
3
3
3
3
3
3
3
3
3
3
3
3
3
3
3
3
3
3
3
3
3
3
3
3
3
3
3
3
3
3
3
3
3
3
3
3
3
3
3
3
3
3
3
3
3
3
3
3
3
3
3
3
3
3
3
3
3
3
3
3
3
3
3
3
3
3
3
3
3
3
3
3
3
3
3
3
3
3
3
3
3
3
3
3
3
3
3
3
3
3
3
3
3
3
3
3
3
3
3
3
3
3
3
3
3
3
3
3
3
3
3
3
3
3
3
3
3
3
3
3
3
3
3
3
3
3
3
3
3
3
3
3
3
3
3
3
3
3
3
3
3
3
3
3
3
3
3
3
3
3
3
3
3
3
3
3
3
3
3
3
3
3
3
3
3
3
3
3
3
3
3
3
3
3
3
3
3
3
3
3
3
3
3
3
3
3
3
3
3
3
3
3
3
3
3
3
3
3
3
3
3
3
3
3
3
3
3
3
3
3
3
3
3
3
3
3
3
3
3
3
3
3
3
3
3
3
3
3
3
3
3
3
3
3
3
3
3
3
3
3
3
3
3
3
3
3
3
3
3
3
3
3
3
3
3
3
3
3
3
3
3
3
3
3
3
3
3
3
3
3
3
3
3
3
3
3
3
3
3
3
3
3
3
3
3
3
3
3
3
3
3
3
3
3
3
3
3
3
3
3
3
3
3
3
3
3
3
3
3
3
3
3
3
3
3
3
3
3
3
3
3
3
3
3
3
3
3
3
3
3
3
3
3
3
3
3
3
3
3
3
3
3
3
3
3
3
3
3
3
3
3
3
3
3
3
3
3
3
3
3
3
3
3
3
3
3
3
3
3
3
3
3
3
3
3
3
3
3
3
3
3
3
3
3
3
3
3
3
3
3
3
3
3
3
3
4
4
4
4
4
4
4
4
4
4
4
4
4
4
4
4
4
4
4
4
4
4
4
4
4
4
4
4
4
4
4
4
4
4
4
4
4
4
4
4
4
4
4
4
4
4
4
4
4
4
4
4
4
4
4
4
4
4
4
4
4
4
4
4
4
4
4
4
4
4
4
4
4
4
4
4
4
4
4
4
4
4
4
4
4
4
4
4
4
4
4
4
4
4
4
4
4
4
4
4
4
4
4
4
4
4
4
4
4
4
4
4
4
4
4
4
4
4
4
4
4
4
4
4
4
4
4
4
4
4
4
4
4
4
4
4
4
4
4
4
4
4
4
4
4
4
4
4
4
4
4
4
4
4
4
4
4
4
4
4
4
4
4
4
4
4
4
4
4
4
4
4
4
4
4
4
4
4
4
4
4
4
4
4
4
4
4
4
4
4
4
4
5
5
5
5
5
5
5
5
5
5
5
5
5
5
5
5
5
5
5
5
5
5
5
5
5
5
5
5
5
5
5
5
5
5
5
5
5
5
5
5
5
5
5
5
5
5
5
5
5
5
5
5
5
5
5
5
5
5
5
5
5
5
5
5
5
5
5
5
5
5
5
5
5
5
5
5
5
5
5
5
5
5
5
5
5
5
5
5
5
5
5
5
5
5
5
5
5
5
5
5
5
5
5
5
5
5
5
5
5
5
5
5
5
5
5
5
5
5
5
5
5
5
5
5
5
5
5
5
5
5
5
5
5
5
5
5
5
5
5
5
5
5
5
5
5
5
5
5
5
5
5
5
5
5
5
5
5
5
5
5
5
5
5
5
5
5
5
5
5
5
5
5
5
5
5
5
5
5
5
5
5
5
5
5
5
5
5
5
5
5
5
5
5
5
5
5
5
5
5
5
5
5
5
5
5
5
5
5
5
5
5
5
5
5
5
5
5
5
5
5
5
5
5
5
5
5
5
5
5
5
5
5
5
5
5
5
5
5
5
5
5
5
5
5
5
5
5
5
5
5
5
5
5
5
5
5
5
5
5
5
5
5
5
5
5
5
5
5
5
5
5
5
5
5
5
5
5
5
5
5
5
5
5
5
5
5
5
5
5
5
5
5
5
5
5
5
5
5
5
5
5
5
5
5
5
5
5
5
5
5
5
5
5
5
5
5
5
5
5
5
5
5
5
5
5
5
5
5
5
5
5
5
5
5
5
5
5
5
5
5
5
5
5
5
5
5
5
5
5
5
5
5
5
5
5
5
5
5
5
5
5
5
5
5
5
5
5
5
5
5
5
5
5
5
5
5
5
5
5
5
5
5
5
5
5
5
5
5
5
5
5
5
5
5
5
5
5
5
5
5
5
5
5
5
5
5
5
5
5
5
5
5
5
5
5
5
5
5
5
5
5
5
5
5
5
5
5
5
5
5
5
5
5
5
5
5
5
5
5
5
5
5
5
5
5
5
5
5
5
5
5
5
5
5
5
5
5
5
5
5
5
5
5
5
5
5
5
5
5
5
5
5
5
5
5
5
5
5
5
5
5
5
5
5
5
5
5
5
5
5
5
5
5
5
5
5
5
5
5
5
5
5
5
5
5
5
5
5
5
5
5
5
5
5
5
5
5
5
5
5
5
5
5
5
5
5
5
5
5
5
5
5
5
5
5
5
5
5
5
5
5
5
5
5
5
5
5
5
5
5
5
5
5
5
5
5
5
5
5
5
5
5
5
5
5
5
5
5
5
5
5
5
5
5
5
5
5
5
5
5
5
5
5
5
5
5
5
5
5
5
5
5
5
5
5
5
5
5
5
5
5
5
5
5
5
5
5
5
5
5
5
5
5
5
5
5
5
5
5
5
5
5
5
5
5
5
5
5
5
5
5
5
5
5
5
5
5
5
5
5
5
5
5
5
5
5
5
5
5
5
5
5
5
5
5
5
5
5
5
5
5
5
5
5
5
5
5
5
5
5
5
5
5
5
5
5
5
5
5
5
5
5
5
5
5
5
5
5
5
5
5
5
5
5
5
5
5
5
5
5
5
5
5
5
5
5
5
5
5
5
5
5
5
5
5
5
5
5
5
5
5
5
5
5
5
5
5
5
5
5
5
5
5
5
5
5
5
5
5
5
5
5
5
5
5
5
5
5
5
5
5
5
5
5
5
5
5
5
5
5
5
5
5
5
5
5
5
5
5
5
5
5
5
5
5
5
5
5
5
5
5
5
5
5
5
5
5
5
5
5
5
5
5
5
5
5
5
5
5
5
5
5
5
5
5
5
5
5
5
5
5
5
5
5
5
5
5
5
5
5
5
5
5
5
5
5
5
5
5
5
5
5
5
5
5
5
5
5
5
5
5
5
5
5
5
5
5
5
5
5
5
5
5
5
5
5
5
5
5
5
5
5
5
5
5
5
5
5
5
5
5
5
6
6
6
6
6
6
6
6
6
6
6
6
6
6
6
6
6
6
6
6
6
6
6
6
6
6
6
6
6
6
6
6
6
6
6
6
6
6
6
6
6
6
6
6
6
6
6
6
6
6
6
6
6
6
6
6
6
6
6
6
6
6
6
6
6
6
6
6
6
6
6
6
6
6
6
6
6
6
6
6
6
6
6
6
6
6
6
6
6
6
6
6
6
6
6
6
6
6
6
6
6
6
6
6
6
6
6
6
6
6
6
6
6
6
6
6
6
6
6
6
6
6
6
6
6
6
6
6
6
6
6
6
6
6
6
6
39 38 37 
20 3 2 
32 39 37 
18 20 2 
28 27 43 
5 39 40 
6 5 40 
7 6 40 
9 8 42 
10 9 43 
22 34 36 
35 22 36 
20 19 38 
3 20 38 
41 7 40 
30 41 40 
4 3 38 
39 4 38 
31 30 40 
38 33 37 
21 33 38 
39 31 40 
8 7 41 
42 8 41 
19 21 38 
33 32 37 
29 42 41 
30 29 41 
35 1 17 
29 28 42 
12 45 46 
5 4 39 
28 43 42 
13 12 46 
43 9 42 
32 31 39 
14 13 46 
47 14 46 
24 47 46 
15 14 47 
24 23 47 
25 24 46 
45 25 46 
22 35 48 
23 22 48 
12 11 45 
26 45 44 
47 23 48 
45 11 44 
26 25 45 
11 10 44 
10 43 44 
15 47 48 
43 27 44 
16 15 48 
17 16 48 
27 26 44 
35 17 48 
78 77 88 
58 57 92 
59 58 92 
93 59 92 
66 68 50 
54 53 88 
73 93 92 
74 73 92 
91 74 92 
83 64 96 
84 83 96 
57 91 92 
72 71 94 
82 84 96 
70 82 96 
71 70 95 
70 96 95 
93 72 94 
60 93 94 
61 60 94 
95 61 94 
63 62 96 
64 63 96 
71 95 94 
51 50 85 
76 75 90 
86 51 85 
80 86 85 
81 80 85 
96 62 95 
64 83 65 
62 61 95 
56 55 90 
57 56 91 
83 49 65 
56 90 91 
67 81 85 
68 67 85 
52 51 86 
50 68 85 
90 75 91 
75 74 91 
52 86 87 
80 79 86 
81 67 69 
86 79 87 
79 78 87 
78 88 87 
88 53 87 
60 59 93 
53 52 87 
73 72 93 
76 90 89 
90 55 89 
77 76 89 
88 77 89 
54 88 89 
55 54 89 
171 172 164 
534 533 548 
549 534 548 
563 549 548 
179 182 165 
180 179 165 
562 563 548 
547 562 548 
533 547 548 
184 180 165 
183 184 165 
651 652 633 
632 651 633 
617 632 633 
182 183 165 
618 617 633 
66 50 97 
277 276 184 
281 277 184 
280 281 184 
634 618 633 
652 634 633 
265 322 323 
276 180 184 
250 175 174 
274 272 174 
266 265 323 
324 266 323 
384 324 323 
383 384 323 
272 250 174 
188 187 167 
322 383 323 
439 425 424 
187 166 167 
166 168 167 
438 439 424 
423 438 424 
409 423 424 
250 251 175 
168 219 164 
187 318 166 
410 409 424 
219 220 171 
220 221 171 
425 410 424 
535 521 520 
534 535 520 
218 168 166 
217 218 166 
130 18 2 
519 534 520 
318 217 166 
237 238 185 
238 375 185 
495 519 520 
375 351 185 
496 495 520 
521 496 520 
467 590 591 
351 194 185 
194 191 185 
276 275 180 
468 467 591 
592 468 591 
673 592 591 
191 237 185 
175 251 178 
672 673 591 
590 672 591 
555 570 556 
251 252 178 
252 253 178 
541 555 556 
542 541 556 
557 542 556 
253 182 178 
223 190 169 
190 189 169 
571 557 556 
570 571 556 
460 461 284 
189 188 169 
218 219 168 
502 460 284 
283 502 284 
305 314 315 
188 167 169 
306 305 315 
316 306 315 
279 283 284 
175 178 179 
178 182 179 
219 171 164 
280 279 284 
282 280 284 
636 654 655 
164 172 163 
270 656 273 
656 655 273 
655 272 273 
237 230 233 
637 636 655 
230 231 233 
656 637 655 
560 574 575 
561 560 575 
508 507 244 
368 369 206 
576 561 575 
598 576 575 
597 598 575 
507 248 244 
317 316 212 
217 317 212 
574 597 575 
206 369 211 
369 370 211 
351 352 194 
601 578 600 
229 224 170 
373 374 234 
615 601 600 
614 615 600 
599 614 600 
233 231 234 
646 645 242 
361 193 192 
577 599 600 
362 361 192 
270 273 274 
273 272 274 
578 577 600 
315 314 207 
215 220 214 
220 219 214 
535 550 536 
509 508 241 
508 244 241 
521 535 536 
522 521 536 
366 367 201 
537 522 536 
643 511 239 
511 510 239 
551 537 536 
645 644 239 
644 643 239 
550 551 536 
258 658 261 
658 657 261 
531 545 546 
532 531 546 
547 532 546 
657 270 261 
561 547 546 
560 561 546 
224 223 170 
223 169 170 
545 560 546 
222 232 173 
64 65 285 
65 162 285 
162 161 285 
162 65 49 
161 286 285 
286 287 285 
287 64 285 
232 231 173 
217 212 218 
426 412 411 
425 426 411 
231 230 173 
410 425 411 
396 410 411 
171 221 173 
397 396 411 
412 397 411 
444 430 429 
281 463 277 
463 464 277 
364 363 196 
1 129 17 
194 352 196 
443 444 429 
352 353 196 
353 364 196 
428 443 429 
318 317 217 
414 428 429 
221 222 173 
415 414 429 
254 278 181 
194 196 191 
430 415 429 
658 258 256 
255 660 256 
482 496 497 
483 482 497 
498 483 497 
660 659 256 
522 498 497 
659 658 256 
461 282 284 
357 355 189 
521 522 497 
496 521 497 
53 54 337 
338 53 337 
345 338 337 
344 345 337 
54 344 337 
136 135 511 
137 136 511 
643 137 511 
466 467 259 
260 466 259 
158 157 296 
135 510 511 
577 563 562 
576 577 562 
561 576 562 
547 561 562 
484 483 498 
499 484 498 
523 499 498 
522 523 498 
385 324 384 
506 385 384 
505 506 384 
383 505 384 
533 519 518 
532 533 518 
517 532 518 
493 517 518 
494 493 518 
519 494 518 
472 487 473 
447 472 473 
109 447 473 
110 109 473 
488 110 473 
487 488 473 
453 454 439 
438 453 439 
440 425 439 
454 440 439 
446 472 447 
432 446 447 
108 432 447 
109 108 447 
577 576 599 
613 614 599 
598 613 599 
576 598 599 
312 303 302 
311 312 302 
155 311 302 
156 155 302 
157 156 302 
303 157 302 
642 641 660 
661 642 660 
262 260 259 
258 262 259 
257 258 259 
641 659 660 
677 125 682 
683 677 682 
671 683 682 
672 671 682 
673 672 682 
125 673 682 
352 376 377 
353 352 377 
378 353 377 
400 378 377 
399 400 377 
376 399 377 
387 509 388 
327 387 388 
135 327 388 
510 135 388 
509 510 388 
552 567 553 
538 552 553 
539 538 553 
554 539 553 
568 554 553 
567 568 553 
475 450 449 
474 475 449 
448 474 449 
434 448 449 
435 434 449 
450 435 449 
629 628 647 
648 629 647 
644 648 647 
643 644 647 
137 643 647 
138 137 647 
628 138 647 
445 430 444 
459 445 444 
458 459 444 
443 458 444 
537 552 538 
523 537 538 
524 523 538 
539 524 538 
616 601 615 
631 616 615 
145 144 529 
630 631 615 
614 630 615 
446 432 431 
445 446 431 
430 445 431 
416 430 431 
417 416 431 
432 417 431 
605 583 582 
604 605 582 
581 604 582 
567 581 582 
568 567 582 
583 568 582 
469 468 592 
122 469 592 
123 122 592 
673 123 592 
671 672 590 
589 671 590 
466 589 590 
467 466 590 
540 555 541 
526 540 541 
527 526 541 
542 527 541 
588 587 669 
670 588 669 
684 670 669 
685 684 669 
668 685 669 
587 668 669 
684 683 670 
589 588 670 
671 589 670 
683 671 670 
366 380 389 
367 366 389 
390 367 389 
404 390 389 
403 404 389 
380 403 389 
266 267 227 
226 266 227 
199 226 227 
200 199 227 
228 200 227 
267 228 227 
341 349 342 
336 341 342 
100 336 342 
101 100 342 
350 101 342 
349 350 342 
578 563 577 
128 127 663 
662 128 663 
664 662 663 
675 664 663 
674 675 663 
127 674 663 
507 385 506 
467 257 259 
209 204 205 
210 209 205 
206 210 205 
11 666 625 
10 11 625 
460 10 625 
461 460 625 
585 461 625 
666 585 625 
203 206 205 
313 303 312 
202 203 205 
204 202 205 
653 654 635 
634 653 635 
619 634 635 
620 619 635 
636 620 635 
654 636 635 
484 485 459 
458 484 459 
471 445 459 
485 471 459 
51 52 330 
328 51 330 
331 328 330 
334 331 330 
333 334 330 
52 333 330 
263 260 262 
271 263 262 
143 142 559 
261 271 262 
258 261 262 
585 462 461 
401 400 415 
416 401 415 
430 416 415 
12 13 687 
400 414 415 
679 684 685 
680 679 685 
686 680 685 
668 686 685 
396 373 395 
410 396 395 
409 410 395 
394 409 395 
372 394 395 
373 372 395 
476 450 475 
490 476 475 
489 490 475 
474 489 475 
381 502 503 
382 381 503 
504 382 503 
492 478 477 
491 492 477 
476 491 477 
451 476 477 
452 451 477 
478 452 477 
402 379 401 
416 402 401 
378 400 401 
379 378 401 
351 376 352 
645 239 240 
129 128 662 
242 645 240 
243 242 240 
16 17 662 
17 129 662 
241 243 240 
438 452 453 
479 454 453 
478 479 453 
452 478 453 
465 588 589 
100 99 336 
466 465 589 
454 479 480 
455 454 480 
481 455 480 
495 481 480 
494 495 480 
479 494 480 
451 437 436 
450 451 436 
435 450 436 
421 435 436 
422 421 436 
437 422 436 
413 414 399 
398 413 399 
376 398 399 
414 400 399 
147 489 474 
148 147 474 
448 148 474 
486 500 501 
487 486 501 
102 101 350 
512 487 501 
526 512 501 
525 526 501 
500 525 501 
199 130 177 
130 2 177 
2 3 177 
412 413 398 
397 412 398 
375 397 398 
376 375 398 
509 241 240 
307 316 317 
308 307 317 
318 308 317 
510 509 240 
239 510 240 
618 604 603 
617 618 603 
602 617 603 
580 602 603 
581 580 603 
604 581 603 
427 428 413 
412 427 413 
428 414 413 
339 333 338 
346 339 338 
345 346 338 
333 53 338 
457 482 483 
465 260 269 
458 457 483 
484 458 483 
320 58 310 
319 320 310 
309 319 310 
59 309 310 
58 59 310 
580 566 565 
579 580 565 
564 579 565 
550 564 565 
551 550 565 
566 551 565 
487 472 486 
485 500 486 
471 485 486 
472 471 486 
524 525 500 
499 524 500 
485 499 500 
159 158 288 
289 159 288 
292 289 288 
297 292 288 
296 297 288 
158 296 288 
226 265 266 
324 267 266 
564 578 579 
602 580 579 
601 602 579 
578 601 579 
326 133 268 
325 326 268 
267 325 268 
228 267 268 
133 228 268 
309 308 318 
319 309 318 
122 121 470 
464 465 269 
277 464 269 
276 277 269 
263 276 269 
539 525 524 
499 523 524 
676 664 675 
680 676 675 
679 680 675 
674 679 675 
60 61 301 
309 60 301 
308 309 301 
300 308 301 
295 300 301 
61 295 301 
622 608 607 
621 622 607 
606 621 607 
584 606 607 
593 584 607 
608 593 607 
427 441 442 
428 427 442 
443 428 442 
457 443 442 
456 457 442 
441 456 442 
476 490 491 
516 492 491 
6 7 321 
515 516 491 
490 515 491 
624 639 640 
626 624 640 
641 626 640 
659 641 640 
658 659 640 
140 139 612 
639 658 640 
545 531 530 
544 545 530 
529 544 530 
515 529 530 
516 515 530 
531 516 530 
527 542 528 
513 527 528 
112 513 528 
113 112 528 
543 113 528 
542 543 528 
373 396 374 
260 263 269 
206 211 210 
214 209 210 
397 375 374 
105 104 379 
396 397 374 
629 630 614 
613 629 614 
619 604 618 
634 619 618 
293 299 294 
290 293 294 
291 290 294 
295 291 294 
300 295 294 
142 141 574 
299 300 294 
645 649 648 
644 645 648 
559 142 574 
630 629 648 
649 630 648 
434 419 433 
448 434 433 
149 448 433 
150 149 433 
418 150 433 
419 418 433 
653 634 652 
215 214 210 
681 680 686 
687 681 686 
667 687 686 
668 667 686 
296 303 304 
297 296 304 
305 297 304 
314 305 304 
313 314 304 
303 313 304 
386 326 325 
385 386 325 
324 385 325 
267 324 325 
681 14 676 
680 681 676 
15 664 676 
14 15 676 
612 139 628 
139 138 628 
606 605 620 
621 606 620 
636 621 620 
605 619 620 
504 505 383 
382 504 383 
322 382 383 
623 639 624 
609 623 624 
610 609 624 
626 610 624 
619 605 604 
211 215 210 
155 365 311 
443 457 458 
234 374 238 
440 426 425 
391 392 369 
118 117 611 
368 391 369 
233 234 238 
392 370 369 
535 534 549 
550 535 549 
564 550 549 
106 105 402 
105 379 402 
563 564 549 
586 462 585 
667 586 585 
666 667 585 
328 331 329 
97 328 329 
98 97 329 
332 98 329 
331 332 329 
519 533 534 
650 646 651 
5 6 264 
6 321 264 
632 650 651 
532 547 533 
386 508 387 
326 386 387 
327 326 387 
508 509 387 
455 440 454 
684 679 678 
683 684 678 
677 683 678 
665 677 678 
674 665 678 
679 674 678 
551 552 537 
523 522 537 
464 588 465 
237 233 238 
181 279 183 
182 181 183 
376 351 375 
499 485 484 
517 531 532 
13 14 681 
687 13 681 
441 426 440 
455 441 440 
572 594 595 
573 572 595 
596 573 595 
610 596 595 
609 610 595 
594 609 595 
374 375 238 
9 460 502 
8 9 502 
381 8 502 
253 252 247 
345 358 359 
346 345 359 
360 346 359 
248 253 247 
358 345 344 
357 358 344 
343 357 344 
55 343 344 
54 55 344 
427 412 426 
441 427 426 
495 494 519 
422 437 423 
408 422 423 
409 408 423 
437 438 423 
115 114 558 
573 115 558 
572 573 558 
557 572 558 
543 557 558 
114 543 558 
584 570 569 
583 584 569 
568 583 569 
554 568 569 
555 554 569 
336 99 332 
99 98 332 
570 555 569 
451 450 476 
514 515 490 
489 514 490 
289 292 293 
61 62 295 
290 289 293 
298 299 293 
292 298 293 
365 380 366 
392 391 406 
407 392 406 
421 407 406 
420 421 406 
405 420 406 
391 405 406 
456 455 481 
482 456 481 
496 482 481 
495 496 481 
116 573 596 
117 116 596 
611 117 596 
610 611 596 
244 248 247 
321 7 381 
7 8 381 
243 244 247 
456 441 455 
134 133 327 
135 134 327 
133 326 327 
298 297 305 
306 298 305 
119 118 627 
642 119 627 
641 642 627 
626 641 627 
611 626 627 
118 611 627 
611 610 626 
147 146 489 
146 514 489 
563 578 564 
246 243 247 
587 464 463 
586 587 463 
462 586 463 
177 3 198 
199 177 198 
226 199 198 
225 226 198 
4 225 198 
3 4 198 
103 102 364 
356 103 364 
353 356 364 
350 363 364 
102 350 364 
587 588 464 
571 593 594 
572 571 594 
608 609 594 
593 608 594 
265 226 225 
264 265 225 
5 264 225 
4 5 225 
252 246 247 
583 605 606 
584 583 606 
348 349 341 
340 348 341 
335 340 341 
336 335 341 
393 370 392 
407 393 392 
407 422 408 
393 407 408 
394 393 408 
409 394 408 
155 154 365 
154 153 365 
236 192 235 
386 385 507 
508 386 507 
602 616 617 
616 632 617 
229 236 235 
224 229 235 
126 677 665 
127 126 665 
674 127 665 
57 58 320 
193 224 235 
192 193 235 
616 602 601 
116 115 573 
160 159 289 
471 446 445 
482 457 456 
420 434 435 
421 420 435 
107 106 417 
432 107 417 
402 416 417 
106 402 417 
628 629 613 
612 628 613 
598 612 613 
437 452 438 
149 148 448 
559 560 545 
544 559 545 
650 632 631 
649 650 631 
630 649 631 
632 616 631 
12 687 666 
11 12 666 
687 667 666 
357 343 355 
191 192 236 
56 57 355 
343 56 355 
557 571 572 
321 382 322 
264 321 322 
265 264 322 
368 367 390 
391 368 390 
405 391 390 
404 405 390 
335 332 331 
334 335 331 
146 145 514 
529 515 514 
145 529 514 
334 333 339 
340 334 339 
347 340 339 
346 347 339 
668 587 586 
321 381 382 
667 668 586 
488 487 512 
513 488 512 
527 513 512 
526 527 512 
513 111 488 
111 110 488 
143 559 544 
404 419 405 
144 143 544 
529 144 544 
237 191 236 
126 125 677 
55 56 343 
492 517 493 
478 492 493 
479 478 493 
494 479 493 
112 111 513 
152 151 403 
380 152 403 
418 404 403 
151 418 403 
470 661 469 
122 470 469 
542 557 543 
114 113 543 
300 307 308 
419 434 420 
405 419 420 
525 540 526 
517 516 531 
639 657 658 
230 237 236 
229 230 236 
215 211 216 
437 451 452 
52 53 333 
104 103 356 
362 349 348 
361 362 348 
347 361 348 
340 347 348 
645 646 650 
649 645 650 
360 347 346 
295 62 291 
62 63 291 
363 349 362 
371 394 372 
360 361 347 
471 472 446 
9 10 460 
97 50 328 
50 51 328 
296 157 303 
566 552 551 
59 60 309 
141 140 597 
574 141 597 
612 598 597 
140 612 597 
221 215 216 
63 64 287 
291 63 287 
290 291 287 
286 290 287 
222 221 216 
371 222 216 
407 421 422 
120 119 642 
661 120 642 
370 371 216 
211 370 216 
191 196 195 
108 107 432 
192 191 195 
393 371 370 
365 153 380 
153 152 380 
306 316 307 
299 306 307 
300 299 307 
581 567 566 
580 581 566 
567 552 566 
554 555 540 
539 554 540 
525 539 540 
638 639 623 
622 638 623 
608 622 623 
559 574 560 
609 608 623 
570 593 571 
298 306 299 
340 335 334 
289 290 286 
160 289 286 
161 160 286 
104 356 354 
379 104 354 
378 379 354 
353 378 354 
356 353 354 
363 350 349 
637 622 621 
636 637 621 
298 292 297 
121 120 661 
470 121 661 
151 150 418 
656 657 638 
637 656 638 
419 404 418 
622 637 638 
657 639 638 
394 371 393 
336 332 335 
16 662 664 
15 16 664 
132 200 228 
133 132 228 
570 584 593 
517 492 516 
124 123 673 
125 124 673 
130 199 200 
131 130 200 
132 131 200 
362 192 195 
363 362 195 
196 363 195 
651 646 245 
652 651 245 
249 652 245 
251 249 245 
246 251 245 
243 246 245 
242 243 245 
646 242 245 
168 164 163 
167 168 163 
234 231 232 
373 234 232 
372 373 232 
222 372 232 
252 251 246 
465 466 260 
275 263 271 
274 275 271 
655 654 272 
270 274 271 
261 270 271 
251 250 249 
653 652 249 
250 653 249 
313 202 204 
314 313 204 
207 314 204 
209 207 204 
169 167 163 
220 215 221 
280 184 183 
241 244 243 
213 212 208 
209 213 208 
207 209 208 
315 207 208 
316 315 208 
212 316 208 
312 311 197 
202 312 197 
201 202 197 
366 201 197 
365 366 197 
462 463 281 
311 365 197 
504 503 278 
505 504 278 
254 505 278 
279 280 183 
179 180 176 
461 462 282 
462 281 282 
283 279 278 
503 283 278 
175 179 176 
174 175 176 
274 174 176 
275 274 176 
282 281 280 
355 57 186 
188 355 186 
187 188 186 
319 187 186 
320 319 186 
57 320 186 
371 372 222 
358 357 190 
359 358 190 
319 318 187 
223 359 190 
180 275 176 
173 230 172 
357 189 190 
276 263 275 
171 173 172 
170 169 163 
172 170 163 
253 248 254 
506 505 254 
248 506 254 
361 360 193 
360 359 223 
193 360 223 
224 193 223 
507 506 248 
229 170 172 
230 229 172 
654 653 250 
272 654 250 
202 201 203 
368 206 203 
367 368 203 
201 367 203 
256 258 257 
255 256 257 
503 502 283 
468 255 257 
467 468 257 
253 254 181 
218 212 213 
219 218 213 
661 660 255 
214 219 213 
209 214 213 
313 312 202 
468 469 255 
469 661 255 
182 253 181 
657 656 270 
278 279 181 
355 188 189 
769 771 772 
770 769 772 
140 770 772 
139 140 772 
774 773 737 
773 133 737 
706 759 728 
138 139 772 
776 138 772 
775 776 772 
771 775 772 
707 706 728 
709 708 726 
755 709 726 
756 755 726 
727 756 726 
757 707 728 
758 757 728 
133 134 737 
757 727 726 
708 757 726 
151 152 756 
765 700 767 
134 780 737 
766 765 767 
768 766 767 
149 758 729 
153 754 725 
158 159 722 
748 158 722 
152 153 725 
83 162 49 
756 152 725 
755 756 725 
135 136 735 
700 699 767 
745 748 722 
721 745 722 
744 721 722 
780 135 735 
779 780 735 
734 779 735 
778 734 735 
159 744 722 
141 768 733 
136 778 735 
703 702 763 
770 141 733 
769 770 733 
699 769 733 
150 151 727 
758 150 727 
757 758 727 
708 707 757 
767 699 733 
758 728 729 
728 759 729 
759 760 729 
151 756 727 
768 767 733 
140 141 770 
711 710 724 
753 711 724 
693 779 734 
694 693 734 
777 694 734 
778 777 734 
760 148 729 
148 149 729 
764 763 732 
751 712 753 
752 751 753 
763 702 732 
754 752 753 
754 753 724 
702 765 732 
146 762 731 
725 754 724 
712 711 753 
145 146 731 
764 145 731 
755 725 724 
763 764 731 
710 755 724 
765 766 732 
766 144 732 
689 688 747 
84 741 740 
83 84 740 
162 83 740 
688 19 747 
768 142 766 
742 162 740 
142 143 766 
84 82 720 
143 144 766 
716 715 745 
134 135 780 
144 764 732 
716 745 721 
715 714 749 
714 713 749 
19 688 21 
750 751 752 
155 750 752 
762 760 761 
705 704 761 
154 155 752 
754 154 752 
741 742 740 
690 689 738 
744 743 721 
144 145 764 
141 142 768 
743 717 721 
775 695 777 
774 690 738 
773 774 738 
739 773 738 
747 739 738 
695 694 777 
717 716 721 
691 774 736 
774 737 736 
153 154 754 
702 701 765 
701 700 765 
691 690 774 
689 747 738 
737 780 736 
699 698 769 
132 773 739 
776 777 778 
132 133 773 
775 777 776 
130 20 18 
137 138 776 
780 779 736 
147 148 760 
762 147 760 
749 713 751 
137 776 778 
136 137 778 
713 712 751 
131 132 739 
746 131 739 
130 131 746 
779 692 736 
692 691 736 
747 746 739 
719 718 741 
710 709 755 
697 696 771 
698 697 771 
769 698 771 
84 720 741 
720 719 741 
696 775 771 
161 162 742 
160 161 742 
744 160 742 
743 744 742 
157 748 723 
146 147 762 
741 743 742 
750 157 723 
749 750 723 
715 749 723 
696 695 775 
745 715 723 
761 760 759 
705 761 759 
706 705 759 
748 745 723 
704 703 730 
761 704 730 
159 160 744 
157 158 748 
762 761 730 
731 762 730 
693 692 779 
763 731 730 
155 156 750 
749 751 750 
741 718 743 
718 717 743 
156 157 750 
20 130 746 
19 20 746 
747 19 746 
703 763 730 
149 150 758 
924 925 918 
917 924 918 
912 917 918 
913 912 918 
886 885 822 
883 886 822 
1191 883 822 
1196 1191 822 
919 913 918 
925 919 918 
888 887 884 
942 888 884 
943 942 884 
885 1196 822 
842 960 816 
960 959 816 
917 923 924 
1170 1171 1180 
1169 1170 1180 
1179 1169 1180 
781 34 22 
1146 1179 1180 
1147 1146 1180 
880 879 818 
889 880 818 
890 889 818 
1148 1147 1180 
1181 1148 1180 
1171 1181 1180 
959 840 816 
1011 993 1012 
883 943 884 
887 883 884 
940 1038 891 
840 839 816 
824 923 820 
823 824 820 
948 823 820 
947 948 820 
922 947 820 
923 922 820 
1013 987 1012 
941 940 891 
888 941 891 
804 997 907 
844 845 815 
938 962 939 
997 973 907 
1000 1001 880 
973 805 907 
805 804 907 
934 938 939 
935 934 939 
946 935 939 
963 946 939 
962 963 939 
1104 1093 898 
795 794 898 
878 886 817 
838 844 815 
919 925 926 
920 919 926 
927 920 926 
886 887 817 
1038 890 891 
1002 872 876 
1035 1034 1037 
1039 1035 1037 
818 879 817 
1138 1139 859 
1049 1039 1037 
1048 1049 1037 
1125 1119 859 
1119 1138 859 
1048 1037 854 
1037 1034 854 
1001 1002 876 
880 1001 876 
787 786 1193 
1038 999 890 
1034 1033 854 
879 880 876 
1173 1172 1193 
1194 1173 1193 
1033 1022 854 
1022 1047 854 
1047 1048 854 
831 838 839 
879 878 817 
720 82 70 
1190 1194 1193 
1189 1190 1193 
785 945 892 
786 1189 1193 
875 879 876 
976 948 947 
872 875 876 
1189 786 892 
786 785 892 
838 843 844 
1041 1023 905 
922 807 947 
797 1082 899 
800 1041 905 
1082 1056 899 
1056 798 899 
798 797 899 
801 800 905 
916 922 923 
839 840 814 
883 887 886 
840 834 814 
834 927 814 
927 830 814 
871 872 869 
917 916 923 
872 1003 869 
927 926 830 
793 792 895 
1003 1004 869 
1016 1033 1034 
1017 1016 1034 
1035 1017 1034 
1146 1145 1178 
1134 1115 895 
792 1134 895 
1076 1073 855 
1179 1146 1178 
1073 1072 855 
1169 1179 1178 
1072 1055 855 
1055 1088 855 
1088 1089 855 
1089 1076 855 
81 69 813 
1168 1169 1178 
1011 1012 852 
1012 987 852 
850 952 849 
1174 1168 1178 
981 850 849 
980 981 849 
1177 1174 1178 
1145 1177 1178 
1174 1173 1194 
1195 1174 1194 
951 980 849 
952 951 849 
1191 1195 1194 
987 984 852 
981 982 850 
984 983 852 
1190 1191 1194 
953 952 850 
958 76 834 
983 972 852 
931 934 935 
972 1011 852 
688 33 21 
1197 885 877 
928 927 834 
76 928 834 
1186 1183 866 
718 931 935 
717 718 935 
1200 1186 866 
946 717 935 
1199 1200 866 
1009 991 1010 
970 1009 1010 
971 970 1010 
1171 1199 866 
972 971 1010 
1182 1171 866 
1183 1182 866 
1011 972 1010 
993 1011 1010 
885 886 877 
962 961 845 
886 878 877 
878 874 877 
1198 1197 877 
992 993 1010 
991 992 1010 
982 983 851 
1183 1165 1182 
983 966 851 
1023 801 905 
966 954 851 
954 953 851 
833 841 835 
832 833 835 
1181 1171 1182 
838 832 835 
843 838 835 
841 843 835 
982 981 971 
972 982 971 
980 970 971 
981 980 971 
1192 689 1163 
1162 1192 1163 
1122 1162 1163 
1123 1122 1163 
1124 1123 1163 
690 1124 1163 
689 690 1163 
1076 1074 1073 
844 843 846 
1049 1072 1073 
1050 1049 1073 
1074 1050 1073 
1195 1168 1174 
1176 1173 1174 
1177 1176 1174 
792 791 1134 
847 844 846 
1116 1115 1134 
1135 1116 1134 
1152 1135 1134 
791 1152 1134 
692 1006 1005 
1066 692 1005 
1004 1066 1005 
848 847 846 
955 848 846 
1006 1203 1005 
1098 1109 1110 
1099 1098 1110 
1100 1099 1110 
1111 1100 1110 
1127 1111 1110 
1126 1127 1110 
1125 1126 1110 
1109 1125 1110 
707 708 1040 
954 955 846 
1108 1097 1096 
1107 1108 1096 
1106 1107 1096 
1095 1106 1096 
1081 1095 1096 
953 954 846 
843 953 846 
871 1200 870 
874 871 870 
873 874 870 
1199 873 870 
900 940 941 
901 900 941 
942 901 941 
991 1009 990 
1030 991 990 
1029 1030 990 
1028 1029 990 
996 1028 990 
1008 996 990 
1009 1008 990 
797 796 1082 
1200 1199 870 
1057 1056 1082 
1083 1057 1082 
1080 1083 1082 
1079 1080 1082 
796 1079 1082 
1111 1112 1101 
1100 1111 1101 
1090 1100 1101 
1091 1090 1101 
1102 1091 1101 
1113 1102 1101 
1112 1113 1101 
810 917 912 
909 810 912 
913 909 912 
861 1126 860 
1140 861 860 
1186 1200 1201 
1187 1186 1201 
1202 1187 1201 
1139 1140 860 
1059 798 1056 
1060 1059 1056 
1057 1060 1056 
859 1139 860 
1105 1104 1115 
1116 1105 1115 
1125 859 860 
1126 1125 860 
925 924 826 
1068 1067 1058 
704 705 1078 
1052 1068 1058 
1084 1052 1058 
1083 1084 1058 
1057 1083 1058 
1060 1057 1058 
1067 1060 1058 
995 998 997 
994 995 997 
803 994 997 
804 803 997 
829 925 826 
974 973 997 
998 974 997 
1081 1084 1083 
1080 1081 1083 
690 691 1124 
1065 1123 1124 
1066 1065 1124 
691 1066 1124 
936 74 959 
960 936 959 
827 829 826 
74 958 959 
977 949 948 
976 977 948 
864 837 836 
863 864 836 
23 863 836 
22 23 836 
781 22 836 
837 781 836 
824 827 826 
1152 790 1149 
1153 1152 1149 
1150 1153 1149 
1175 1150 1149 
924 824 826 
956 964 848 
955 956 848 
937 960 961 
938 937 961 
962 938 961 
839 838 815 
964 963 848 
988 1013 1014 
989 988 1014 
1015 989 1014 
1017 1015 1014 
1016 1017 1014 
1013 1016 1014 
1154 1155 1137 
1136 1154 1137 
1118 1136 1137 
1119 1118 1137 
1138 1119 1137 
1155 1138 1137 
1133 1132 1143 
1144 1133 1143 
1161 1144 1143 
1160 1161 1143 
1142 1160 1143 
1132 1142 1143 
816 839 815 
842 816 815 
845 842 815 
1165 1161 1160 
891 890 819 
1142 1159 1160 
1093 1104 1094 
1079 1093 1094 
1080 1079 1094 
1081 1080 1094 
1095 1081 1094 
1106 1095 1094 
1105 1106 1094 
1104 1105 1094 
1085 1052 1084 
1081 1085 1084 
1113 1114 1103 
1102 1113 1103 
73 74 936 
1092 1102 1103 
703 1092 1103 
702 703 1103 
701 702 1103 
1114 701 1103 
1026 995 994 
888 891 819 
887 888 819 
699 700 1133 
1144 699 1133 
1129 1132 1133 
1130 1129 1133 
700 1130 1133 
934 930 933 
938 934 933 
937 938 933 
932 937 933 
72 932 933 
930 72 933 
984 985 967 
966 984 967 
955 966 967 
956 955 967 
957 956 967 
968 957 967 
985 968 967 
1117 1136 1118 
1106 1117 1118 
1107 1106 1118 
1108 1107 1118 
1119 1108 1118 
1062 1120 1121 
1063 1062 1121 
1122 1063 1121 
1162 1122 1121 
31 1162 1121 
30 31 1121 
1120 30 1121 
1024 1025 1028 
1027 1024 1028 
996 1027 1028 
1025 1029 1028 
709 710 1018 
1036 709 1018 
1035 1036 1018 
1017 1035 1018 
29 30 1120 
1015 1017 1018 
710 1015 1018 
961 960 842 
985 984 987 
988 985 987 
1013 988 987 
995 1026 1027 
996 995 1027 
1023 1024 1027 
1026 1023 1027 
901 902 864 
863 901 864 
865 837 864 
716 717 946 
902 865 864 
1065 1004 1003 
1064 1065 1003 
1002 1064 1003 
845 961 842 
932 936 937 
936 960 937 
1130 1114 1129 
1131 1132 1129 
710 711 1015 
1128 1131 1129 
1112 1128 1129 
1113 1112 1129 
1114 1113 1129 
1090 1077 1076 
1089 1090 1076 
827 825 828 
1077 1074 1076 
966 983 984 
1043 1019 1025 
1042 1043 1025 
1024 1042 1025 
1019 1029 1025 
1068 1045 1044 
1067 1068 1044 
1043 1067 1044 
707 1040 1051 
1019 1043 1044 
1020 1019 1044 
1045 1020 1044 
1071 1072 1048 
706 707 1051 
1047 1071 1048 
832 827 828 
833 832 828 
1072 1049 1048 
1060 1067 1043 
1042 1060 1043 
951 833 828 
950 951 828 
949 978 950 
825 950 828 
979 951 950 
978 979 950 
1148 1158 1147 
1156 1146 1147 
1157 1156 1147 
1158 1157 1147 
1038 27 999 
942 941 888 
1061 1000 999 
28 1061 999 
27 28 999 
900 901 863 
24 900 863 
23 24 863 
1000 880 889 
999 1000 889 
890 999 889 
817 887 819 
964 946 963 
1131 1142 1132 
914 919 920 
915 914 920 
921 915 920 
927 921 920 
911 914 910 
80 911 910 
79 80 910 
915 79 910 
914 915 910 
1195 1196 1168 
1197 1169 1168 
1196 1197 1168 
1008 1007 996 
998 995 996 
24 25 900 
1007 998 996 
978 949 977 
975 978 977 
974 975 977 
973 974 977 
976 973 977 
904 944 945 
784 904 945 
785 784 945 
858 1087 857 
1020 1030 1029 
1019 1020 1029 
965 964 956 
957 965 956 
693 1203 1006 
692 693 1006 
998 975 974 
1009 970 969 
1008 1009 969 
1007 1008 969 
975 1007 969 
979 975 969 
980 979 969 
691 692 1066 
970 980 969 
810 916 917 
26 27 1038 
940 26 1038 
783 865 903 
1098 858 857 
904 783 903 
944 904 903 
943 944 903 
902 943 903 
865 902 903 
1176 1175 1172 
1173 1176 1172 
1097 1098 857 
800 799 1041 
1175 788 1172 
805 973 976 
806 805 976 
1151 1176 1177 
1145 1151 1177 
73 936 932 
856 1097 857 
979 980 951 
1142 1131 1141 
72 73 932 
1159 1142 1141 
1158 1159 1141 
1140 1158 1141 
1086 856 857 
1087 1086 857 
1032 993 992 
1031 1032 992 
1030 1031 992 
991 1030 992 
1127 1126 861 
1131 1127 861 
1062 1001 1000 
1061 1062 1000 
1020 1021 1031 
1030 1020 1031 
1022 1032 1031 
1021 1022 1031 
1166 1165 1183 
1184 1166 1183 
1186 1184 1183 
1141 1131 861 
1140 1141 861 
845 844 847 
1108 1109 1098 
1097 1108 1098 
812 811 909 
911 812 909 
913 911 909 
811 810 909 
913 919 914 
911 913 914 
1039 1040 1036 
1035 1039 1036 
708 709 1036 
808 807 922 
1040 708 1036 
1117 1106 1105 
1116 1117 1105 
818 817 819 
890 818 819 
921 927 928 
77 921 928 
76 77 928 
831 827 832 
838 831 832 
694 695 1188 
1016 1013 853 
1033 1016 853 
801 1023 1026 
802 801 1026 
1130 700 1114 
700 701 1114 
1128 1112 1111 
1127 1128 1111 
1187 1184 1186 
1154 1153 1150 
1051 1040 1050 
1151 1154 1150 
1176 1151 1150 
1175 1176 1150 
1032 1033 853 
993 1032 853 
1012 993 853 
1170 1198 1199 
1013 1012 853 
806 976 908 
1171 1170 1199 
807 806 908 
982 972 983 
947 807 908 
976 947 908 
1139 1156 1157 
1140 1139 1157 
1158 1140 1157 
25 26 940 
900 25 940 
1169 1197 1198 
1170 1169 1198 
1093 1079 897 
898 1093 897 
1138 1156 1139 
795 898 897 
1164 1144 1161 
1166 1164 1161 
1165 1166 1161 
1089 1088 1099 
1100 1089 1099 
705 706 1075 
1078 705 1075 
1077 1078 1075 
1074 1077 1075 
1051 1074 1075 
706 1051 1075 
1164 1166 1167 
697 1164 1167 
696 697 1167 
1185 696 1167 
1184 1185 1167 
1166 1184 1167 
796 795 897 
1155 1145 1146 
1156 1155 1146 
1156 1138 1155 
1151 1145 1155 
1154 1151 1155 
75 76 958 
74 75 958 
698 699 1144 
1164 698 1144 
78 915 921 
77 78 921 
799 798 1059 
1041 799 1059 
1042 1041 1059 
1060 1042 1059 
1158 1148 1159 
32 33 1192 
1162 32 1192 
688 689 1192 
33 688 1192 
1079 796 897 
943 883 882 
1069 1053 1070 
1046 1069 1070 
1047 1046 1070 
1071 1047 1070 
1055 1071 1070 
1054 1055 1070 
1053 1054 1070 
80 81 911 
813 812 911 
81 813 911 
719 720 929 
931 719 929 
930 931 929 
968 713 957 
713 714 957 
71 930 929 
70 71 929 
720 70 929 
1116 1135 1117 
1135 1136 1117 
1087 1088 1055 
1054 1087 1055 
1072 1071 1055 
944 943 882 
945 944 882 
966 955 954 
718 719 931 
1020 1045 1021 
1047 1022 1021 
1046 1047 1021 
1045 1046 1021 
881 945 882 
808 922 916 
809 808 916 
810 809 916 
986 988 989 
712 986 989 
711 712 989 
1015 711 989 
1127 1131 1128 
784 783 904 
31 32 1162 
1136 1153 1154 
782 837 865 
783 782 865 
1053 1052 1085 
1086 1053 1085 
1120 1062 1061 
29 1120 1061 
28 29 1061 
931 930 934 
978 975 979 
1153 1135 1152 
791 790 1152 
1033 1032 1022 
703 704 1092 
1091 1102 1092 
1078 1091 1092 
704 1078 1092 
1063 1001 1062 
78 79 915 
1045 1069 1046 
1064 1122 1123 
1065 1064 1123 
942 902 901 
697 698 1164 
1190 881 882 
1108 1119 1125 
1109 1108 1125 
1191 1190 882 
883 1191 882 
1196 1195 1191 
845 847 821 
962 845 821 
1007 975 998 
1091 1077 1090 
1089 1100 1090 
825 824 823 
782 781 837 
1002 1001 1063 
1064 1002 1063 
1122 1064 1063 
716 946 964 
715 716 964 
965 715 964 
949 825 823 
1041 1024 1023 
948 949 823 
1187 1185 1184 
695 696 1185 
1188 695 1185 
1135 1153 1136 
1187 1188 1185 
1069 1068 1052 
1053 1069 1052 
1069 1045 1068 
693 694 1203 
1188 1202 1203 
694 1188 1203 
1078 1077 1091 
1086 1087 1054 
1053 1086 1054 
942 943 902 
1041 1042 1024 
963 962 821 
71 72 930 
714 715 965 
957 714 965 
1065 1066 1004 
986 985 988 
712 713 986 
968 985 986 
713 968 986 
1188 1187 1202 
1051 1050 1074 
789 788 1175 
1049 1050 1039 
1050 1040 1039 
848 963 821 
892 945 881 
1189 892 881 
1190 1189 881 
824 825 827 
831 829 827 
1148 1181 862 
1159 1148 862 
1160 1159 862 
1165 1160 862 
1182 1165 862 
1181 1182 862 
898 794 896 
1104 898 896 
1115 1104 896 
895 1115 896 
793 895 896 
794 793 896 
1088 1087 858 
1099 1088 858 
1098 1099 858 
1197 1196 885 
847 848 821 
1081 1096 856 
1085 1081 856 
1149 790 894 
790 789 894 
789 1175 894 
1175 1149 894 
1026 994 906 
994 803 906 
803 802 906 
802 1026 906 
1086 1085 856 
1096 1097 856 
831 839 814 
830 831 814 
958 834 840 
959 958 840 
877 874 873 
1198 877 873 
1199 1198 873 
1004 1005 867 
869 1004 867 
868 869 867 
1202 868 867 
1002 1003 872 
1203 1202 867 
1005 1203 867 
831 830 829 
926 925 829 
830 926 829 
949 950 825 
924 923 824 
952 841 833 
951 952 833 
878 879 875 
874 878 875 
871 874 875 
872 871 875 
1201 1200 868 
952 953 841 
1202 1201 868 
871 869 868 
1200 871 868 
788 787 893 
1172 788 893 
1193 1172 893 
787 1193 893 
850 982 851 
841 953 843 
953 850 851 
115 116 1222 
1221 115 1222 
795 1221 1222 
797 798 1219 
1220 797 1219 
113 1220 1219 
794 795 1222 
1223 794 1222 
116 1223 1222 
112 113 1219 
1235 128 1228 
782 1235 1228 
781 782 1228 
105 106 1212 
804 805 1212 
787 788 1230 
800 801 1216 
36 781 1228 
35 36 1228 
129 35 1228 
788 1229 1230 
128 129 1228 
805 806 1211 
1212 805 1211 
1229 122 1230 
109 110 1216 
67 813 69 
122 123 1230 
110 111 1217 
105 1212 1211 
104 105 1211 
1210 104 1211 
799 800 1217 
806 1210 1211 
790 791 1226 
803 804 1213 
1214 803 1213 
800 1216 1217 
1216 110 1217 
121 1229 1227 
107 1214 1213 
119 120 1226 
106 107 1213 
1212 106 1213 
804 1212 1213 
116 117 1223 
114 115 1221 
1220 114 1221 
796 1220 1221 
795 796 1221 
1229 789 1227 
789 790 1227 
793 794 1223 
790 1226 1227 
1226 120 1227 
785 786 1232 
120 121 1227 
786 787 1231 
1233 785 1232 
99 100 1206 
787 1230 1231 
125 1233 1232 
124 125 1232 
1230 123 1231 
810 811 1206 
1231 124 1232 
786 1231 1232 
111 112 1218 
123 124 1231 
792 793 1224 
1217 111 1218 
793 1223 1224 
799 1217 1218 
798 799 1218 
113 114 1220 
1223 117 1224 
1219 798 1218 
112 1219 1218 
117 118 1224 
796 797 1220 
1234 784 1233 
812 813 1204 
813 67 1204 
126 1234 1233 
67 68 1204 
806 807 1210 
125 126 1233 
784 785 1233 
68 97 1204 
126 127 1234 
100 101 1207 
103 104 1210 
68 66 97 
1206 100 1207 
127 1235 1234 
810 1206 1207 
101 102 1208 
809 810 1207 
1235 783 1234 
783 784 1234 
808 809 1208 
802 803 1214 
35 129 1 
782 783 1235 
107 108 1214 
1208 809 1207 
101 1208 1207 
807 808 1209 
109 1216 1215 
1216 801 1215 
127 128 1235 
1210 807 1209 
801 802 1215 
802 1214 1215 
103 1210 1209 
1214 108 1215 
102 103 1209 
1208 102 1209 
808 1208 1209 
108 109 1215 
121 122 1229 
811 812 1205 
118 119 1225 
812 1204 1205 
788 789 1229 
1204 97 1205 
1224 118 1225 
97 98 1205 
98 99 1205 
792 1224 1225 
99 1206 1205 
791 792 1225 
1226 791 1225 
1206 811 1205 
119 1226 1225 
781 36 34 
