           4           2          22           2          21           2
           1           1           5           2           2           2
          32           3         103           1          22           1
           1           2           1           2           3           2
          25           4          77           1         103           2
           1           3           2           2           4           2
          18           5          51           1          77           2
           1           4           3           2           5           2
          11           1          21           1          51           2
           1           5           4           2           1           2
           9           7          41           2          37           2
           2           6          10           2           7           2
          16           8          67           2          41           1
           2           7           6           2           8           2
          23           9          93           2          67           1
           2           8           7           2           9           2
          30          10         119           2          93           1
           2           9           8           2          10           2
          37           6          37           1         119           1
           2          10           9           2           6           2
           4          12          21           2          22           2
           3          11          20           2          12           2
          10          13          50           2          42           2
           3          12          11           2          13           2
           8          14          36           2          34           2
           3          13          12           2          14           2
          54          15         164           1          36           1
           3          14          13           2          15           2
          49          16         143           1         164           2
           3          15          14           2          16           2
          38          17         142           2         143           2
           3          16          15           2          17           2
          43          18         156           2         142           1
           3          17          16           2          18           2
          48          19          31           1         156           1
           3          18          17           2          19           2
           7          20          33           2          31           2
           3          19          18           2          20           2
          31          11         127           2         120           2
           3          20          19           2          11           2
          11          12          42           1           5           1
           4           1           1           1          11           1
          32           2           2           1         127           1
           4          11          11           1           1           1
           7          22          32           2          33           2
           5          21          26           2          24           2
          47          23          38           1          32           1
           5          22          23           2          25           2
           9          24          37           2          38           2
           5          23          24           2          26           2
          33          21         130           2         128           2
           5          24          25           2          23           2
           8          26          34           2          35           2
           6          25          30           2          28           2
          12          27          54           2          52           2
           6          26          27           2          29           2
           9          28          40           2          41           2
           6          27          28           2          30           2
          53          25          35           1          40           1
           6          28          29           2          27           2
          48          29         163           1          18           1
           7          19          19           1          32           2
          47          22          24           1         163           2
           7          29          31           2          23           1
          35          20         120           1         130           1
           7          21          23           1          19           1
          14          26          52           1          50           1
           8          13          13           1          27           1
          53          30         172           2          30           1
           8          25          27           1          36           2
          54          14          14           1         172           1
           8          30          35           2          13           1
          37          24         128           1          10           1
           9           6           6           1          25           1
          47          31         154           1          24           1
           9          23          25           1          39           2
          42          32         153           2         154           2
           9          31          38           2          40           2
          53          28          30           1         153           1
           9          32          39           2          29           1
          16           7           7           1          54           1
           9          27          29           1           6           1
          11          33          51           2          21           1
          10          12          12           1          43           2
          17          34          76           2          68           2
          10          33          42           2          44           2
          15          35          63           2          61           2
          10          34          43           2          45           2
          71          36         196           1          63           1
          10          35          44           2          46           2
          66          37         175           1         196           2
          10          36          45           2          47           2
          55          38         174           2         175           2
          10          37          46           2          48           2
          60          39         188           2         174           1
          10          38          47           2          49           2
          65          40          59           1         188           1
          10          39          48           2          50           2
          14          13          34           1          59           2
          10          40          49           2          12           1
          18          33          68           1           4           1
          11           5           5           1          42           1
          14          41          60           2          34           1
          12          26          28           1          53           2
          64          42          64           1          60           1
          12          41          52           2          54           2
          16          27          41           1          64           2
          12          42          53           2          28           1
          15          44          61           2          62           2
          13          43          58           2          56           2
          19          45          80           2          78           2
          13          44          55           2          57           2
          16          46          66           2          67           2
          13          45          56           2          58           2
          70          43          62           1          66           1
          13          46          57           2          55           2
          65          47         195           1          49           1
          14          40          50           1          60           2
          64          41          53           1         195           2
          14          47          59           2          52           1
          21          44          78           1          76           1
          15          34          44           1          55           1
          70          48         204           2          58           1
          15          43          55           1          63           2
          71          35          45           1         204           1
          15          48          62           2          44           1
          64          49         186           1          53           1
          16          42          54           1          65           2
          59          50         185           2         186           2
          16          49          64           2          66           2
          70          46          58           1         185           1
          16          50          65           2          57           1
          23           8           8           1          80           1
          16          45          57           1           7           1
          18          51          77           2          51           1
          17          33          43           1          69           2
          24          52         102           2          94           2
          17          51          68           2          70           2
          22          53          89           2          87           2
          17          52          69           2          71           2
          88          54         228           1          89           1
          17          53          70           2          72           2
          83          55         207           1         228           2
          17          54          71           2          73           2
          72          56         206           2         207           2
          17          55          72           2          74           2
          77          57         220           2         206           1
          17          56          73           2          75           2
          82          58          85           1         220           1
          17          57          74           2          76           2
          21          34          61           1          85           2
          17          58          75           2          43           1
          25          51          94           1           3           1
          18           4           4           1          68           1
          21          59          86           2          61           1
          19          44          56           1          79           2
          81          60          90           1          86           1
          19          59          78           2          80           2
          23          45          67           1          90           2
          19          60          79           2          56           1
          22          62          87           2          88           2
          20          61          84           2          82           2
          26          63         106           2         104           2
          20          62          81           2          83           2
          23          64          92           2          93           2
          20          63          82           2          84           2
          87          61          88           1          92           1
          20          64          83           2          81           2
          82          65         227           1          75           1
          21          58          76           1          86           2
          81          59          79           1         227           2
          21          65          85           2          78           1
          28          62         104           1         102           1
          22          52          70           1          81           1
          87          66         236           2          84           1
          22          61          81           1          89           2
          88          53          71           1         236           1
          22          66          88           2          70           1
          81          67         218           1          79           1
          23          60          80           1          91           2
          76          68         217           2         218           2
          23          67          90           2          92           2
          87          64          84           1         217           1
          23          68          91           2          83           1
          30           9           9           1         106           1
          23          63          83           1           8           1
          25          69         103           2          77           1
          24          51          69           1          95           2
          31          70         126           2         127           2
          24          69          94           2          96           2
          29          71         115           2         113           2
          24          70          95           2          97           2
         105          72         260           1         115           1
          24          71          96           2          98           2
         100          73         239           1         260           2
          24          72          97           2          99           2
          89          74         238           2         239           2
          24          73          98           2         100           2
          94          75         252           2         238           1
          24          74          99           2         101           2
          99          76         111           1         252           1
          24          75         100           2         102           2
          28          52          87           1         111           2
          24          76         101           2          69           1
          32          69         127           1           2           1
          25           3           3           1          94           1
          28          77         112           2          87           1
          26          62          82           1         105           2
          98          78         116           1         112           1
          26          77         104           2         106           2
          30          63          93           1         116           2
          26          78         105           2          82           1
          29          80         113           2         114           2
          27          79         110           2         108           2
          34          81         133           2         131           2
          27          80         107           2         109           2
          30          82         118           2         119           2
          27          81         108           2         110           2
         104          79         114           1         118           1
          27          82         109           2         107           2
          99          83         259           1         101           1
          28          76         102           1         112           2
          98          77         105           1         259           2
          28          83         111           2         104           1
          36          80         131           1         126           1
          29          70          96           1         107           1
         104          84         268           2         110           1
          29          79         107           1         115           2
         105          71          97           1         268           1
          29          84         114           2          96           1
          98          85         250           1         105           1
          30          78         106           1         117           2
          93          86         249           2         250           2
          30          85         116           2         118           2
         104          82         110           1         249           1
          30          86         117           2         109           1
          37          10          10           1         133           1
          30          81         109           1           9           1
          35          87         135           2          33           1
          31          20          20           1         121           2
         122          88         292           1         135           1
          31          87         120           2         122           2
         117          89         271           1         292           2
          31          88         121           2         123           2
         106          90         270           2         271           2
          31          89         122           2         124           2
         111          91         284           2         270           1
          31          90         123           2         125           2
         116          92         136           1         284           1
          31          91         124           2         126           2
          36          70         113           1         136           2
          31          92         125           2          95           1
          32          11          22           1         103           1
          31          69          95           1          20           1
          37          93         140           2          37           1
          33          24          26           1         129           2
         121          94         134           1         140           1
          33          93         128           2         130           2
          35          21          33           1         134           2
          33          94         129           2          26           1
          36          95         137           2         113           1
          34          80         108           1         132           2
         115          96         138           1         137           1
          34          95         131           2         133           2
          37          81         119           1         138           2
          34          96         132           2         108           1
         121          97         300           2         129           1
          35          94         130           1         135           2
         122          87         121           1         300           1
          35          97         134           2         120           1
         116          98         291           1         125           1
          36          92         126           1         137           2
         115          95         132           1         291           2
          36          98         136           2         131           1
         115          99         282           1         132           1
          37          96         133           1         139           2
         110         100         281           2         282           2
          37          99         138           2         140           2
         121          93         129           1         281           1
          37         100         139           2         128           1
          39         102         146           2         144           2
          38         101         143           2         142           2
          43          17          17           1         155           2
          38         102         141           2          16           1
          49         101         165           2          15           1
          38          16          16           1         141           2
          50         103         167           2         165           1
          39         101         141           1         145           2
          40         104         149           2         147           2
          39         103         144           2         146           2
          44         102         155           1         157           2
          39         104         145           2         141           1
          51         105         169           2         167           1
          40         103         145           1         148           2
          41         106         152           2         150           2
          40         105         147           2         149           2
          45         104         157           1         159           2
          40         106         148           2         145           1
          52         107         171           2         169           1
          41         105         148           1         151           2
          42         108         154           2         153           2
          41         107         150           2         152           2
          46         106         159           1         161           2
          41         108         151           2         148           1
          53          32          40           1         171           1
          42         107         151           1          39           1
          47         108         161           1          38           1
          42          31          39           1         151           1
          44         109         158           2         146           1
          43         102         142           1         156           2
          48          18          18           1         158           1
          43         109         155           2          17           1
          45         110         160           2         149           1
          44         104         146           1         158           2
          48         109         156           1         160           1
          44         110         157           2         155           1
          46         111         162           2         152           1
          45         106         149           1         160           2
          48         110         158           1         162           1
          45         111         159           2         157           1
          47         112         163           2         154           1
          46         108         152           1         162           2
          48         111         160           1         163           1
          46         112         161           2         159           1
          48         112         162           1          31           1
          47          29          32           1         161           1
          54         113         166           1          14           1
          49          15          15           1         165           2
          50         101         144           1         166           2
          49         113         164           2         143           1
          54         114         168           1         164           1
          50         113         165           1         167           2
          51         103         147           1         168           2
          50         114         166           2         144           1
          54         115         170           1         166           1
          51         114         167           1         169           2
          52         105         150           1         170           2
          51         115         168           2         147           1
          54         116         172           1         168           1
          52         115         169           1         171           2
          53         107         153           1         172           2
          52         116         170           2         150           1
          54          30          36           1         170           1
          53         116         171           1          35           1
          56         118         178           2         176           2
          55         117         175           2         174           2
          60          38          48           1         187           2
          55         118         173           2          47           1
          66         117         197           2          46           1
          55          37          47           1         173           2
          67         119         199           2         197           1
          56         117         173           1         177           2
          57         120         181           2         179           2
          56         119         176           2         178           2
          61         118         187           1         189           2
          56         120         177           2         173           1
          68         121         201           2         199           1
          57         119         177           1         180           2
          58         122         184           2         182           2
          57         121         179           2         181           2
          62         120         189           1         191           2
          57         122         180           2         177           1
          69         123         203           2         201           1
          58         121         180           1         183           2
          59         124         186           2         185           2
          58         123         182           2         184           2
          63         122         191           1         193           2
          58         124         183           2         180           1
          70          50          66           1         203           1
          59         123         183           1          65           1
          64         124         193           1          64           1
          59          49          65           1         183           1
          61         125         190           2         178           1
          60         118         174           1         188           2
          65          39          49           1         190           1
          60         125         187           2          48           1
          62         126         192           2         181           1
          61         120         178           1         190           2
          65         125         188           1         192           1
          61         126         189           2         187           1
          63         127         194           2         184           1
          62         122         181           1         192           2
          65         126         190           1         194           1
          62         127         191           2         189           1
          64         128         195           2         186           1
          63         124         184           1         194           2
          65         127         192           1         195           1
          63         128         193           2         191           1
          65         128         194           1          59           1
          64          47          60           1         193           1
          71         129         198           1          45           1
          66          36          46           1         197           2
          67         117         176           1         198           2
          66         129         196           2         175           1
          71         130         200           1         196           1
          67         129         197           1         199           2
          68         119         179           1         200           2
          67         130         198           2         176           1
          71         131         202           1         198           1
          68         130         199           1         201           2
          69         121         182           1         202           2
          68         131         200           2         179           1
          71         132         204           1         200           1
          69         131         201           1         203           2
          70         123         185           1         204           2
          69         132         202           2         182           1
          71          48          63           1         202           1
          70         132         203           1          62           1
          73         134         210           2         208           2
          72         133         207           2         206           2
          77          56          74           1         219           2
          72         134         205           2          73           1
          83         133         229           2          72           1
          72          55          73           1         205           2
          84         135         231           2         229           1
          73         133         205           1         209           2
          74         136         213           2         211           2
          73         135         208           2         210           2
          78         134         219           1         221           2
          73         136         209           2         205           1
          85         137         233           2         231           1
          74         135         209           1         212           2
          75         138         216           2         214           2
          74         137         211           2         213           2
          79         136         221           1         223           2
          74         138         212           2         209           1
          86         139         235           2         233           1
          75         137         212           1         215           2
          76         140         218           2         217           2
          75         139         214           2         216           2
          80         138         223           1         225           2
          75         140         215           2         212           1
          87          68          92           1         235           1
          76         139         215           1          91           1
          81         140         225           1          90           1
          76          67          91           1         215           1
          78         141         222           2         210           1
          77         134         206           1         220           2
          82          57          75           1         222           1
          77         141         219           2          74           1
          79         142         224           2         213           1
          78         136         210           1         222           2
          82         141         220           1         224           1
          78         142         221           2         219           1
          80         143         226           2         216           1
          79         138         213           1         224           2
          82         142         222           1         226           1
          79         143         223           2         221           1
          81         144         227           2         218           1
          80         140         216           1         226           2
          82         143         224           1         227           1
          80         144         225           2         223           1
          82         144         226           1          85           1
          81          65          86           1         225           1
          88         145         230           1          71           1
          83          54          72           1         229           2
          84         133         208           1         230           2
          83         145         228           2         207           1
          88         146         232           1         228           1
          84         145         229           1         231           2
          85         135         211           1         232           2
          84         146         230           2         208           1
          88         147         234           1         230           1
          85         146         231           1         233           2
          86         137         214           1         234           2
          85         147         232           2         211           1
          88         148         236           1         232           1
          86         147         233           1         235           2
          87         139         217           1         236           2
          86         148         234           2         214           1
          88          66          89           1         234           1
          87         148         235           1          88           1
          90         150         242           2         240           2
          89         149         239           2         238           2
          94          74         100           1         251           2
          89         150         237           2          99           1
         100         149         261           2          98           1
          89          73          99           1         237           2
         101         151         263           2         261           1
          90         149         237           1         241           2
          91         152         245           2         243           2
          90         151         240           2         242           2
          95         150         251           1         253           2
          90         152         241           2         237           1
         102         153         265           2         263           1
          91         151         241           1         244           2
          92         154         248           2         246           2
          91         153         243           2         245           2
          96         152         253           1         255           2
          91         154         244           2         241           1
         103         155         267           2         265           1
          92         153         244           1         247           2
          93         156         250           2         249           2
          92         155         246           2         248           2
          97         154         255           1         257           2
          92         156         247           2         244           1
         104          86         118           1         267           1
          93         155         247           1         117           1
          98         156         257           1         116           1
          93          85         117           1         247           1
          95         157         254           2         242           1
          94         150         238           1         252           2
          99          75         101           1         254           1
          94         157         251           2         100           1
          96         158         256           2         245           1
          95         152         242           1         254           2
          99         157         252           1         256           1
          95         158         253           2         251           1
          97         159         258           2         248           1
          96         154         245           1         256           2
          99         158         254           1         258           1
          96         159         255           2         253           1
          98         160         259           2         250           1
          97         156         248           1         258           2
          99         159         256           1         259           1
          97         160         257           2         255           1
          99         160         258           1         111           1
          98          83         112           1         257           1
         105         161         262           1          97           1
         100          72          98           1         261           2
         101         149         240           1         262           2
         100         161         260           2         239           1
         105         162         264           1         260           1
         101         161         261           1         263           2
         102         151         243           1         264           2
         101         162         262           2         240           1
         105         163         266           1         262           1
         102         162         263           1         265           2
         103         153         246           1         266           2
         102         163         264           2         243           1
         105         164         268           1         264           1
         103         163         265           1         267           2
         104         155         249           1         268           2
         103         164         266           2         246           1
         105          84         115           1         266           1
         104         164         267           1         114           1
         107         166         274           2         272           2
         106         165         271           2         270           2
         111          90         124           1         283           2
         106         166         269           2         123           1
         117         165         293           2         122           1
         106          89         123           1         269           2
         118         167         295           2         293           1
         107         165         269           1         273           2
         108         168         277           2         275           2
         107         167         272           2         274           2
         112         166         283           1         285           2
         107         168         273           2         269           1
         119         169         297           2         295           1
         108         167         273           1         276           2
         109         170         280           2         278           2
         108         169         275           2         277           2
         113         168         285           1         287           2
         108         170         276           2         273           1
         120         171         299           2         297           1
         109         169         276           1         279           2
         110         172         282           2         281           2
         109         171         278           2         280           2
         114         170         287           1         289           2
         109         172         279           2         276           1
         121         100         140           1         299           1
         110         171         279           1         139           1
         115         172         289           1         138           1
         110          99         139           1         279           1
         112         173         286           2         274           1
         111         166         270           1         284           2
         116          91         125           1         286           1
         111         173         283           2         124           1
         113         174         288           2         277           1
         112         168         274           1         286           2
         116         173         284           1         288           1
         112         174         285           2         283           1
         114         175         290           2         280           1
         113         170         277           1         288           2
         116         174         286           1         290           1
         113         175         287           2         285           1
         115         176         291           2         282           1
         114         172         280           1         290           2
         116         175         288           1         291           1
         114         176         289           2         287           1
         116         176         290           1         136           1
         115          98         137           1         289           1
         122         177         294           1         121           1
         117          88         122           1         293           2
         118         165         272           1         294           2
         117         177         292           2         271           1
         122         178         296           1         292           1
         118         177         293           1         295           2
         119         167         275           1         296           2
         118         178         294           2         272           1
         122         179         298           1         294           1
         119         178         295           1         297           2
         120         169         278           1         298           2
         119         179         296           2         275           1
         122         180         300           1         296           1
         120         179         297           1         299           2
         121         171         281           1         300           2
         120         180         298           2         278           1
         122          97         135           1         298           1
         121         180         299           1         134           1
