           5
           1
         117
        1905
        1904
        3832
        3827
        3828
        3829
        3830
        3831
        3826
        3824
        3825
        3823
        3818
        3819
        3820
        3821
        3822
        3817
        2003
        2002
        1964
        1965
        1966
        1967
        1968
        1969
        1970
        1971
        1972
        1973
        1974
        1975
        1976
        1977
        1978
        1979
        1980
        1981
        1982
        1983
        1984
        1985
        1986
        1987
        1988
        1989
        1990
        1991
        1992
        1993
        1994
        1995
        1996
        1997
        1998
        1999
        2000
        2001
        1963
        1956
        1957
        1958
        1959
        1960
        1961
        1962
        1955
        1953
        1954
        1952
        1945
        1946
        1947
        1948
        1949
        1950
        1951
        1944
        1906
        1907
        1908
        1909
        1910
        1911
        1912
        1913
        1914
        1915
        1916
        1917
        1918
        1919
        1920
        1921
        1922
        1923
        1924
        1925
        1926
        1927
        1928
        1929
        1930
        1931
        1932
        1933
        1934
        1935
        1936
        1937
        1938
        1939
        1940
        1941
        1942
        1943
        1905
           2
         117
        4386
        4385
        6223
        6218
        6219
        6220
        6221
        6222
        6217
        6215
        6216
        6214
        6209
        6210
        6211
        6212
        6213
        6208
        4484
        4483
        4445
        4446
        4447
        4448
        4449
        4450
        4451
        4452
        4453
        4454
        4455
        4456
        4457
        4458
        4459
        4460
        4461
        4462
        4463
        4464
        4465
        4466
        4467
        4468
        4469
        4470
        4471
        4472
        4473
        4474
        4475
        4476
        4477
        4478
        4479
        4480
        4481
        4482
        4444
        4437
        4438
        4439
        4440
        4441
        4442
        4443
        4436
        4434
        4435
        4433
        4426
        4427
        4428
        4429
        4430
        4431
        4432
        4425
        4387
        4388
        4389
        4390
        4391
        4392
        4393
        4394
        4395
        4396
        4397
        4398
        4399
        4400
        4401
        4402
        4403
        4404
        4405
        4406
        4407
        4408
        4409
        4410
        4411
        4412
        4413
        4414
        4415
        4416
        4417
        4418
        4419
        4420
        4421
        4422
        4423
        4424
        4386
           3
         117
        6764
        6763
        8600
        8595
        8596
        8597
        8598
        8599
        8594
        8592
        8593
        8591
        8586
        8587
        8588
        8589
        8590
        8585
        6862
        6861
        6823
        6824
        6825
        6826
        6827
        6828
        6829
        6830
        6831
        6832
        6833
        6834
        6835
        6836
        6837
        6838
        6839
        6840
        6841
        6842
        6843
        6844
        6845
        6846
        6847
        6848
        6849
        6850
        6851
        6852
        6853
        6854
        6855
        6856
        6857
        6858
        6859
        6860
        6822
        6815
        6816
        6817
        6818
        6819
        6820
        6821
        6814
        6812
        6813
        6811
        6808
        6809
        6810
        6807
        6804
        6805
        6806
        6803
        6765
        6766
        6767
        6768
        6769
        6770
        6771
        6772
        6773
        6774
        6775
        6776
        6777
        6778
        6779
        6780
        6781
        6782
        6783
        6784
        6785
        6786
        6787
        6788
        6789
        6790
        6791
        6792
        6793
        6794
        6795
        6796
        6797
        6798
        6799
        6800
        6801
        6802
        6764
           4
         117
        9141
        9140
       10978
       10973
       10974
       10975
       10976
       10977
       10972
       10970
       10971
       10969
       10964
       10965
       10966
       10967
       10968
       10963
        9239
        9238
        9200
        9201
        9202
        9203
        9204
        9205
        9206
        9207
        9208
        9209
        9210
        9211
        9212
        9213
        9214
        9215
        9216
        9217
        9218
        9219
        9220
        9221
        9222
        9223
        9224
        9225
        9226
        9227
        9228
        9229
        9230
        9231
        9232
        9233
        9234
        9235
        9236
        9237
        9199
        9192
        9193
        9194
        9195
        9196
        9197
        9198
        9191
        9189
        9190
        9188
        9181
        9182
        9183
        9184
        9185
        9186
        9187
        9180
        9142
        9143
        9144
        9145
        9146
        9147
        9148
        9149
        9150
        9151
        9152
        9153
        9154
        9155
        9156
        9157
        9158
        9159
        9160
        9161
        9162
        9163
        9164
        9165
        9166
        9167
        9168
        9169
        9170
        9171
        9172
        9173
        9174
        9175
        9176
        9177
        9178
        9179
        9141
           5
         117
       11403
       11402
       13274
       13269
       13270
       13271
       13272
       13273
       13268
       13266
       13267
       13265
       13260
       13261
       13262
       13263
       13264
       13259
       11501
       11500
       11462
       11463
       11464
       11465
       11466
       11467
       11468
       11469
       11470
       11471
       11472
       11473
       11474
       11475
       11476
       11477
       11478
       11479
       11480
       11481
       11482
       11483
       11484
       11485
       11486
       11487
       11488
       11489
       11490
       11491
       11492
       11493
       11494
       11495
       11496
       11497
       11498
       11499
       11461
       11454
       11455
       11456
       11457
       11458
       11459
       11460
       11453
       11451
       11452
       11450
       11443
       11444
       11445
       11446
       11447
       11448
       11449
       11442
       11404
       11405
       11406
       11407
       11408
       11409
       11410
       11411
       11412
       11413
       11414
       11415
       11416
       11417
       11418
       11419
       11420
       11421
       11422
       11423
       11424
       11425
       11426
       11427
       11428
       11429
       11430
       11431
       11432
       11433
       11434
       11435
       11436
       11437
       11438
       11439
       11440
       11441
       11403
