183 175 174 
182 183 174 
162 182 174 
96 95 75 
102 96 75 
103 102 75 
84 82 74 
163 162 174 
27 37 2 
148 84 74 
149 148 74 
164 163 174 
175 164 174 
65 64 168 
86 149 74 
99 103 75 
61 28 38 
224 99 76 
66 65 168 
189 66 168 
99 75 76 
114 155 79 
188 189 168 
167 188 168 
75 95 76 
95 98 76 
101 167 168 
64 101 168 
23 165 127 
24 23 127 
141 81 79 
160 141 79 
100 24 127 
166 100 127 
165 166 127 
155 160 79 
91 152 90 
98 223 76 
197 192 196 
205 197 196 
204 205 196 
223 224 76 
90 88 80 
152 151 90 
195 204 196 
191 195 196 
192 191 196 
12 11 172 
179 12 172 
143 144 88 
88 144 80 
178 179 172 
171 178 172 
97 215 94 
215 214 94 
72 39 62 
159 171 172 
218 217 104 
105 233 107 
11 159 172 
6 5 124 
131 6 124 
233 234 107 
148 31 84 
130 131 124 
123 130 124 
146 154 91 
120 123 124 
5 120 124 
82 81 83 
79 81 77 
145 146 91 
31 30 84 
72 40 39 
30 116 84 
234 235 109 
235 211 109 
232 224 223 
153 152 91 
154 153 91 
68 232 223 
69 68 223 
187 188 167 
166 187 167 
100 166 167 
115 28 110 
101 100 167 
154 135 153 
114 115 110 
59 114 110 
60 59 110 
114 79 77 
61 60 110 
28 61 110 
141 142 83 
81 141 83 
107 234 109 
144 156 80 
216 215 97 
26 63 1 
156 145 80 
134 152 153 
135 134 153 
237 212 236 
145 91 80 
91 90 80 
150 149 86 
83 142 78 
142 143 78 
226 237 236 
112 111 95 
99 105 103 
227 226 236 
69 223 98 
235 227 236 
143 88 78 
225 105 99 
224 225 99 
211 235 236 
88 85 78 
74 82 73 
95 111 98 
111 70 98 
70 69 98 
212 211 236 
82 83 73 
83 78 73 
225 233 105 
126 137 138 
44 113 92 
94 214 92 
128 126 138 
139 128 138 
214 213 92 
150 139 138 
213 46 92 
5 4 120 
4 3 120 
21 20 226 
20 237 226 
149 150 138 
137 149 138 
87 25 100 
135 132 134 
85 88 89 
155 53 173 
101 87 100 
25 24 100 
216 202 201 
215 216 201 
200 215 201 
182 200 201 
183 182 201 
202 183 201 
122 121 128 
129 122 128 
56 55 155 
55 54 155 
54 53 155 
139 129 128 
121 126 128 
125 137 126 
34 125 126 
121 34 126 
230 189 188 
229 230 188 
187 229 188 
118 122 119 
117 118 119 
3 117 119 
120 3 119 
123 120 119 
122 123 119 
161 142 141 
160 161 141 
86 85 89 
150 86 89 
151 150 89 
90 151 89 
88 90 89 
115 114 77 
116 115 77 
200 214 215 
82 116 77 
81 82 77 
84 116 82 
228 235 234 
229 228 234 
233 229 234 
113 112 93 
92 113 93 
94 92 93 
57 56 114 
58 57 114 
59 58 114 
96 94 93 
56 155 114 
229 233 230 
231 189 230 
225 231 230 
233 225 230 
228 227 235 
199 214 200 
181 199 200 
182 181 200 
36 118 117 
37 36 117 
2 37 117 
3 2 117 
208 206 205 
204 208 205 
206 197 205 
95 96 93 
112 95 93 
106 109 108 
202 216 217 
203 202 217 
218 203 217 
67 189 231 
232 67 231 
224 232 231 
72 71 112 
225 224 231 
161 180 181 
162 161 181 
182 162 181 
180 199 181 
42 41 113 
43 42 113 
44 43 113 
218 106 108 
219 218 108 
220 219 108 
72 112 113 
40 72 113 
8 7 133 
41 40 113 
187 228 229 
157 145 156 
169 157 156 
164 169 156 
144 164 156 
211 220 108 
15 14 198 
184 175 183 
202 184 183 
186 227 228 
187 186 228 
204 219 208 
209 206 208 
220 209 208 
219 220 208 
221 210 209 
220 221 209 
207 206 209 
210 207 209 
169 170 157 
146 145 157 
158 146 157 
170 158 157 
180 173 194 
199 180 194 
213 199 194 
48 213 194 
49 48 194 
50 49 194 
51 50 194 
173 51 194 
160 180 161 
162 142 161 
176 184 190 
177 176 190 
191 177 190 
195 191 190 
184 195 190 
109 211 108 
107 109 106 
71 70 111 
112 71 111 
68 67 232 
105 107 106 
198 14 193 
14 13 193 
134 132 140 
152 134 140 
151 152 140 
139 151 140 
129 139 140 
130 129 140 
132 130 140 
101 63 87 
26 25 87 
63 26 87 
166 186 187 
9 136 147 
10 9 147 
159 10 147 
158 159 147 
146 158 147 
154 146 147 
136 154 147 
173 180 160 
155 173 160 
185 226 227 
186 185 227 
132 133 131 
130 132 131 
7 6 131 
133 7 131 
34 33 125 
33 137 125 
178 177 191 
192 178 191 
103 105 106 
212 221 220 
211 212 220 
204 203 218 
219 204 218 
203 204 195 
184 203 195 
149 137 148 
104 103 106 
218 104 106 
103 104 102 
32 31 148 
137 32 148 
86 74 73 
28 115 116 
64 63 101 
29 28 116 
30 29 116 
192 179 178 
171 177 178 
165 185 186 
166 165 186 
23 22 165 
36 35 118 
22 185 165 
97 96 102 
216 97 102 
16 207 210 
67 66 189 
17 16 210 
222 17 210 
221 222 210 
170 177 171 
158 170 171 
159 158 171 
213 214 199 
222 221 212 
237 222 212 
135 154 136 
133 135 136 
8 133 136 
9 8 136 
129 123 122 
118 121 122 
16 15 207 
198 206 207 
15 198 207 
19 18 222 
237 19 222 
18 17 222 
133 132 135 
130 123 129 
143 142 162 
163 143 162 
192 193 179 
13 12 179 
193 13 179 
217 216 102 
47 46 213 
48 47 213 
198 197 206 
33 32 137 
169 164 175 
176 169 175 
184 176 175 
104 217 102 
85 86 73 
20 19 237 
78 85 73 
139 150 151 
97 94 96 
45 44 92 
163 144 143 
176 170 169 
46 45 92 
184 202 203 
176 177 170 
193 192 197 
198 193 197 
11 10 159 
163 164 144 
118 35 121 
35 34 121 
21 226 185 
22 21 185 
52 51 173 
53 52 173 
414 431 432 
415 414 432 
433 415 432 
320 318 310 
318 356 310 
356 316 310 
316 319 310 
453 433 432 
264 274 239 
319 320 310 
340 339 313 
452 453 432 
431 452 432 
416 415 433 
343 340 313 
342 343 313 
298 265 275 
454 453 336 
452 281 335 
434 416 433 
454 434 433 
453 454 433 
371 370 387 
281 352 335 
384 320 311 
387 386 323 
388 371 387 
448 449 344 
447 448 344 
352 351 335 
342 447 344 
336 453 335 
370 386 387 
240 359 360 
241 240 360 
453 452 335 
351 350 333 
350 307 332 
307 306 332 
306 445 332 
242 241 360 
369 242 360 
368 369 360 
333 350 332 
315 317 316 
317 319 316 
359 368 360 
272 362 358 
356 355 316 
319 317 321 
309 276 299 
273 272 358 
317 380 321 
379 380 317 
357 273 358 
359 357 358 
363 359 358 
315 379 317 
380 392 321 
362 363 358 
455 456 439 
393 329 327 
434 455 439 
420 434 439 
426 420 439 
440 426 439 
321 392 327 
392 393 327 
456 440 439 
420 408 416 
460 459 347 
459 458 347 
434 420 416 
400 415 416 
458 346 347 
346 449 347 
408 400 416 
365 423 424 
449 450 347 
450 451 347 
366 365 424 
425 366 424 
466 425 424 
451 460 347 
465 466 424 
320 319 311 
423 465 424 
345 342 344 
319 321 325 
269 384 385 
270 269 385 
321 327 325 
327 329 325 
374 270 385 
375 374 385 
445 446 334 
333 332 334 
332 445 334 
263 300 238 
319 325 311 
386 375 385 
382 395 396 
383 382 396 
325 323 311 
323 386 311 
458 457 346 
386 385 311 
267 356 318 
394 331 329 
397 383 396 
405 397 396 
393 394 329 
404 405 396 
385 384 311 
313 339 312 
320 384 318 
384 268 318 
395 404 396 
268 267 318 
378 379 315 
447 342 341 
339 333 312 
334 446 341 
370 363 362 
446 447 341 
346 457 345 
457 456 345 
375 370 362 
455 454 340 
394 381 331 
361 375 362 
272 361 362 
454 336 340 
389 388 330 
337 364 365 
338 337 365 
355 353 348 
353 297 348 
366 338 365 
277 276 349 
297 296 348 
402 423 365 
364 402 365 
276 309 349 
449 448 471 
309 308 349 
472 449 471 
464 472 471 
465 464 471 
447 465 471 
448 447 471 
346 345 344 
449 346 344 
325 328 326 
323 325 326 
258 462 421 
259 258 421 
401 259 421 
422 401 421 
463 422 421 
462 463 421 
417 411 410 
427 417 410 
426 427 410 
409 426 410 
403 409 410 
404 403 410 
411 404 410 
376 373 372 
389 376 372 
388 389 372 
371 388 372 
368 371 372 
369 368 372 
373 369 372 
440 435 426 
409 420 426 
435 427 426 
387 323 326 
388 387 326 
330 388 326 
434 454 455 
328 330 326 
417 412 411 
405 404 411 
412 405 411 
407 431 414 
398 407 414 
399 398 414 
415 399 414 
402 401 422 
423 402 422 
464 423 422 
463 464 422 
468 473 469 
450 468 469 
451 450 469 
470 451 469 
474 470 469 
473 474 469 
382 390 322 
403 394 393 
409 403 393 
408 409 393 
392 408 393 
466 467 425 
367 366 425 
303 367 425 
304 303 425 
467 304 425 
381 382 322 
331 381 322 
441 457 458 
442 441 458 
459 442 458 
428 417 427 
435 428 427 
444 460 461 
253 444 461 
254 253 461 
255 254 461 
470 255 461 
451 470 461 
460 451 461 
274 273 357 
239 274 357 
240 239 357 
359 240 357 
438 443 444 
252 438 444 
253 252 444 
443 460 444 
330 331 322 
389 330 322 
390 389 322 
331 330 328 
269 268 384 
395 394 403 
404 395 403 
303 302 367 
302 366 367 
329 331 328 
325 329 328 
395 382 381 
394 395 381 
345 456 343 
342 345 343 
429 436 437 
430 429 437 
438 430 437 
443 438 437 
442 443 437 
436 442 437 
354 292 391 
342 313 312 
398 378 391 
407 398 391 
289 407 391 
290 289 391 
291 290 391 
292 291 391 
250 249 419 
246 245 383 
430 250 419 
429 430 419 
418 429 419 
413 418 419 
249 413 419 
423 464 465 
447 466 465 
383 390 382 
363 370 371 
368 363 371 
301 300 324 
338 301 324 
337 338 324 
262 337 324 
263 262 324 
300 263 324 
361 374 375 
386 370 375 
341 342 312 
455 340 343 
353 355 356 
266 353 356 
267 266 356 
468 450 449 
472 468 449 
266 265 353 
456 455 343 
355 354 314 
298 297 353 
265 298 353 
408 420 409 
316 355 314 
315 316 314 
378 315 314 
467 446 445 
305 467 445 
306 305 445 
392 400 408 
287 431 407 
288 287 407 
289 288 407 
400 399 415 
256 255 470 
474 256 470 
443 442 459 
460 443 459 
391 378 314 
354 391 314 
462 474 473 
463 462 473 
472 463 473 
468 472 473 
284 452 431 
285 284 431 
286 285 431 
287 286 431 
243 242 369 
373 243 369 
257 474 462 
258 257 462 
335 351 339 
308 307 350 
262 261 337 
351 308 350 
257 256 474 
379 399 400 
380 379 400 
392 380 400 
251 250 430 
438 251 430 
252 251 438 
446 467 466 
447 446 466 
376 390 377 
373 376 377 
244 373 377 
245 244 377 
383 245 377 
390 383 377 
436 428 435 
441 436 435 
440 441 435 
418 413 412 
417 418 412 
406 405 412 
413 406 412 
247 246 397 
406 247 397 
405 406 397 
246 383 397 
281 280 352 
280 279 352 
279 278 352 
364 401 402 
260 259 401 
364 260 401 
302 301 366 
301 338 366 
472 464 463 
428 418 417 
379 378 399 
378 398 399 
440 457 441 
442 436 441 
429 428 436 
376 389 390 
293 292 354 
294 293 354 
336 335 339 
340 336 339 
334 341 312 
337 261 364 
261 260 364 
333 334 312 
244 243 373 
351 333 339 
354 355 348 
248 406 413 
249 248 413 
294 354 348 
248 247 406 
272 271 361 
305 304 467 
271 374 361 
456 457 440 
368 359 363 
429 418 428 
271 270 374 
278 277 349 
284 283 452 
283 282 452 
282 281 452 
295 294 348 
296 295 348 
352 278 349 
351 352 349 
308 351 349 
586 546 549 
587 586 549 
1153 1192 1154 
1130 1153 1154 
1131 1130 1154 
1155 1131 1154 
1193 1155 1154 
593 587 549 
592 593 549 
1192 1193 1154 
1407 1408 1393 
569 568 543 
555 554 543 
1392 1407 1393 
1379 1392 1393 
580 546 545 
579 580 545 
1380 1379 1393 
1394 1380 1393 
1408 1394 1393 
1368 1379 1369 
1359 1368 1369 
1360 1359 1369 
585 579 545 
546 585 545 
554 553 541 
263 238 523 
1370 1360 1369 
553 565 541 
1380 1370 1369 
565 566 541 
1379 1380 1369 
1317 1318 1278 
543 554 541 
580 581 546 
1277 1317 1278 
568 660 542 
660 659 542 
475 264 239 
1254 1277 1278 
1255 1254 1278 
1279 1255 1278 
586 585 546 
853 852 593 
1318 1279 1278 
1097 251 964 
661 660 568 
659 555 542 
1425 1424 765 
948 963 964 
252 948 964 
251 252 964 
1352 1359 1360 
1353 1352 1360 
555 543 542 
576 577 580 
659 658 555 
576 778 574 
1361 1353 1360 
778 777 574 
1370 1361 1360 
773 1425 765 
772 773 765 
663 664 556 
648 663 556 
1123 1083 1082 
1122 1123 1082 
1081 1122 1082 
764 772 765 
1423 1406 1405 
1422 1423 1405 
1404 1422 1405 
647 648 556 
777 775 574 
577 576 574 
1390 1404 1405 
1391 1390 1405 
1406 1391 1405 
673 674 567 
844 582 578 
843 844 578 
1148 1172 1149 
1125 1148 1149 
1126 1125 1149 
543 568 542 
569 543 544 
593 852 587 
852 851 587 
580 577 581 
1150 1126 1149 
1173 1150 1149 
1172 1173 1149 
1061 1062 975 
974 1061 975 
675 676 571 
577 578 581 
578 582 581 
594 854 592 
854 853 592 
891 974 975 
892 891 975 
853 593 592 
850 849 584 
976 892 975 
543 541 544 
665 672 558 
1062 976 975 
874 882 875 
869 874 875 
870 869 875 
565 644 560 
644 645 560 
876 870 875 
883 876 875 
645 646 560 
882 883 875 
563 3 589 
590 563 589 
779 576 579 
783 782 584 
849 783 584 
576 580 579 
780 779 579 
627 590 589 
626 627 589 
4 626 589 
3 4 589 
675 571 570 
1208 1232 1209 
1170 1208 1209 
855 854 594 
848 855 594 
847 848 594 
1171 1170 1209 
1210 1171 1209 
1233 1210 1209 
1232 1233 1209 
1424 1406 1423 
571 569 570 
960 641 550 
657 960 550 
567 674 570 
674 675 570 
641 642 550 
657 550 552 
754 764 765 
1424 754 765 
790 793 796 
525 27 2 
554 555 552 
555 658 552 
658 657 552 
868 873 874 
842 843 575 
869 868 874 
881 882 874 
843 578 575 
578 577 575 
873 881 874 
577 574 575 
646 647 559 
647 556 559 
1402 1403 1388 
1387 1402 1388 
560 646 559 
541 566 544 
1374 1387 1388 
779 778 576 
566 567 544 
567 570 544 
1375 1374 1388 
1389 1375 1388 
570 569 544 
662 661 572 
661 568 572 
568 569 572 
1403 1389 1388 
1131 1132 1091 
1090 1131 1091 
1317 790 796 
569 571 572 
1318 1317 796 
800 1318 796 
801 800 796 
571 676 572 
676 677 572 
1132 1092 1091 
943 958 959 
677 662 572 
850 584 583 
944 943 959 
960 944 959 
797 801 796 
587 851 583 
851 850 583 
846 588 547 
793 797 796 
844 845 582 
582 845 547 
845 846 547 
549 546 548 
587 583 586 
1075 1076 598 
820 827 826 
1076 601 598 
814 800 801 
615 955 610 
1 507 26 
955 954 610 
1429 856 785 
856 857 785 
1399 1417 1400 
1430 1429 785 
1385 1399 1400 
951 597 599 
952 951 599 
1419 1418 734 
498 1385 1400 
750 745 749 
1386 498 1400 
1401 1386 1400 
745 744 749 
1301 1300 855 
689 680 688 
1333 737 735 
737 738 735 
1418 1401 1400 
738 734 735 
1417 1418 1400 
1410 1427 1428 
1334 1333 735 
1087 1088 694 
651 1097 650 
1411 1410 1428 
1097 964 650 
964 963 650 
1320 800 814 
1429 1411 1428 
819 820 826 
843 834 835 
1309 1308 795 
825 819 826 
833 825 826 
834 833 826 
925 911 924 
939 925 924 
938 939 924 
923 938 924 
910 923 924 
911 910 924 
518 517 879 
873 518 879 
880 873 879 
899 880 879 
898 899 879 
517 898 879 
827 834 826 
838 839 847 
846 838 847 
1283 1322 1323 
1284 1283 1323 
1324 1284 1323 
1204 1227 1228 
1205 1204 1228 
1229 1205 1228 
1252 1229 1228 
1251 1252 1228 
1227 1251 1228 
1055 1056 969 
968 1055 969 
885 968 969 
886 885 969 
970 886 969 
1056 970 969 
262 263 861 
863 262 861 
862 863 861 
522 862 861 
523 522 861 
263 523 861 
1362 1354 1361 
1371 1362 1361 
1370 1371 1361 
508 524 1162 
1354 1353 1361 
937 922 936 
952 937 936 
951 952 936 
935 951 936 
921 935 936 
922 921 936 
530 529 732 
531 530 732 
811 531 732 
810 811 732 
731 810 732 
529 731 732 
1034 1050 1035 
1022 1034 1035 
1023 1022 1035 
1036 1023 1035 
1051 1036 1035 
1050 1051 1035 
1145 1122 1121 
1144 1145 1121 
1120 1144 1121 
1080 1120 1121 
1081 1080 1121 
1122 1081 1121 
1213 1212 1236 
1237 1213 1236 
1260 1237 1236 
1259 1260 1236 
1235 1259 1236 
1212 1235 1236 
971 888 887 
970 971 887 
886 970 887 
805 886 887 
806 805 887 
888 806 887 
1068 1109 1069 
1040 1068 1069 
1041 1040 1069 
1070 1041 1069 
1110 1070 1069 
1109 1110 1069 
559 556 557 
1178 1301 1302 
1179 1178 1302 
1303 1179 1302 
558 559 557 
665 558 557 
664 665 557 
935 950 951 
863 862 866 
867 863 866 
871 867 866 
870 871 866 
865 870 866 
862 865 866 
1401 1387 1386 
499 498 1386 
1363 499 1386 
1387 1363 1386 
872 260 867 
871 872 867 
261 863 867 
260 261 867 
910 898 909 
923 910 909 
922 923 909 
908 922 909 
516 908 909 
898 516 909 
1124 1148 1125 
1084 1124 1125 
1085 1084 1125 
1126 1085 1125 
996 997 990 
989 996 990 
985 989 990 
478 985 990 
479 478 990 
997 479 990 
942 943 928 
927 942 928 
914 927 928 
915 914 928 
929 915 928 
943 929 928 
1052 1106 1066 
1037 1052 1066 
1038 1037 1066 
1067 1038 1066 
1107 1067 1066 
1106 1107 1066 
1191 1190 1214 
1215 1191 1214 
1238 1215 1214 
1237 1238 1214 
1213 1237 1214 
1190 1213 1214 
1132 1131 1155 
1156 1132 1155 
1194 1156 1155 
1193 1194 1155 
502 501 1355 
1356 502 1355 
1365 1356 1355 
1364 1365 1355 
501 1364 1355 
839 848 847 
608 605 609 
613 608 609 
937 952 953 
938 937 953 
954 938 953 
1294 1270 1293 
1333 1294 1293 
1332 1333 1293 
1292 1332 1293 
1269 1292 1293 
1270 1269 1293 
1231 1208 1207 
1230 1231 1207 
1206 1230 1207 
1168 1206 1207 
1169 1168 1207 
1208 1169 1207 
727 726 805 
806 727 805 
804 886 805 
726 804 805 
667 726 727 
668 667 727 
728 668 727 
806 728 727 
667 627 626 
666 667 626 
5 666 626 
4 5 626 
482 481 1006 
1105 1106 1052 
1051 1105 1052 
1036 1051 1052 
1037 1036 1052 
1255 1232 1231 
1254 1255 1231 
514 513 920 
1230 1254 1231 
1232 1208 1231 
1329 1290 1289 
1328 1329 1289 
1288 1328 1289 
1265 1288 1289 
1266 1265 1289 
1290 1266 1289 
1047 1046 1100 
1101 1047 1100 
614 613 609 
1079 614 609 
1078 1079 609 
1046 1099 1100 
865 869 870 
876 871 870 
945 930 944 
960 945 944 
929 943 944 
930 929 944 
961 945 960 
605 1078 609 
760 755 759 
1083 1123 1124 
1084 1083 1124 
1147 1148 1124 
1123 1147 1124 
1183 1062 1061 
1182 1183 1061 
1060 1182 1061 
974 1060 1061 
1175 1298 1299 
1176 1175 1299 
1300 1176 1299 
767 760 759 
766 767 759 
1033 1034 1021 
1020 1033 1021 
1008 1020 1021 
1009 1008 1021 
1022 1009 1021 
1034 1022 1021 
880 899 900 
881 880 900 
901 881 900 
912 901 900 
911 912 900 
899 911 900 
1174 1298 1175 
1053 1174 1175 
1054 1053 1175 
1176 1054 1175 
981 992 986 
982 981 986 
987 982 986 
993 987 986 
992 993 986 
807 728 806 
888 807 806 
249 1044 1098 
1045 249 1098 
1099 1045 1098 
1327 766 759 
1044 1097 1098 
1029 1042 1030 
1017 1029 1030 
483 1017 1030 
484 483 1030 
1043 484 1030 
1042 1043 1030 
1358 1368 1359 
1351 1358 1359 
1352 1351 1359 
1009 1022 1010 
999 1009 1010 
1000 999 1010 
1011 1000 1010 
1023 1011 1010 
1022 1023 1010 
1271 1294 1295 
1272 1271 1295 
1296 1272 1295 
1335 1296 1295 
1334 1335 1295 
1294 1334 1295 
881 873 880 
1357 1350 1349 
1356 1357 1349 
502 1356 1349 
503 502 1349 
1344 503 1349 
1350 1344 1349 
1177 1301 1178 
1056 1177 1178 
1057 1056 1178 
1179 1057 1178 
1328 1327 759 
755 1328 759 
1072 1112 1113 
486 1072 1113 
487 486 1113 
1096 487 1113 
485 1043 1072 
486 485 1072 
1071 1112 1072 
1043 1071 1072 
1396 1410 1411 
1397 1396 1411 
1412 1397 1411 
1429 1412 1411 
988 984 983 
987 988 983 
982 987 983 
966 982 983 
979 966 983 
984 979 983 
556 664 557 
644 565 553 
504 503 1344 
1297 1415 1414 
1298 1297 1414 
680 672 665 
679 680 665 
664 679 665 
1071 1111 1112 
931 932 918 
917 931 918 
906 917 918 
907 906 918 
919 907 918 
932 919 918 
885 884 968 
1054 1055 968 
967 1054 968 
884 967 968 
1116 1076 1075 
1115 1116 1075 
1074 1115 1075 
643 644 553 
256 897 907 
255 256 907 
919 255 907 
897 906 907 
1216 1192 1215 
1239 1216 1215 
1238 1239 1215 
1192 1191 1215 
869 864 868 
519 873 868 
520 519 868 
864 520 868 
527 526 591 
258 259 878 
629 527 591 
628 629 591 
590 628 591 
564 590 591 
526 564 591 
1172 1171 1210 
1211 1172 1210 
1234 1211 1210 
1233 1234 1210 
1375 1365 1364 
1374 1375 1364 
1363 1374 1364 
500 1363 1364 
501 500 1364 
1118 1078 1077 
1117 1118 1077 
1076 1117 1077 
648 639 649 
240 966 965 
522 521 862 
239 240 965 
475 239 965 
476 475 965 
980 476 965 
979 980 965 
966 979 965 
940 926 925 
939 940 925 
912 911 925 
926 912 925 
1169 1208 1170 
1146 1169 1170 
1147 1146 1170 
1171 1147 1170 
923 922 937 
938 923 937 
1256 1232 1255 
1279 1256 1255 
1268 1244 1267 
1291 1268 1267 
1290 1291 1267 
1266 1290 1267 
1243 1266 1267 
1244 1243 1267 
1281 1258 1257 
1280 1281 1257 
1256 1280 1257 
1233 1256 1257 
1234 1233 1257 
1258 1234 1257 
893 531 811 
892 893 811 
810 892 811 
1025 1026 1013 
1012 1025 1013 
1002 1012 1013 
1003 1002 1013 
1014 1003 1013 
1026 1014 1013 
862 521 865 
864 869 865 
521 864 865 
1292 1268 1291 
1331 1292 1291 
1330 1331 1291 
1290 1330 1291 
1373 1372 1383 
1384 1373 1383 
1397 1384 1383 
1396 1397 1383 
1382 1396 1383 
1372 1382 1383 
1142 1165 1166 
1143 1142 1166 
1167 1143 1166 
1205 1167 1166 
1204 1205 1166 
1165 1204 1166 
533 532 978 
534 533 978 
1065 534 978 
1064 1065 978 
977 1064 978 
532 977 978 
989 984 988 
995 989 988 
994 995 988 
987 994 988 
1183 1182 1306 
1307 1183 1306 
663 648 649 
1084 663 649 
1083 1084 649 
1182 1305 1306 
1380 1394 1381 
1370 1380 1381 
1371 1370 1381 
1382 1371 1381 
1395 1382 1381 
1394 1395 1381 
731 730 809 
810 731 809 
891 810 809 
890 891 809 
808 890 809 
730 808 809 
1249 1250 1226 
1225 1249 1226 
1202 1225 1226 
1203 1202 1226 
1227 1203 1226 
1250 1227 1226 
639 1083 649 
1279 1318 1319 
1280 1279 1319 
1320 1280 1319 
1337 506 1339 
1340 1337 1339 
1342 1340 1339 
1341 1342 1339 
536 535 1188 
535 534 1188 
1338 1341 1339 
505 1338 1339 
506 505 1339 
1158 1157 1196 
1197 1158 1196 
1220 1197 1196 
1219 1220 1196 
482 1006 1017 
1195 1219 1196 
1157 1195 1196 
903 914 915 
483 482 1017 
904 903 915 
916 904 915 
929 916 915 
1115 1139 1116 
1117 1076 1116 
1140 1117 1116 
1025 1038 1026 
1139 1140 1116 
956 940 955 
634 633 623 
635 634 623 
624 635 623 
939 954 955 
940 939 955 
1274 1250 1273 
1313 1274 1273 
537 1313 1273 
538 537 1273 
1249 538 1273 
1250 1249 1273 
1136 1096 1095 
240 241 966 
1135 1136 1095 
1094 1135 1095 
1243 1220 1219 
1242 1243 1219 
1218 1242 1219 
1195 1218 1219 
1032 1019 1031 
1047 1032 1031 
1046 1047 1031 
1018 1046 1031 
1019 1018 1031 
242 981 982 
241 242 982 
966 241 982 
1185 1308 1309 
1186 1185 1309 
1310 1186 1309 
617 624 623 
616 617 623 
622 616 623 
1104 1050 1103 
633 622 623 
551 643 553 
554 551 553 
773 782 783 
1049 1102 1103 
1050 1049 1103 
972 888 971 
1058 972 971 
1057 1058 971 
970 1057 971 
1334 1294 1333 
1426 773 783 
1427 1426 783 
849 1427 783 
1260 1261 1237 
1261 1238 1237 
715 716 711 
710 715 711 
1134 1135 1094 
1093 1134 1094 
970 1056 1057 
1179 1058 1057 
705 710 711 
706 705 711 
712 706 711 
1290 1329 1330 
1086 1085 1126 
1127 1086 1126 
1150 1127 1126 
497 1399 1385 
498 497 1385 
497 496 1399 
1416 1417 1399 
496 1416 1399 
1270 1247 1246 
1269 1270 1246 
1245 1269 1246 
1222 1245 1246 
1223 1222 1246 
1247 1223 1246 
973 1060 974 
890 973 974 
891 890 974 
1376 1365 1375 
1389 1376 1375 
1016 1006 1005 
1015 1016 1005 
1004 1015 1005 
997 1004 1005 
480 997 1005 
481 480 1005 
1006 481 1005 
493 1272 1296 
494 493 1296 
1336 494 1296 
1335 1336 1296 
728 669 668 
627 667 668 
628 627 668 
669 628 668 
8 9 884 
803 8 884 
885 803 884 
9 967 884 
1181 1305 1182 
1060 1181 1182 
1389 1404 1390 
1376 1389 1390 
1377 1376 1390 
1391 1377 1390 
492 491 1248 
1272 492 1248 
1271 1272 1248 
1325 1326 1286 
1247 1271 1248 
1224 1247 1248 
491 1224 1248 
993 1000 1001 
994 993 1001 
1002 994 1001 
1012 1002 1001 
1011 1012 1001 
1000 1011 1001 
995 1002 1003 
996 995 1003 
1004 996 1003 
1014 1004 1003 
716 712 711 
1306 818 813 
1307 1306 813 
1281 1320 1321 
1282 1281 1321 
1322 1282 1321 
891 892 810 
257 258 896 
897 257 896 
906 897 896 
905 906 896 
895 905 896 
878 895 896 
258 878 896 
1184 1308 1185 
1063 1184 1185 
1064 1063 1185 
1186 1064 1185 
799 1307 813 
1114 1074 1073 
510 1114 1073 
511 510 1073 
512 511 1073 
949 512 1073 
537 536 1312 
1313 537 1312 
812 799 813 
817 812 813 
1188 1311 1312 
536 1188 1312 
514 920 921 
515 514 921 
908 515 921 
922 908 921 
920 935 921 
1262 1263 1239 
1238 1262 1239 
1240 1216 1239 
1263 1240 1239 
1189 1150 1173 
1212 1189 1173 
1211 1212 1173 
1172 1211 1173 
13 1415 1297 
12 13 1297 
1174 12 1297 
1298 1174 1297 
947 932 946 
962 947 946 
961 962 946 
945 961 946 
931 945 946 
932 931 946 
1146 1145 1169 
1145 1168 1169 
1137 487 1096 
1136 1137 1096 
1181 1304 1305 
984 989 985 
980 984 985 
477 980 985 
478 477 985 
1051 1050 1104 
1105 1051 1104 
818 817 813 
700 703 701 
1202 1201 1225 
539 1249 1225 
540 539 1225 
1201 540 1225 
1395 1410 1396 
1382 1395 1396 
804 803 885 
886 804 885 
1135 1158 1159 
1136 1135 1159 
1160 1136 1159 
1198 1160 1159 
1197 1198 1159 
1158 1197 1159 
25 1337 1340 
24 25 1340 
1343 24 1340 
1342 1343 1340 
1067 1107 1108 
1068 1067 1108 
1109 1068 1108 
1229 1230 1206 
1205 1229 1206 
1167 1205 1206 
1168 1167 1206 
1184 1062 1183 
1307 1184 1183 
1189 1213 1190 
1151 1189 1190 
1152 1151 1190 
1191 1152 1190 
1409 1427 1410 
1395 1409 1410 
1148 1147 1171 
1172 1148 1171 
871 877 872 
259 260 872 
878 259 872 
877 878 872 
692 700 701 
693 692 701 
1104 693 701 
1105 1104 701 
493 492 1272 
895 878 877 
894 895 877 
876 894 877 
871 876 877 
1409 1395 1394 
1408 1409 1394 
703 1105 701 
953 952 602 
913 902 901 
912 913 901 
882 881 901 
902 882 901 
917 906 905 
916 917 905 
904 916 905 
516 515 908 
895 904 905 
1286 1263 1262 
1285 1286 1262 
1162 524 1201 
524 540 1201 
1261 1285 1262 
1238 1261 1262 
998 1008 1009 
999 998 1009 
940 956 941 
926 940 941 
927 926 941 
942 927 941 
957 942 941 
956 957 941 
913 927 914 
902 913 914 
903 902 914 
1288 1265 1264 
1287 1288 1264 
1263 1287 1264 
1240 1263 1264 
1241 1240 1264 
1265 1241 1264 
1092 1132 1133 
1093 1092 1133 
1134 1093 1133 
1157 1134 1133 
1156 1157 1133 
1132 1156 1133 
910 911 899 
898 910 899 
984 980 979 
1422 1404 1421 
954 953 602 
1403 1420 1421 
1404 1403 1421 
1177 1056 1055 
1176 1177 1055 
1054 1176 1055 
606 954 602 
521 520 864 
603 606 602 
599 603 602 
1409 1426 1427 
1160 1137 1136 
952 599 602 
620 632 631 
1129 1153 1130 
1089 1129 1130 
1090 1089 1130 
1131 1090 1130 
619 620 631 
625 619 631 
1048 1047 1101 
1102 1048 1101 
670 671 630 
629 670 630 
527 629 630 
528 527 630 
529 528 630 
671 529 630 
803 804 725 
7 803 725 
6 7 725 
666 6 725 
726 666 725 
804 726 725 
1153 1152 1191 
1192 1153 1191 
1366 1365 1376 
1377 1366 1376 
1285 1284 1324 
1325 1285 1324 
671 730 731 
529 671 731 
1064 977 1063 
1062 1184 1063 
976 1062 1063 
977 976 1063 
1143 1167 1144 
1120 1143 1144 
1168 1145 1144 
1167 1168 1144 
1403 1404 1389 
1016 1028 1029 
1017 1016 1029 
1041 1042 1029 
1028 1041 1029 
1233 1232 1256 
1279 1280 1256 
1245 1268 1269 
1268 1292 1269 
1135 1134 1158 
1134 1157 1158 
489 488 1161 
1200 489 1161 
1199 1200 1161 
1160 1199 1161 
1137 1160 1161 
488 1137 1161 
246 247 1019 
1252 1275 1276 
1253 1252 1276 
1277 1253 1276 
1316 1277 1276 
1315 1316 1276 
477 476 980 
1275 1315 1276 
1415 14 1431 
1413 1430 1431 
15 1413 1431 
14 15 1431 
996 1004 997 
480 479 997 
912 926 913 
926 927 913 
1358 1367 1368 
1378 1379 1368 
1367 1378 1368 
933 254 919 
932 933 919 
254 255 919 
505 504 1338 
1345 1341 1338 
1344 1345 1338 
504 1344 1338 
637 625 631 
1274 1313 1314 
1275 1274 1314 
1315 1275 1314 
509 508 1138 
1114 509 1138 
1115 1114 1138 
1139 1115 1138 
1162 1139 1138 
508 1162 1138 
1165 1164 1203 
1204 1165 1203 
1227 1204 1203 
1164 1202 1203 
638 637 631 
632 638 631 
1235 1211 1234 
1258 1235 1234 
883 902 903 
894 883 903 
904 894 903 
1199 1160 1198 
1222 1199 1198 
1221 1222 1198 
1197 1221 1198 
1212 1213 1189 
1151 1150 1189 
1254 1230 1253 
1277 1254 1253 
1229 1252 1253 
1230 1229 1253 
485 484 1043 
1222 1221 1245 
1244 1268 1245 
1221 1244 1245 
7 8 803 
490 489 1200 
1224 490 1200 
10 11 1053 
1223 1224 1200 
1199 1223 1200 
935 920 934 
950 935 934 
949 950 934 
512 949 934 
513 512 934 
920 513 934 
1193 1192 1216 
1217 1193 1216 
1240 1217 1216 
1141 1165 1142 
1118 1141 1142 
1119 1118 1142 
1143 1119 1142 
250 1097 1044 
249 250 1044 
1184 1307 1308 
1327 1328 1288 
1287 1327 1288 
244 998 991 
243 244 991 
981 243 991 
992 981 991 
999 992 991 
998 999 991 
1195 1156 1194 
1218 1195 1194 
1217 1218 1194 
1193 1217 1194 
1180 1304 1181 
1059 1180 1181 
1060 1059 1181 
669 670 629 
628 669 629 
1123 1146 1147 
972 1058 1059 
973 972 1059 
1060 973 1059 
1058 1180 1059 
1028 1015 1027 
1040 1028 1027 
1039 1040 1027 
1026 1039 1027 
1014 1026 1027 
1015 1014 1027 
667 666 726 
770 769 779 
1287 1326 1327 
780 770 779 
592 549 548 
561 558 562 
26 507 1337 
25 26 1337 
507 506 1337 
1402 1420 1403 
1071 1043 1042 
1070 1071 1042 
1041 1070 1042 
894 876 883 
882 902 883 
1419 1420 1402 
1401 1419 1402 
18 19 1373 
1387 1401 1402 
1367 1358 1357 
1366 1367 1357 
1356 1366 1357 
1358 1350 1357 
1020 1019 1032 
1033 1020 1032 
1048 1033 1032 
1047 1048 1032 
1146 1123 1122 
500 499 1363 
1145 1146 1122 
1011 1024 1012 
1024 1025 1012 
670 730 671 
996 989 995 
994 1002 995 
1026 1038 1039 
1068 1040 1039 
1067 1068 1039 
1038 1067 1039 
566 561 562 
1120 1080 1079 
1119 1120 1079 
1078 1119 1079 
947 963 948 
933 947 948 
253 933 948 
16 17 1398 
252 253 948 
1347 1343 1342 
1346 1347 1342 
1341 1346 1342 
1180 1058 1179 
1303 1180 1179 
1128 1088 1087 
1127 1128 1087 
1086 1127 1087 
916 930 917 
930 931 917 
1401 1418 1419 
769 778 779 
1316 1317 1277 
1372 1371 1382 
1222 1223 1199 
1346 1351 1352 
1347 1346 1352 
1353 1347 1352 
1187 1186 1310 
1311 1187 1310 
814 820 819 
1320 814 819 
1088 1129 1089 
904 895 894 
1024 1036 1037 
1025 1024 1037 
1038 1025 1037 
250 251 1097 
1321 1320 819 
488 487 1137 
1374 1363 1387 
825 1321 819 
859 853 854 
564 563 590 
627 628 590 
1367 1366 1377 
1378 1367 1377 
1391 1378 1377 
1188 1187 1311 
1271 1247 1270 
1294 1271 1270 
496 495 1336 
1416 496 1336 
860 859 854 
495 494 1336 
1265 1266 1242 
1241 1265 1242 
1218 1241 1242 
1266 1243 1242 
930 916 929 
23 24 1343 
1348 23 1343 
1347 1348 1343 
1354 22 1348 
1353 1354 1348 
1347 1353 1348 
22 23 1348 
1129 1152 1153 
1263 1286 1287 
1286 1326 1287 
807 888 889 
808 807 889 
890 808 889 
973 890 889 
972 973 889 
888 972 889 
1128 1152 1129 
1000 992 999 
1088 1128 1129 
976 977 893 
892 976 893 
532 531 893 
977 532 893 
1049 1033 1048 
1102 1049 1048 
1046 1045 1099 
855 860 854 
1331 1332 1292 
1163 1202 1164 
1140 1163 1164 
1141 1140 1164 
1165 1141 1164 
1406 1424 1407 
1392 1406 1407 
1425 1408 1407 
1424 1425 1407 
1117 1140 1141 
1118 1117 1141 
1372 1362 1371 
1283 1284 1260 
1259 1283 1260 
1284 1261 1260 
1281 1280 1320 
1392 1379 1378 
1391 1392 1378 
1224 1223 1247 
244 245 998 
245 1008 998 
1392 1391 1406 
1282 1322 1283 
1259 1282 1283 
2 3 563 
525 2 563 
564 525 563 
1045 1046 1018 
248 1045 1018 
247 248 1018 
1019 247 1018 
20 21 1362 
1187 534 1065 
1186 1187 1065 
1064 1186 1065 
1028 1016 1015 
1004 1014 1015 
261 262 863 
1085 678 663 
1084 1085 663 
1408 1425 1426 
947 962 963 
1409 1408 1426 
1070 1111 1071 
256 257 897 
1040 1041 1028 
1162 1201 1163 
1139 1162 1163 
1140 1139 1163 
1201 1202 1163 
1128 1151 1152 
242 243 981 
1251 1274 1275 
1252 1251 1275 
1034 1049 1050 
1111 1070 1110 
1251 1227 1250 
20 1362 1372 
19 20 1372 
1373 19 1372 
942 957 958 
943 942 958 
567 566 562 
1356 1365 1366 
1020 1008 1007 
1019 1020 1007 
246 1019 1007 
245 246 1007 
1008 245 1007 
1197 1220 1221 
1220 1244 1221 
5 6 666 
10 1053 967 
9 10 967 
1053 1054 967 
248 249 1045 
539 538 1249 
11 12 1174 
1053 11 1174 
1127 1151 1128 
21 22 1354 
1362 21 1354 
1325 1286 1285 
1261 1284 1285 
1078 1118 1119 
1143 1120 1119 
1188 534 1187 
678 664 663 
1176 1300 1177 
1300 1301 1177 
526 525 564 
1251 1250 1274 
519 518 873 
1195 1157 1156 
517 516 898 
1049 1034 1033 
729 807 808 
730 729 808 
1303 1304 1180 
1150 1151 1127 
1413 1398 1412 
1430 1413 1412 
1429 1430 1412 
1398 1397 1412 
1345 1346 1341 
729 670 669 
728 729 669 
729 730 670 
1244 1220 1243 
1345 1344 1350 
1351 1345 1350 
491 490 1224 
1358 1351 1350 
1241 1218 1217 
1240 1241 1217 
1258 1259 1235 
1212 1211 1235 
1024 1023 1036 
939 938 954 
1398 17 1384 
1397 1398 1384 
18 1373 1384 
17 18 1384 
729 728 807 
1024 1011 1023 
932 947 933 
253 254 933 
13 14 1415 
510 509 1114 
1258 1281 1282 
1259 1258 1282 
1351 1346 1345 
1115 1074 1114 
1017 1006 1016 
16 1398 1413 
15 16 1413 
841 833 842 
945 931 930 
994 987 993 
992 1000 993 
673 567 562 
672 673 562 
558 672 562 
834 843 842 
1108 1107 713 
833 834 842 
753 764 754 
752 753 754 
1423 752 754 
1424 1423 754 
1314 1313 787 
1315 1314 787 
788 1315 787 
789 788 787 
1311 789 787 
1320 1319 800 
1319 1318 800 
1312 1311 787 
1313 1312 787 
742 741 746 
747 742 746 
751 747 746 
750 751 746 
745 750 746 
741 745 746 
748 744 743 
1329 748 743 
1330 1329 743 
1331 1330 743 
739 1331 743 
744 739 743 
1309 795 792 
1310 1309 792 
789 1310 792 
791 789 792 
794 791 792 
795 794 792 
640 643 642 
641 640 642 
588 592 548 
594 592 588 
847 594 588 
1431 1430 784 
786 1431 784 
858 786 784 
857 858 784 
785 857 784 
1430 785 784 
644 634 635 
645 644 635 
636 645 635 
624 636 635 
749 756 757 
750 749 757 
758 750 757 
762 758 757 
761 762 757 
756 761 757 
688 680 679 
687 688 679 
678 687 679 
664 678 679 
708 703 702 
707 708 702 
699 707 702 
956 955 615 
700 699 702 
703 700 702 
828 827 821 
822 828 821 
816 822 821 
815 816 821 
820 815 821 
827 820 821 
749 744 748 
756 749 748 
755 756 748 
1329 755 748 
768 760 767 
777 768 767 
776 777 767 
766 776 767 
722 719 721 
723 722 721 
1094 723 721 
1093 1094 721 
719 1093 721 
612 608 613 
618 612 613 
619 618 613 
614 619 613 
1324 1323 840 
959 958 640 
774 1324 840 
841 774 840 
832 841 840 
1323 832 840 
1095 1096 723 
1094 1095 723 
1111 722 723 
1112 1111 723 
1113 1112 723 
1096 1113 723 
1325 776 766 
1326 1325 766 
1327 1326 766 
857 852 858 
1414 786 858 
859 1414 858 
853 859 858 
852 853 858 
607 606 603 
604 607 603 
600 604 603 
599 600 603 
737 739 740 
738 737 740 
741 738 740 
745 741 740 
744 745 740 
739 744 740 
696 709 705 
697 696 705 
698 697 705 
706 698 705 
709 710 705 
634 644 643 
640 634 643 
846 847 588 
547 588 548 
1426 1425 773 
772 782 773 
830 837 829 
823 830 829 
822 823 829 
828 822 829 
836 828 829 
837 836 829 
582 547 548 
836 845 844 
835 836 844 
843 835 844 
763 762 770 
771 763 770 
780 771 770 
762 769 770 
1415 1431 786 
1414 1415 786 
682 691 683 
674 682 683 
675 674 683 
684 675 683 
692 684 683 
691 692 683 
760 756 755 
1329 1328 755 
694 1088 704 
696 694 704 
709 696 704 
1089 709 704 
1088 1089 704 
751 750 758 
753 751 758 
763 753 758 
762 763 758 
1317 1316 790 
791 793 790 
788 791 790 
1316 788 790 
812 816 802 
798 812 802 
797 798 802 
1079 1080 614 
801 797 802 
815 801 802 
816 815 802 
636 625 637 
646 636 637 
647 646 637 
638 647 637 
638 639 648 
647 638 648 
586 584 585 
619 614 620 
1081 632 620 
1080 1081 620 
614 1080 620 
752 747 751 
753 752 751 
581 582 548 
546 581 548 
857 851 852 
780 579 585 
781 780 585 
782 781 585 
833 832 825 
1322 1321 825 
832 1322 825 
655 661 656 
1098 655 656 
1099 1098 656 
1100 1099 656 
662 1100 656 
661 662 656 
1311 1310 789 
791 788 789 
736 738 741 
742 736 741 
1429 1428 856 
714 1092 718 
715 714 718 
719 715 718 
1093 719 718 
1092 1093 718 
1308 1307 799 
795 1308 799 
798 795 799 
812 798 799 
713 708 707 
712 713 707 
706 712 707 
699 706 707 
689 698 690 
856 1428 850 
681 689 690 
682 681 690 
691 682 690 
699 691 690 
698 699 690 
1077 1078 605 
817 823 822 
816 817 822 
794 797 793 
791 794 793 
794 795 798 
797 794 798 
1333 1332 737 
680 689 681 
672 680 681 
673 672 681 
682 673 681 
814 801 815 
820 814 815 
584 782 585 
775 841 573 
574 775 573 
695 696 697 
688 695 697 
689 688 697 
698 689 697 
1316 1315 788 
691 699 700 
692 691 700 
575 574 573 
842 575 573 
772 781 782 
841 842 573 
565 560 561 
950 949 595 
949 1073 595 
1073 1074 595 
685 677 676 
684 685 676 
675 684 676 
566 565 561 
559 558 561 
1298 1414 859 
1299 1298 859 
860 1299 859 
694 696 695 
687 694 695 
688 687 695 
835 828 836 
837 845 836 
720 719 722 
1110 720 722 
1111 1110 722 
837 838 846 
845 837 846 
608 607 604 
605 608 604 
601 605 604 
600 601 604 
610 611 616 
615 610 616 
622 615 616 
611 617 616 
1303 839 831 
1304 1303 831 
824 1304 831 
830 824 831 
838 830 831 
1098 1097 651 
839 838 831 
951 950 597 
950 595 597 
650 653 654 
651 650 654 
655 651 654 
660 655 654 
659 660 654 
653 659 654 
560 559 561 
682 674 673 
607 608 612 
611 607 612 
617 611 612 
618 617 612 
771 781 772 
764 771 772 
646 645 636 
624 625 636 
1091 1092 714 
1090 1091 714 
710 1090 714 
715 710 714 
638 632 639 
1082 1083 639 
632 1082 639 
771 780 781 
693 685 684 
640 958 633 
692 693 684 
1305 1304 824 
818 1305 824 
823 818 824 
1110 1109 720 
830 823 824 
1300 1299 860 
855 1300 860 
660 661 655 
1098 651 655 
709 1090 710 
642 643 551 
618 625 624 
617 618 624 
1421 742 747 
1422 1421 747 
1306 1305 818 
752 1422 747 
816 812 817 
818 823 817 
1101 1100 662 
677 1101 662 
776 1325 774 
775 776 774 
841 775 774 
1325 1324 774 
550 642 551 
768 777 778 
769 768 778 
658 652 657 
552 550 551 
961 960 657 
652 961 657 
653 652 658 
1081 1082 632 
659 653 658 
856 850 851 
857 856 851 
1301 855 848 
1302 1301 848 
839 1302 848 
611 606 607 
1106 703 708 
1107 1106 708 
713 1107 708 
1089 1090 709 
1102 1101 677 
685 1102 677 
1420 1419 736 
742 1420 736 
734 738 736 
1419 734 736 
963 962 652 
962 961 652 
687 678 686 
694 687 686 
1087 694 686 
1086 1087 686 
1085 1086 686 
678 1085 686 
625 618 619 
775 777 776 
717 713 712 
716 717 712 
1303 1302 839 
611 610 606 
610 954 606 
764 753 763 
771 764 763 
1428 1427 849 
850 1428 849 
1421 1420 742 
1323 1322 832 
760 761 756 
832 833 841 
761 760 768 
769 761 768 
1108 713 717 
1109 1108 717 
720 1109 717 
716 720 717 
957 956 621 
958 957 621 
633 958 621 
622 633 621 
615 622 621 
956 615 621 
1103 1102 685 
693 1103 685 
963 652 653 
650 963 653 
554 552 551 
597 595 596 
598 597 596 
1075 598 596 
1074 1075 596 
959 640 641 
595 1074 596 
835 827 828 
1423 1422 752 
640 633 634 
706 699 698 
960 959 641 
719 720 716 
715 719 716 
1106 1105 703 
1104 1103 693 
1076 1077 601 
1077 605 601 
1417 1416 724 
733 1417 724 
1334 733 724 
1335 1334 724 
1336 1335 724 
1416 1336 724 
583 584 586 
761 769 762 
598 601 600 
597 598 600 
599 597 600 
1418 1417 733 
734 1418 733 
735 734 733 
1334 735 733 
1332 1331 739 
737 1332 739 
835 834 827 
830 838 837 
2269 1722 1723 
2270 2269 1723 
1503 1537 1499 
1537 1538 1499 
1500 1524 1498 
1724 2270 1723 
2288 1724 1723 
2287 2288 1723 
1722 2287 1723 
1538 1504 1499 
1968 1949 1975 
1528 1529 1501 
1529 1535 1501 
1967 1968 1975 
1966 1967 1975 
1974 1966 1975 
1535 1536 1501 
1536 1503 1501 
1948 1974 1975 
1949 1948 1975 
2214 1689 1685 
2213 2214 1685 
1885 1884 1508 
1894 1885 1508 
1503 1502 1501 
1502 1528 1501 
1684 2213 1685 
2194 1684 1685 
2195 2194 1685 
1689 2195 1685 
2262 1828 1826 
1516 1515 1511 
1515 1934 1511 
1934 1926 1511 
1926 1553 1511 
1525 1528 1502 
298 275 1497 
2263 2262 1826 
1824 2263 1826 
2384 1824 1826 
2383 2384 1826 
1524 1525 1502 
1553 1513 1511 
1513 1516 1511 
1828 2383 1826 
1937 1922 1921 
1523 1524 1500 
1936 1937 1921 
1920 1936 1921 
1914 1920 1921 
1524 1502 1498 
1536 1537 1503 
1502 1503 1498 
1533 1532 1500 
1922 1914 1921 
1930 2070 1931 
1532 1523 1500 
1966 1533 1504 
1533 1500 1504 
1848 1930 1931 
1849 1848 1931 
1932 1849 1931 
2035 1932 1931 
1981 1980 1559 
2070 2035 1931 
2134 1636 1635 
1980 1493 1559 
1493 1492 1559 
2133 2134 1635 
1492 1999 1559 
1477 2313 1736 
1634 2133 1635 
1827 2337 1829 
2261 1827 1829 
2260 2261 1829 
2115 1634 1635 
2116 2115 1635 
1636 2116 1635 
1957 1988 1989 
1958 1957 1989 
1990 1958 1989 
2313 1737 1736 
2337 2336 1829 
1979 1990 1989 
1988 1979 1989 
1481 2222 1692 
2214 2213 1698 
1482 1481 1692 
1699 2214 1698 
2232 1699 1698 
2202 1482 1692 
2203 2202 1692 
2231 2232 1698 
1737 2295 1736 
2295 2294 1736 
2201 2231 1698 
1453 1452 1757 
2213 2201 1698 
2356 1453 1757 
2156 1663 1664 
2157 2156 1664 
2355 2356 1757 
1756 2355 1757 
2327 1756 1757 
1452 2327 1757 
1665 2157 1664 
2176 1665 1664 
2294 1478 1736 
1478 1477 1736 
2175 2176 1664 
1663 2175 1664 
2233 2232 1709 
2123 2124 1626 
2106 2105 1626 
1465 62 39 
2309 2347 2348 
2178 2177 1676 
2177 1675 1676 
2349 2309 2348 
2329 2349 2348 
1675 2195 1676 
2328 2329 2348 
2195 2196 1676 
1445 2178 1677 
1710 2233 1709 
2266 1710 1709 
2265 2266 1709 
2178 1676 1677 
2221 2265 1709 
1489 1488 1603 
2232 2221 1709 
2059 1489 1603 
2060 2059 1603 
2158 2157 1665 
1688 1888 1889 
1666 2158 1665 
2177 1666 1665 
2176 2177 1665 
1604 2060 1603 
2307 2308 1735 
2083 1604 1603 
1488 2083 1603 
1676 2196 1677 
2438 2437 1806 
1734 2307 1735 
2289 1734 1735 
1450 2289 1735 
1807 2438 1806 
2460 1807 1806 
1451 1450 1735 
38 1464 61 
2459 2460 1806 
2196 2197 1677 
2308 1451 1735 
2366 2328 1763 
2212 2213 1684 
2182 2212 1684 
2365 2366 1763 
1762 2365 1763 
2347 1762 1763 
2193 2182 1684 
2348 2347 1763 
2328 2348 1763 
1922 292 1912 
2020 2021 1572 
2197 1446 1677 
1914 1922 1912 
1446 1445 1677 
2002 2001 1572 
1890 1889 1854 
1908 1914 1912 
293 1908 1912 
2436 2435 1804 
2457 2458 1804 
292 293 1912 
2194 2193 1684 
1503 1499 1498 
2217 2216 1701 
1444 1443 1655 
2234 2235 1701 
2147 2146 1660 
2208 2179 2207 
2158 1444 1655 
2157 2158 1655 
1648 2157 1655 
2146 1659 1660 
2346 2345 1761 
1762 2346 1761 
2364 1762 1761 
2363 2364 1761 
1659 2166 1660 
2385 2384 1814 
2137 1648 1655 
1443 2137 1655 
1928 1846 1845 
1813 2385 1814 
1927 1928 1845 
1844 1927 1845 
2457 1813 1814 
2458 2457 1814 
2166 2167 1660 
2250 2249 1838 
2249 1460 1838 
1460 1459 1838 
1488 1487 1614 
1459 2371 1838 
2083 1488 1614 
2302 2293 2303 
2357 2367 1774 
2367 2366 1774 
2273 2302 2303 
2366 1773 1774 
2274 2273 2303 
2084 2083 1614 
1773 2399 1774 
2293 2304 2303 
2399 2400 1774 
2400 2357 1774 
2311 2320 2310 
2381 2382 1830 
2382 1828 1830 
2350 2311 2310 
2349 2350 2310 
1828 2261 1830 
2261 2260 1830 
2306 2305 1743 
2309 2349 2310 
2319 2309 2310 
1499 1504 1498 
1489 2059 1592 
2323 2324 1743 
2041 2040 1592 
2320 2319 2310 
2040 1490 1592 
1615 2084 1614 
2006 1927 1844 
1843 2006 1844 
2104 1615 1614 
1487 2104 1614 
1847 1930 1848 
2285 2274 1731 
2286 2285 1731 
1732 2286 1731 
1946 1944 1945 
1950 1946 1945 
1954 1950 1945 
279 1954 1945 
278 279 1945 
277 278 1945 
1944 277 1945 
2304 1732 1731 
2303 2304 1731 
2274 2303 1731 
1473 1472 1791 
2414 1473 1791 
2415 2414 1791 
1792 2415 1791 
2433 1792 1791 
1472 2433 1791 
2207 2206 1696 
2028 2018 2029 
1697 2207 1696 
2226 1697 1696 
2225 2226 1696 
1695 2225 1696 
2206 1695 1696 
2135 1646 1647 
2192 2161 2191 
2182 2192 2191 
2181 2182 2191 
2190 2181 2191 
2160 2190 2191 
2161 2160 2191 
2149 2148 2139 
2140 2149 2139 
2171 2140 2139 
2170 2171 2139 
2138 2170 2139 
2148 2138 2139 
2431 2440 2430 
2464 2431 2430 
2463 2464 2430 
2429 2463 2430 
2439 2429 2430 
2440 2439 2430 
2136 2135 1647 
1648 2136 1647 
2156 1648 1647 
2153 2156 1647 
1646 2153 1647 
2044 1595 1596 
2045 2044 1596 
1597 2045 1596 
2351 2341 2352 
2063 1597 1596 
2062 2063 1596 
1595 2062 1596 
2259 2258 1833 
1651 1652 1631 
1630 1651 1631 
1550 1630 1631 
1526 1550 1631 
1527 1526 1631 
1632 1527 1631 
1652 1632 1631 
1832 2259 1833 
2380 1832 1833 
2379 2380 1833 
2455 2379 1833 
2258 2455 1833 
1936 1935 1515 
1519 1936 1515 
1516 1519 1515 
1896 1894 1510 
1897 1896 1510 
1935 1934 1515 
2021 1582 1583 
2022 2021 1583 
1584 2022 1583 
2042 1584 1583 
2041 2042 1583 
1582 2041 1583 
2051 1589 1588 
2050 2051 1588 
2055 2088 2089 
2090 2055 2089 
2080 2090 2089 
2079 2080 2089 
1587 2050 1588 
2030 1587 1588 
2031 2030 1588 
1589 2031 1588 
1941 1925 1926 
1942 1941 1926 
1943 1942 1926 
1934 1943 1926 
1861 1883 1860 
2189 2159 2188 
1859 1861 1860 
2333 1859 1860 
2332 2333 1860 
1882 2332 1860 
2321 2320 2311 
2312 2321 2311 
2351 2312 2311 
2350 2351 2311 
1883 1882 1860 
2215 2214 1699 
1700 2215 1699 
2233 1700 1699 
2232 2233 1699 
1895 1865 1897 
1895 1897 1510 
2082 2095 2094 
2091 2082 2094 
2057 2091 2094 
2058 2057 2094 
2036 2037 2046 
1843 1896 1897 
2015 2045 2046 
2047 2015 2046 
2037 2047 2046 
1914 1908 1918 
1920 1914 1918 
1919 1920 1918 
1917 1919 1918 
1911 1917 1918 
1908 1911 1918 
1965 1843 1897 
1865 1965 1897 
2340 2370 2341 
2350 2340 2341 
2351 2350 2341 
1946 1950 1951 
1947 1946 1951 
1952 1947 1951 
1970 1952 1951 
1969 1970 1951 
1950 1969 1951 
1949 1950 1954 
1948 1949 1954 
281 1948 1954 
280 281 1954 
279 280 1954 
2064 2036 1597 
2063 2064 1597 
2046 2045 1597 
2036 2046 1597 
1487 1486 1625 
2104 1487 1625 
1972 1962 1963 
1973 1972 1963 
1435 1973 1963 
2105 2104 1625 
2448 2378 2449 
2462 2448 2449 
2463 2462 2449 
2450 2463 2449 
2377 2450 2449 
2378 2377 2449 
1626 2105 1625 
2123 1626 1625 
1486 2123 1625 
2085 2084 1615 
1616 2085 1615 
2368 2329 2328 
2367 2368 2328 
2366 2367 2328 
2105 1616 1615 
2210 2180 2179 
2208 2210 2179 
2180 2189 2179 
2104 2105 1615 
2251 1837 1836 
2252 2251 1836 
1835 2252 1836 
2373 1835 1836 
2372 2373 1836 
2413 2422 2412 
2442 2413 2412 
2441 2442 2412 
2411 2441 2412 
2421 2411 2412 
2422 2421 2412 
2069 2070 1930 
1929 2069 1930 
1847 1929 1930 
1837 2372 1836 
2391 2419 2420 
2421 2391 2420 
2411 2421 2420 
2410 2411 2420 
1905 2249 1866 
2058 2074 2073 
2072 2058 2073 
2038 2072 2073 
2039 2038 2073 
1851 1905 1866 
2079 2109 2110 
2111 2079 2110 
2101 2111 2110 
2100 2101 2110 
1910 1911 1907 
1850 1851 1866 
1868 1850 1866 
297 298 1907 
296 297 1907 
1911 296 1907 
1867 1868 1866 
2250 1867 1866 
2249 2250 1866 
1535 1539 1540 
1536 1535 1540 
1541 1536 1540 
1544 1541 1540 
1543 1544 1540 
1959 1543 1540 
1539 1959 1540 
2302 2272 2301 
2292 2302 2301 
2291 2292 2301 
2300 2291 2301 
2271 2300 2301 
2272 2271 2301 
2292 2293 2302 
2273 2272 2302 
2268 1712 1711 
2267 2268 1711 
1710 2267 1711 
2234 1710 1711 
1494 1493 1923 
2235 2234 1711 
1712 2235 1711 
2000 1561 1560 
1999 2000 1560 
1559 1999 1560 
1981 1559 1560 
1982 1981 1560 
1561 1982 1560 
2203 1692 1693 
2204 2203 1693 
1694 2204 1693 
2223 1694 1693 
2222 2223 1693 
1692 2222 1693 
2297 1729 1728 
2296 2297 1728 
1727 2296 1728 
2466 2465 2451 
2278 1727 1728 
2279 2278 1728 
2450 2376 2451 
2464 2450 2451 
2465 2464 2451 
1729 2279 1728 
1469 2263 1824 
1470 1469 1824 
1433 1947 1952 
1953 1433 1952 
1971 1953 1952 
1970 1971 1952 
2385 1470 1824 
2384 2385 1824 
2458 2459 1805 
1804 2458 1805 
2436 1804 1805 
2437 2436 1805 
1806 2437 1805 
2459 1806 1805 
2086 1616 1617 
2087 2086 1617 
1618 2087 1617 
2107 1618 1617 
2056 2055 2090 
2091 2056 2090 
2081 2091 2090 
2080 2081 2090 
2106 2107 1617 
1616 2106 1617 
2305 2304 1742 
1743 2305 1742 
2323 1743 1742 
2322 2323 1742 
2293 2322 1742 
2304 2293 1742 
2286 1722 1721 
1850 1932 1933 
1851 1850 1933 
1461 1851 1933 
1462 1461 1933 
1932 1462 1933 
2285 2286 1721 
1720 2285 1721 
2267 1720 1721 
2268 2267 1721 
1722 2268 1721 
1509 1895 1510 
2200 2211 2210 
2199 2200 2210 
2208 2199 2210 
2211 2180 2210 
2322 2293 2292 
2321 2322 2292 
2291 2321 2292 
1508 1509 1510 
1894 1508 1510 
1862 1863 1509 
1520 1525 1524 
2219 2229 2228 
2218 2219 2228 
1519 1520 1524 
2198 2227 2228 
2229 2198 2228 
1523 1519 1524 
2205 2204 1694 
1695 2205 1694 
2224 1695 1694 
2172 2162 2174 
2223 2224 1694 
2315 1739 1738 
2314 2315 1738 
1737 2314 1738 
2441 2440 2431 
2296 1737 1738 
2432 2441 2431 
2465 2432 2431 
2464 2465 2431 
2248 2219 2218 
2247 2248 2218 
2246 2247 2218 
2297 2296 1738 
1739 2297 1738 
1829 2336 1831 
2260 1829 1831 
2259 2260 1831 
2335 2259 1831 
2336 2335 1831 
1940 1941 1512 
1495 1940 1512 
1915 1495 1512 
1941 1915 1512 
1468 2339 1825 
1469 1468 1825 
2132 2122 2133 
2263 1469 1825 
2262 2263 1825 
2452 2375 2376 
2377 2452 2376 
2450 2377 2376 
2036 2065 2071 
2037 2036 2071 
2072 2037 2071 
2057 2072 2071 
2056 2057 2071 
2065 2056 2071 
1843 1965 2006 
2066 1927 2006 
53 2066 2006 
52 53 2006 
1965 52 2006 
2329 2369 2340 
2349 2329 2340 
2350 2349 2340 
2369 2370 2340 
1827 2262 1825 
2338 1827 1825 
1959 1991 1960 
2339 2338 1825 
2333 2334 1859 
1856 1861 1859 
1855 1856 1859 
2257 2333 2332 
2256 2257 2332 
2331 2256 2332 
2334 1855 1859 
2196 2195 1689 
1690 2196 1689 
2215 1690 1689 
2214 2215 1689 
2459 1815 1816 
40 41 1526 
39 40 1526 
1465 39 1526 
1527 1465 1526 
41 1550 1526 
2460 2459 1816 
1817 2460 1816 
2382 1817 1816 
2383 2382 1816 
1815 2383 1816 
1530 1938 1532 
2281 2271 2272 
2282 2281 2272 
2273 2282 2272 
1533 1530 1532 
1531 1523 1532 
1938 1531 1532 
1848 1872 1873 
1847 1848 1873 
1877 1847 1873 
1876 1877 1873 
1869 1876 1873 
1872 1869 1873 
1924 1549 1551 
1925 1924 1551 
1553 1925 1551 
1554 1553 1551 
1552 1554 1551 
1549 1552 1551 
2387 2386 1775 
1776 2387 1775 
2405 1776 1775 
2404 2405 1775 
2360 2404 1775 
2025 1995 2024 
2386 2360 1775 
2381 2380 1818 
1817 2381 1818 
2461 1817 1818 
2462 2461 1818 
2448 2462 1818 
2380 2448 1818 
2279 2280 1719 
2331 2330 2255 
2256 2331 2255 
2454 2256 2255 
2453 2454 2255 
1466 1465 1632 
2254 2453 2255 
2330 2254 2255 
2070 2034 2035 
1462 1932 2035 
1463 1462 2035 
1718 2279 1719 
2246 1718 1719 
2247 2246 1719 
2237 2247 1719 
2192 2182 2193 
2280 2237 1719 
2212 2182 2181 
2211 2212 2181 
2180 2211 2181 
2190 2180 2181 
2363 1761 1760 
2362 2363 1760 
1759 2362 1760 
2344 1759 1760 
2345 2344 1760 
2404 2394 2405 
1761 2345 1760 
2467 1810 1809 
1959 1990 1991 
2466 2467 1809 
1808 2466 1809 
2444 1808 1809 
2445 2444 1809 
1810 2445 1809 
1557 1993 1558 
1962 1557 1558 
2229 2220 2230 
2199 2229 2230 
2200 2199 2230 
2231 2200 2230 
2221 2231 2230 
2220 2221 2230 
1963 1962 1558 
1435 1963 1558 
1436 1435 1558 
1994 1436 1558 
1993 1994 1558 
2111 2080 2079 
2067 1927 2066 
56 2067 2066 
55 56 2066 
54 55 2066 
53 54 2066 
2016 2025 2015 
2047 2016 2015 
1546 1545 1544 
1547 1546 1544 
1543 1547 1544 
1545 1541 1544 
2186 1680 1681 
2187 2186 1681 
1650 1688 1651 
1630 1650 1651 
1682 2187 1681 
2205 1682 1681 
2453 2254 2452 
2377 2453 2452 
2204 2205 1681 
1680 2204 1681 
2056 2065 2055 
1943 1920 1919 
1913 1943 1919 
1917 1913 1919 
2284 2283 2274 
2285 2284 2274 
2283 2273 2274 
2284 2285 1720 
2240 2284 1720 
2266 2240 1720 
2267 2266 1720 
2226 1706 1707 
1953 1971 1972 
1434 1953 1972 
1973 1434 1972 
2227 2226 1707 
1708 2227 1707 
2245 1708 1707 
2244 2245 1707 
1706 2244 1707 
2465 2466 1808 
2237 2280 2281 
2282 2237 2281 
2441 2432 2442 
2432 2465 1808 
2432 2443 2442 
2443 2432 1808 
1959 1958 1990 
1943 1935 1920 
1935 1936 1920 
2148 2149 2119 
2147 2148 2119 
2444 2443 1808 
2251 2252 1870 
2120 2129 2119 
2149 2120 2119 
2162 2161 2192 
1867 2251 1870 
1871 1867 1870 
289 1938 1939 
288 289 1939 
1508 1862 1509 
287 288 1939 
2422 2413 2423 
2393 2422 2423 
2394 2393 2423 
1864 1895 1509 
2413 2424 2423 
1863 1864 1509 
1513 1554 1505 
2023 2022 1584 
1585 2023 1584 
2050 2049 2039 
2043 1585 1584 
2048 2038 2039 
2049 2048 2039 
2038 2037 2072 
2057 2058 2072 
2100 2128 2129 
2130 2100 2129 
2120 2130 2129 
2042 2043 1584 
1966 1964 1533 
1514 1513 1505 
1518 1514 1505 
1964 1530 1533 
2188 2187 1682 
1683 2188 1682 
2206 1683 1682 
2205 2206 1682 
1557 1961 1556 
1992 1557 1556 
1991 1992 1556 
1960 1991 1556 
1961 1960 1556 
2354 1765 1766 
2355 2354 1766 
1767 2355 1766 
2388 1767 1766 
2387 2388 1766 
1765 2387 1766 
2425 1788 1787 
2424 2425 1787 
1786 2424 1787 
2406 1786 1787 
2407 2406 1787 
1788 2407 1787 
2260 2259 1832 
1830 2260 1832 
2381 1830 1832 
2380 2381 1832 
2331 2332 1882 
1880 2331 1882 
1883 1880 1882 
1521 1518 1522 
1528 1521 1522 
1529 1528 1522 
2028 1998 1997 
2027 2028 1997 
1956 1529 1522 
1996 2027 1997 
2007 1996 1997 
2008 2007 1997 
1998 2008 1997 
1928 1927 2067 
2068 1928 2067 
2092 2068 2067 
2173 2092 2067 
56 2173 2067 
2291 2320 2321 
2312 2322 2321 
1955 1956 1522 
1518 1955 1522 
1940 1924 1925 
1941 1940 1925 
2098 1622 1623 
2099 2098 1623 
1624 2099 1623 
2117 1624 1623 
1649 1686 1687 
1650 1649 1687 
1688 1650 1687 
1888 1688 1687 
1887 1888 1687 
2283 2282 2273 
1686 1887 1687 
2116 2117 1623 
1622 2116 1623 
1923 1924 1940 
2461 2460 1817 
2382 2381 1817 
1876 1869 1875 
1495 1494 1940 
1494 1923 1940 
1881 1876 1875 
2358 2368 2367 
44 45 1649 
45 46 1649 
2357 2358 2367 
1880 1881 1875 
1874 1880 1875 
1955 1518 1505 
2096 1611 1610 
1938 1922 1937 
2095 2096 1610 
1609 2095 1610 
2075 1609 1610 
2076 2075 1610 
2400 2401 2357 
1611 2076 1610 
2402 2358 2357 
2401 2402 2357 
1853 1857 1856 
1855 1853 1856 
1862 1861 1856 
2171 2161 2162 
2172 2171 2162 
2411 2440 2441 
1857 1862 1856 
2143 2142 1656 
1657 2143 1656 
2163 1657 1656 
1484 2163 1656 
2198 2199 2208 
284 285 1964 
1974 284 1964 
1966 1974 1964 
1485 1484 1656 
2142 1485 1656 
2408 2409 1779 
2290 2320 2291 
2300 2290 2291 
1917 1911 1910 
1916 1917 1910 
1909 1916 1910 
1778 2408 1779 
2390 1778 1779 
1454 2390 1779 
2379 2378 2448 
2380 2379 2448 
2455 2257 2256 
2454 2455 2256 
282 283 1974 
1948 282 1974 
283 284 1974 
2198 2229 2199 
2330 2253 2254 
1455 1454 1779 
2409 1455 1779 
2198 2208 1697 
2227 2198 1697 
2226 2227 1697 
2208 2207 1697 
2155 1463 1906 
2093 2155 1906 
2034 2093 1906 
2035 2034 1906 
1463 2035 1906 
2446 2447 1801 
1800 2446 1801 
2428 1800 1801 
1456 2428 1801 
1457 1456 1801 
2447 1457 1801 
2438 2410 1796 
2437 2438 1796 
1795 2437 1796 
2419 1795 1796 
2420 2419 1796 
2410 2420 1796 
2050 2039 1598 
2051 2050 1598 
1599 2051 1598 
2074 1599 1598 
2073 2074 1598 
2039 2073 1598 
1517 1518 1521 
1520 1517 1521 
1525 1520 1521 
1528 1525 1521 
2081 2113 2082 
2091 2081 2082 
2246 2218 1708 
2245 2246 1708 
2463 2450 2464 
2228 2227 1708 
2218 2228 1708 
2345 1751 1750 
1996 2005 1995 
2026 1996 1995 
2025 2026 1995 
2370 2360 2386 
2344 2345 1750 
2121 2151 2122 
2131 2121 2122 
2132 2131 2122 
2319 2320 2290 
2318 2319 2290 
1749 2344 1750 
2316 1749 1750 
2190 2159 2189 
2180 2190 2189 
2102 2131 2132 
2103 2102 2132 
2317 2316 1750 
1751 2317 1750 
2243 1706 1705 
2242 2243 1705 
1704 2242 1705 
2224 1704 1705 
2225 2224 1705 
1706 2225 1705 
2002 2003 1563 
1562 2002 1563 
1984 1562 1563 
1985 1984 1563 
2403 2394 2404 
2359 2403 2404 
2360 2359 2404 
2113 2103 2114 
1564 1985 1563 
2003 1564 1563 
2325 1745 1744 
2240 2266 2265 
2324 2325 1744 
1743 2324 1744 
2306 1743 1744 
2307 2306 1744 
1745 2307 1744 
1938 1937 1531 
1937 1523 1531 
2312 2351 1753 
2323 2312 1753 
2324 2323 1753 
2026 2027 1996 
2007 2005 1996 
1754 2324 1753 
2352 1754 1753 
2351 2352 1753 
2457 1804 1803 
2456 2457 1803 
1802 2456 1803 
2434 1802 1803 
2435 2434 1803 
1804 2435 1803 
1881 1880 1883 
1884 1881 1883 
1985 1955 1505 
2187 2188 1672 
1671 2187 1672 
2049 2017 2048 
2047 2038 2048 
2016 2047 2048 
2017 2016 2048 
2112 2103 2113 
2081 2112 2113 
2403 2358 2402 
2393 2403 2402 
2392 2393 2402 
2401 2392 2402 
1916 1915 1913 
1917 1916 1913 
1942 1943 1913 
1941 1942 1913 
1915 1941 1913 
2168 1671 1672 
2169 2168 1672 
2238 2239 2248 
2247 2238 2248 
2264 2219 2248 
2239 2264 2248 
295 1911 1908 
294 295 1908 
293 294 1908 
2159 2169 1672 
2188 2159 1672 
1884 1885 1878 
1881 1884 1878 
1876 1881 1878 
1877 1876 1878 
1879 1877 1878 
1885 1879 1878 
1441 2099 1624 
1442 1441 1624 
2118 1442 1624 
2117 2118 1624 
1895 1886 1865 
51 1965 1865 
50 51 1865 
1846 1928 1929 
1847 1846 1929 
2068 2069 1929 
1928 2068 1929 
49 50 1865 
48 49 1865 
1886 48 1865 
2056 2091 2057 
2117 1636 1637 
2118 2117 1637 
1638 2118 1637 
1435 1434 1973 
2136 1638 1637 
2135 2136 1637 
1636 2135 1637 
1970 1545 1546 
1971 1970 1546 
1547 1971 1546 
2243 1715 1716 
2244 2243 1716 
1717 2244 1716 
2150 2151 2121 
2120 2150 2121 
2130 2120 2121 
2131 2130 2121 
2277 1717 1716 
2276 2277 1716 
1715 2276 1716 
1516 1517 1520 
1519 1516 1520 
2406 2407 1777 
1776 2406 1777 
2388 1776 1777 
2389 2388 1777 
1464 1463 2155 
2209 1464 2155 
2154 2209 2155 
2093 2154 2155 
1778 2389 1777 
2407 1778 1777 
2253 2252 1835 
1834 2253 1835 
2374 1834 1835 
2410 2439 2440 
2411 2410 2440 
2359 2358 2403 
2393 2394 2403 
2429 2462 2463 
2373 2374 1835 
1926 1925 1553 
1984 1985 1505 
1555 1984 1505 
2138 2169 2170 
2161 2171 2170 
2160 2161 2170 
2169 2160 2170 
1632 1652 1653 
1554 1513 1553 
1654 1632 1653 
2392 2421 2422 
2393 2392 2422 
1956 1988 1957 
1442 2118 1638 
1443 1442 1638 
2137 1443 1638 
2201 2211 2200 
2231 2201 2200 
2136 2137 1638 
2020 1572 1571 
2019 2020 1571 
2160 2169 2159 
2190 2160 2159 
1570 2019 1571 
1950 1968 1969 
2391 2392 2401 
2000 1570 1571 
2001 2000 1571 
2018 2017 2049 
1572 2001 1571 
1968 1950 1949 
1492 1491 1570 
1999 1492 1570 
2000 1999 1570 
1491 2019 1570 
1846 1847 1877 
1879 1846 1877 
2128 2100 1633 
2127 2128 1633 
1629 2127 1633 
2237 2238 2247 
2109 1629 1633 
2149 2150 2120 
2110 2109 1633 
2100 2110 1633 
2326 2327 1746 
1745 2326 1746 
2168 2169 2138 
2360 2369 2359 
2368 2358 2359 
2369 2368 2359 
1934 1935 1943 
2308 1745 1746 
1451 2308 1746 
1452 1451 1746 
2327 1452 1746 
2323 2322 2312 
2101 2100 2130 
2131 2101 2130 
2106 1626 1627 
2107 2106 1627 
1628 2107 1627 
2125 1628 1627 
2124 2125 1627 
2259 2334 2258 
1626 2124 1627 
2184 1669 1668 
2183 2184 1668 
2257 2455 2258 
2333 2257 2258 
2334 2333 2258 
59 60 2209 
2154 59 2209 
61 1464 2209 
60 61 2209 
1667 2183 1668 
2164 1667 1668 
47 48 1886 
1686 47 1886 
1887 1686 1886 
2165 2164 1668 
1669 2165 1668 
2362 1769 1770 
2438 2439 2410 
2363 2362 1770 
2140 2171 2172 
2141 2140 2172 
1771 2363 1770 
2212 2201 2213 
2047 2037 2038 
2005 2007 1976 
2004 2005 1976 
2396 1771 1770 
2395 2396 1770 
1977 1986 1976 
2007 1977 1976 
1769 2395 1770 
2203 2204 1680 
1679 2203 1680 
2185 1679 1680 
2026 2016 2017 
2027 2026 2017 
2018 2027 2017 
2010 2009 1998 
2009 2008 1998 
2112 2111 2102 
2103 2112 2102 
2101 2131 2102 
2111 2101 2102 
2186 2185 1680 
1955 1985 1986 
1987 1955 1986 
1977 1987 1986 
290 1922 1938 
289 290 1938 
2461 2462 2429 
281 282 1948 
2088 2087 1618 
1619 2088 1618 
2027 2018 2028 
1987 1988 1956 
1955 1987 1956 
2108 1619 1618 
1978 1987 1977 
2008 1978 1977 
2007 2008 1977 
2107 2108 1618 
2353 2352 1764 
1432 1944 1946 
1947 1432 1946 
1915 1916 1909 
1496 1915 1909 
1765 2353 1764 
1497 1496 1909 
1932 1850 1849 
2386 1765 1764 
2370 2386 1764 
2154 2092 2173 
2341 2370 1764 
59 2154 2173 
58 59 2173 
57 58 2173 
56 57 2173 
2025 2016 2026 
2352 2341 1764 
2138 2148 1661 
2219 2264 2220 
2229 2219 2220 
2265 2221 2220 
2264 2265 2220 
2392 2391 2421 
1978 1988 1987 
2093 2070 2069 
2092 2093 2069 
2068 2092 2069 
2168 2138 1661 
2167 2168 1661 
1660 2167 1661 
2147 1660 1661 
2148 2147 1661 
2378 2454 2453 
2377 2378 2453 
2126 2127 1629 
1628 2126 1629 
2108 1628 1629 
2109 2108 1629 
2435 1794 1793 
2379 2454 2378 
2434 2435 1793 
2201 2212 2211 
1792 2434 1793 
2369 2360 2370 
2416 1792 1793 
2417 2416 1793 
1496 1495 1915 
1794 2417 1793 
2114 2115 1621 
295 296 1911 
1620 2114 1621 
2096 1620 1621 
2097 2096 1621 
1622 2097 1621 
2115 1622 1621 
2061 1595 1594 
2060 2061 1594 
1593 2060 1594 
2042 1593 1594 
276 277 1944 
299 276 1944 
1432 299 1944 
2141 2151 2150 
2140 2141 2150 
2149 2140 2150 
2043 2042 1594 
2454 2379 2455 
1595 2043 1594 
2396 2395 1780 
1781 2396 1780 
2414 1781 1780 
1473 2414 1780 
1474 1473 1780 
2395 1474 1780 
1467 1466 1654 
1466 1632 1654 
2250 2251 1867 
1871 1868 1867 
1868 1871 1872 
1849 1868 1872 
1848 1849 1872 
2154 2093 2092 
1871 1869 1872 
2004 2003 1574 
1575 2004 1574 
2023 1575 1574 
2022 2023 1574 
1573 2022 1574 
2003 1573 1574 
2241 2242 1704 
51 52 1965 
1703 2241 1704 
2231 2221 2232 
2223 1703 1704 
2240 2265 2264 
2239 2240 2264 
2224 2223 1704 
1853 1855 1852 
1841 1853 1852 
2336 1841 1852 
2335 2336 1852 
1855 2335 1852 
2216 2215 1700 
43 1650 1630 
42 43 1630 
1550 42 1630 
1701 2216 1700 
2234 1701 1700 
2233 2234 1700 
2254 2253 1834 
2452 2254 1834 
2375 2452 1834 
43 44 1650 
44 1649 1650 
2374 2375 1834 
2202 2203 1679 
2093 2034 2070 
1678 2202 1679 
2184 1678 1679 
2185 2184 1679 
1554 1552 1555 
1554 1555 1505 
1508 1884 1507 
46 47 1686 
1649 46 1686 
1862 1508 1507 
2259 2335 2334 
41 42 1550 
1861 1862 1507 
1983 1984 1555 
1552 1983 1555 
285 286 1904 
1964 285 1904 
1530 1964 1904 
1939 1530 1904 
287 1939 1904 
286 287 1904 
2077 2078 1602 
1601 2077 1602 
2054 1601 1602 
1439 2054 1602 
1440 1439 1602 
2078 1440 1602 
2001 2002 1562 
2141 2152 2151 
2111 2112 2080 
2112 2081 2080 
1561 2001 1562 
2299 2300 2271 
1983 1561 1562 
1984 1983 1562 
2109 2079 1619 
2108 2109 1619 
2283 2284 2239 
2284 2240 2239 
1923 1493 1980 
291 292 1922 
290 291 1922 
2089 2088 1619 
2079 2089 1619 
2005 2004 1575 
1995 2005 1575 
2282 2283 2238 
2237 2282 2238 
2283 2239 2238 
2024 1995 1575 
2023 2024 1575 
2295 2296 1727 
1726 2295 1727 
1632 1465 1527 
2277 1726 1727 
2329 2368 2369 
1433 1432 1947 
2278 2277 1727 
1523 1936 1519 
1529 1957 1534 
1535 1529 1534 
1539 1535 1534 
1434 1433 1953 
1958 1539 1534 
1957 1958 1534 
1844 1845 1894 
1978 1979 1988 
2065 2036 2064 
1896 1844 1894 
1978 2008 2009 
1883 1861 1507 
1979 1978 2009 
2298 2297 1739 
1879 1885 1894 
1845 1879 1894 
2315 2316 1739 
2226 2225 1706 
2243 2244 1706 
1483 2183 1667 
2242 2241 1714 
2241 1480 1714 
1480 1479 1714 
1479 2275 1714 
1484 1483 1667 
2415 2416 1782 
2163 1484 1667 
2164 2163 1667 
2398 2397 1782 
1968 1967 1538 
1542 1968 1538 
1537 1542 1538 
2277 2276 1726 
1884 1883 1507 
1476 1475 1758 
2294 2295 1726 
2342 1476 1758 
2457 2456 1813 
2456 1471 1813 
1471 1470 1813 
1470 2385 1813 
2343 2342 1758 
1759 2343 1758 
2361 1759 1758 
1475 2361 1758 
1438 1437 1580 
2033 1438 1580 
2032 2033 1580 
1579 2032 1580 
2014 1579 1580 
1437 2014 1580 
2384 2383 1815 
1814 2384 1815 
2458 1814 1815 
2459 2458 1815 
1857 1854 1858 
1863 1857 1858 
1864 1863 1858 
1888 1864 1858 
2460 2461 1807 
2461 2429 1807 
2429 2439 1807 
2439 2438 1807 
1889 1888 1858 
1854 1889 1858 
2305 2306 1733 
1437 1436 1569 
2014 1437 1569 
2288 2287 1733 
2077 2076 1611 
2013 2014 1569 
1568 2013 1569 
2096 2097 1611 
1994 1568 1569 
1436 1994 1569 
2373 2372 1822 
2372 2371 1823 
1822 2372 1823 
2470 2469 1822 
2470 1822 1823 
1458 2470 1823 
1459 1458 1823 
2371 1459 1823 
1874 2331 1880 
2317 2318 1741 
1740 2317 1741 
1892 1891 1840 
2299 1740 1741 
2300 2299 1741 
2290 2300 1741 
2318 2290 1741 
1458 1457 1812 
2470 1458 1812 
2469 2470 1812 
1811 2469 1812 
1937 1936 1523 
2447 1811 1812 
1457 2447 1812 
1869 1871 1506 
1875 1869 1506 
1874 1875 1506 
1998 2028 1576 
2010 1998 1576 
2011 2010 1576 
2134 2135 1636 
1577 2011 1576 
2029 1577 1576 
2117 2116 1636 
2436 2437 1795 
2028 2029 1576 
1651 1688 1901 
2419 2418 1795 
1652 1651 1901 
1900 1652 1901 
2398 2399 1773 
1890 1900 1901 
1889 1890 1901 
2366 2365 1773 
1688 1889 1901 
2330 1874 1506 
2253 2330 1506 
2252 2253 1506 
2425 2424 1797 
2424 2413 1797 
2413 2442 1797 
2442 2443 1797 
1862 1857 1863 
1870 2252 1506 
1517 1516 1514 
1518 1517 1514 
1871 1870 1506 
1516 1513 1514 
2316 2317 1740 
1739 2316 1740 
2298 1739 1740 
2299 2298 1740 
2175 2174 1673 
1674 2175 1673 
2193 1674 1673 
2053 2054 1591 
2054 1439 1591 
1439 1438 1591 
1438 2033 1591 
2192 2193 1673 
2142 2143 1640 
2162 2192 1673 
2174 2162 1673 
2125 2124 1640 
2061 1604 1605 
2062 2061 1605 
2280 2279 1729 
1606 2062 1605 
2085 1606 1605 
2297 2298 1729 
2084 2085 1605 
2185 2186 1670 
1604 2084 1605 
2427 2428 1790 
2167 2166 1670 
1789 2427 1790 
2409 1789 1790 
2088 2055 1608 
2055 2065 1608 
2065 2064 1608 
1455 2409 1790 
1456 1455 1790 
2087 2088 1608 
2428 1456 1790 
2299 2271 1730 
2152 2153 1646 
2298 2299 1730 
1729 2298 1730 
2135 2134 1646 
2280 1729 1730 
2281 2280 1730 
2418 2419 1785 
2419 2391 1785 
2391 2401 1785 
2401 2400 1785 
2271 2281 1730 
2145 2144 1658 
1841 1842 1853 
1854 1857 1853 
2164 2165 1658 
1842 1854 1853 
1840 1842 1841 
1839 1840 1841 
2278 2279 1718 
2336 1839 1841 
2087 1608 1607 
2246 2245 1718 
1994 1993 1568 
2086 2087 1607 
1606 2086 1607 
2012 2013 1568 
2063 1606 1607 
2064 2063 1607 
2374 2373 1821 
2373 1822 1821 
1822 2469 1821 
2469 2468 1821 
1608 2064 1607 
2024 2023 1585 
1586 2024 1585 
2044 1586 1585 
2043 2044 1585 
1545 1969 1542 
1541 1545 1542 
1537 1541 1542 
1969 1968 1542 
1958 1959 1539 
2127 2126 1642 
1643 2127 1642 
2145 1643 1642 
2144 2145 1642 
1843 1844 1896 
1641 2144 1642 
2126 1641 1642 
1967 1966 1504 
2374 1821 1820 
2375 2374 1820 
1819 2375 1820 
2467 1819 1820 
2468 2467 1820 
2177 2176 1675 
1821 2468 1820 
2141 2172 1662 
2194 2195 1675 
2152 2141 1662 
1939 1938 1530 
2153 2152 1662 
1663 2153 1662 
2174 1663 1662 
2172 2174 1662 
2235 2236 1702 
2083 2084 1604 
1701 2235 1702 
2217 1701 1702 
2061 2060 1604 
1447 2217 1702 
1448 1447 1702 
2236 1448 1702 
2012 1568 1567 
2011 2012 1567 
1566 2011 1567 
1992 1566 1567 
1993 1992 1567 
1568 1993 1567 
1467 1893 1902 
1468 1467 1902 
2339 1468 1902 
1962 1972 1547 
1972 1971 1547 
2338 2339 1902 
1893 2338 1902 
2314 1747 1748 
2315 2314 1748 
1961 1962 1547 
2054 2053 1601 
1749 2315 1748 
2343 1749 1748 
2076 2077 1601 
2342 2343 1748 
1747 2342 1748 
2327 2326 1756 
2269 2270 1713 
1712 2269 1713 
2354 2355 1756 
2236 1712 1713 
1448 2236 1713 
1449 1448 1713 
2270 1449 1713 
1991 1990 1565 
1990 1979 1565 
1979 2009 1565 
2009 2010 1565 
2356 2355 1767 
1891 1892 1899 
1768 2356 1767 
1654 1653 1899 
2389 1768 1767 
2388 2389 1767 
1887 1886 1895 
2234 2233 1710 
2266 2267 1710 
2059 2060 1593 
1592 2059 1593 
2041 1592 1593 
2042 2041 1593 
2371 2372 1837 
1838 2371 1837 
2250 1838 1837 
2251 2250 1837 
2361 2362 1759 
1845 1846 1879 
2344 2343 1759 
2206 2205 1695 
2398 1782 1783 
2399 2398 1783 
2224 2225 1695 
1784 2399 1783 
2417 1784 1783 
2416 2417 1783 
2163 2164 1657 
2164 1658 1657 
1658 2144 1657 
2144 2143 1657 
1782 2416 1783 
2132 2133 1634 
2425 2426 1788 
2103 2132 1634 
2114 2103 1634 
2408 2407 1788 
2115 2114 1634 
2423 2424 1786 
2044 2045 1586 
2045 2015 1586 
2015 2025 1586 
2025 2024 1586 
2075 2076 1600 
2076 1601 1600 
1601 2053 1600 
2053 2052 1600 
2394 2423 1786 
2405 2394 1786 
2406 2405 1786 
2407 2408 1778 
1962 1961 1557 
1992 1993 1557 
2390 2389 1778 
1471 2456 1802 
1472 1471 1802 
2115 2116 1622 
2433 1472 1802 
2434 2433 1802 
2098 2097 1622 
1479 1478 1725 
2275 1479 1725 
2276 2275 1725 
2435 2436 1794 
2436 1795 1794 
1795 2418 1794 
2418 2417 1794 
1892 1893 1898 
1893 1467 1898 
1467 1654 1898 
1654 1899 1898 
1899 1892 1898 
2345 2346 1751 
1726 2276 1725 
2294 1726 1725 
2318 2317 1751 
1478 2294 1725 
2010 2011 1566 
2467 2468 1810 
1565 2010 1566 
1991 1565 1566 
2446 2445 1810 
1992 1991 1566 
2364 2363 1771 
2313 1477 1747 
1477 1476 1747 
1476 2342 1747 
1772 2364 1771 
2397 1772 1771 
2314 2313 1747 
2396 2397 1771 
2343 2344 1749 
2186 2187 1671 
1670 2186 1671 
2316 2315 1749 
2167 1670 1671 
2168 2167 1671 
2216 2217 1691 
2146 2145 1659 
2145 1658 1659 
1658 2165 1659 
2165 2166 1659 
1690 2216 1691 
2197 1690 1691 
1446 2197 1691 
1447 1446 1691 
2217 1447 1691 
2245 2244 1717 
1718 2245 1717 
2278 1718 1717 
2277 2278 1717 
2289 2288 1734 
2288 1733 1734 
1733 2306 1734 
2306 2307 1734 
2388 2387 1776 
2269 2268 1722 
2405 2406 1776 
2330 2331 1874 
2286 2287 1722 
1538 1967 1504 
2346 2347 1752 
1910 1907 1903 
1907 298 1903 
298 1497 1903 
1497 1909 1903 
1909 1910 1903 
1751 2346 1752 
2382 2383 1828 
2318 1751 1752 
2319 2318 1752 
2262 2261 1828 
2309 2319 1752 
2347 2309 1752 
2313 2314 1737 
2166 2165 1669 
1670 2166 1669 
2296 2295 1737 
2185 1670 1669 
2466 2451 1819 
2451 2376 1819 
2376 2375 1819 
2184 2185 1669 
2176 2175 1674 
2467 2466 1819 
1675 2176 1674 
2194 1675 1674 
2288 2289 1724 
2289 1450 1724 
1450 1449 1724 
1449 2270 1724 
2417 2418 1784 
2418 1785 1784 
1785 2400 1784 
2400 2399 1784 
2193 2194 1674 
2275 2276 1715 
1714 2275 1715 
2242 1714 1715 
2243 2242 1715 
2362 2361 1769 
1474 2395 1769 
1475 1474 1769 
2361 1475 1769 
2128 2127 1643 
1644 2128 1643 
2146 1644 1643 
2096 2095 1620 
2095 2082 1620 
2082 2113 1620 
2113 2114 1620 
2063 2062 1606 
2145 2146 1643 
1653 1652 1900 
2085 2086 1606 
1899 1653 1900 
1891 1899 1900 
1890 1891 1900 
2444 2445 1799 
1924 1548 1549 
1982 1552 1549 
2427 2426 1799 
1981 1982 1549 
2078 2077 1612 
2077 1611 1612 
1611 2097 1612 
2097 2098 1612 
1548 1981 1549 
2086 2085 1616 
2137 2136 1648 
2105 2106 1616 
1986 1985 1564 
2156 2157 1648 
1976 1986 1564 
2004 1976 1564 
2003 2004 1564 
2021 2022 1573 
2000 2001 1561 
1572 2021 1573 
2002 1572 1573 
1983 1982 1561 
1797 2443 1798 
2443 2444 1798 
2444 1799 1798 
1799 2426 1798 
2426 2425 1798 
2425 1797 1798 
2147 2119 1644 
2119 2129 1644 
2129 2128 1644 
2003 2002 1573 
1536 1541 1537 
2146 2147 1644 
1504 1500 1498 
2352 2353 1754 
1982 1983 1552 
2334 2335 1855 
2325 2324 1754 
1486 1485 1639 
2058 2094 1609 
2094 2095 1609 
2123 1486 1639 
2124 2123 1639 
2075 2074 1609 
2074 2058 1609 
1640 2124 1639 
2397 2398 1772 
2398 1773 1772 
1773 2365 1772 
2365 2364 1772 
2142 1640 1639 
1485 2142 1639 
1956 1957 1529 
2428 2427 1800 
2427 1799 1800 
1799 2445 1800 
2445 2446 1800 
1890 1854 1842 
2433 2434 1792 
1891 1890 1842 
1840 1891 1842 
2416 2415 1792 
2049 2050 1587 
2018 2049 1587 
2029 2018 1587 
2364 2365 1762 
2030 2029 1587 
2052 2051 1599 
2347 2346 1762 
1600 2052 1599 
2447 2446 1811 
2446 1810 1811 
1810 2468 1811 
2468 2469 1811 
2075 1600 1599 
2074 2075 1599 
2126 2125 1641 
2125 1640 1641 
1640 2143 1641 
2143 2144 1641 
2031 2032 1579 
1578 2031 1579 
2013 1578 1579 
2409 2408 1789 
2408 1788 1789 
1788 2426 1789 
2426 2427 1789 
2014 2013 1579 
1441 1440 1613 
2386 2387 1765 
2099 1441 1613 
2098 2099 1613 
2354 2353 1765 
1612 2098 1613 
1959 1960 1543 
1960 1961 1543 
1961 1547 1543 
2078 1612 1613 
2052 2053 1590 
2053 1591 1590 
1591 2033 1590 
2033 2032 1590 
1440 2078 1613 
2156 2153 1663 
2044 2043 1595 
2174 2175 1663 
1849 1850 1868 
2061 2062 1595 
2189 2188 1683 
2179 2189 1683 
2207 2179 1683 
2206 2207 1683 
2223 2222 1703 
2222 1481 1703 
1481 1480 1703 
1480 2241 1703 
1892 1840 1839 
1893 1892 1839 
2030 2031 1578 
2338 1893 1839 
2337 2338 1839 
2013 2012 1578 
2336 2337 1839 
2287 2286 1732 
2197 2196 1690 
1733 2287 1732 
2305 1733 1732 
2215 2216 1690 
2304 2305 1732 
2338 2337 1827 
2032 2031 1589 
2261 2262 1827 
1490 2040 1581 
1590 2032 1589 
2052 1590 1589 
2020 2019 1581 
2019 1491 1581 
1491 1490 1581 
2414 2415 1781 
2415 1782 1781 
1782 2397 1781 
2397 2396 1781 
2051 2052 1589 
2125 2126 1628 
2268 2269 1712 
2108 2107 1628 
2177 2178 1666 
2236 2235 1712 
1444 2158 1666 
1445 1444 1666 
1756 2326 1755 
2326 2325 1755 
2325 1754 1755 
1754 2353 1755 
2353 2354 1755 
2354 1756 1755 
2178 1445 1666 
2029 2030 1577 
2030 1578 1577 
1578 2012 1577 
2012 2011 1577 
2389 2390 1768 
2184 2183 1678 
2183 1483 1678 
1483 1482 1678 
1482 2202 1678 
1453 2356 1768 
1454 1453 1768 
1460 2249 1905 
2390 1454 1768 
1851 1461 1905 
1461 1460 1905 
2133 2122 1645 
2122 2151 1645 
2151 2152 1645 
2152 1646 1645 
1646 2134 1645 
2134 2133 1645 
2325 2326 1745 
1888 1887 1864 
1887 1895 1864 
2308 2307 1745 
2040 2041 1582 
1581 2040 1582 
2020 1581 1582 
2021 2020 1582 
1924 1923 1548 
1923 1980 1548 
1980 1981 1548 
1970 1969 1545 
1490 1489 1592 
2793 2783 2792 
2805 2793 2792 
2482 2481 2472 
2518 2477 2476 
1464 38 28 
2513 2518 2476 
2503 2513 2476 
2804 2805 2792 
2791 2804 2792 
2782 2791 2792 
2783 2782 2792 
1433 1434 2521 
2502 2503 2476 
2497 2496 2473 
1432 1433 2521 
2520 1432 2521 
2522 2520 2521 
2525 2522 2521 
2498 2497 2473 
2495 2498 2473 
2494 2495 2473 
2493 2494 2473 
2524 2525 2521 
238 300 523 
1434 2524 2521 
2739 2729 2738 
2751 2739 2738 
2473 2496 2472 
2496 2557 2472 
2557 2482 2472 
2750 2751 2738 
2737 2750 2738 
2728 2737 2738 
2481 2539 2478 
2512 2511 2477 
2729 2728 2738 
2722 2731 2732 
2723 2722 2732 
2514 2512 2477 
2518 2514 2477 
2733 2723 2732 
2539 2538 2478 
2601 2602 2512 
2623 2622 2519 
2742 2733 2732 
2741 2742 2732 
2604 2605 2504 
2731 2741 2732 
2605 2810 2504 
2810 2809 2504 
2809 2808 2504 
2506 2604 2504 
516 517 2580 
2590 516 2580 
2589 2590 2580 
2579 2589 2580 
2472 2481 2471 
2624 2623 2513 
2570 2579 2580 
517 2570 2580 
2680 2671 2670 
1447 2680 2670 
27 525 37 
2623 2519 2513 
2481 2478 2471 
2478 2538 2471 
2538 2493 2471 
1446 1447 2670 
2654 1446 2670 
2655 2654 2670 
2495 2566 2498 
2671 2655 2670 
2594 2610 2611 
2595 2594 2611 
2566 2567 2498 
2493 2473 2471 
2612 2595 2611 
2621 2612 2611 
2620 2621 2611 
2493 2538 2488 
2603 2604 2506 
2538 2537 2488 
2610 2620 2611 
2702 2715 2716 
2537 2536 2488 
2603 2506 2509 
2703 2702 2716 
299 1432 309 
2717 2703 2716 
2565 2566 2495 
2506 2508 2509 
2508 2511 2509 
2511 2512 2509 
2512 2602 2509 
2726 2717 2716 
2725 2726 2716 
2715 2725 2716 
2602 2603 2509 
2807 2806 2507 
2728 2718 2727 
2737 2728 2727 
2736 2737 2727 
2483 2558 2496 
2558 2557 2496 
2473 2472 2471 
2726 2736 2727 
2717 2726 2727 
2718 2717 2727 
2808 2796 2795 
2553 2484 2474 
2484 2483 2474 
2807 2808 2795 
2601 2512 2514 
2483 2496 2474 
304 2540 2480 
2794 2807 2795 
2785 2794 2795 
303 304 2480 
2556 303 2480 
2600 2601 2514 
2786 2785 2795 
2495 2494 2492 
2564 2565 2492 
2796 2786 2795 
2709 2667 2666 
2708 2709 2666 
2665 2708 2666 
2601 2665 2666 
2602 2601 2666 
2667 2602 2666 
2565 2495 2492 
2554 2560 2484 
2560 2559 2484 
2720 2729 2730 
2721 2720 2730 
2731 2721 2730 
2559 2483 2484 
2496 2497 2474 
2510 2501 2475 
2553 2554 2484 
2488 2536 2486 
2740 2731 2730 
2536 2535 2486 
2507 2806 2510 
2739 2740 2730 
2729 2739 2730 
2589 2598 2606 
2590 2589 2606 
2806 2805 2510 
2501 2502 2475 
2511 2508 2510 
2508 2507 2510 
2519 2622 2518 
2559 2558 2483 
2622 2599 2518 
2607 2590 2606 
2599 2600 2518 
2600 2514 2518 
2502 2476 2475 
2616 2607 2606 
2476 2477 2475 
2513 2519 2518 
2615 2616 2606 
2598 2615 2606 
1441 2608 2591 
2535 2534 2485 
2534 2562 2485 
2562 2563 2485 
2486 2535 2485 
1440 1441 2591 
2508 2506 2505 
2506 2504 2505 
2504 2808 2505 
527 528 2710 
1437 1438 2561 
2581 1440 2591 
1438 2571 2561 
2571 2562 2561 
2582 2581 2591 
2743 2733 2742 
2592 2582 2591 
2562 2571 2572 
2608 2592 2591 
2575 2574 2584 
2585 2575 2584 
2594 2585 2584 
2593 2594 2584 
2583 2593 2584 
2574 2583 2584 
1448 1449 2690 
2680 1448 2690 
35 36 2747 
2681 2680 2690 
2691 2681 2690 
2700 2691 2690 
1449 2700 2690 
2722 2713 2712 
2721 2722 2712 
2711 2721 2712 
2698 2711 2712 
2699 2698 2712 
2713 2699 2712 
2746 2750 2737 
2736 2746 2737 
535 536 2756 
2766 535 2756 
2765 2766 2756 
2755 2765 2756 
2743 2755 2756 
536 2743 2756 
2596 2595 2612 
2613 2596 2612 
2628 2613 2612 
2621 2628 2612 
2620 2610 2619 
2635 2620 2619 
2634 2635 2619 
2618 2634 2619 
2609 2618 2619 
2610 2609 2619 
2588 2589 2579 
2578 2588 2579 
2569 2578 2579 
1462 1463 2490 
1463 1464 2490 
2570 2569 2579 
2683 2673 2682 
2692 2683 2682 
2691 2692 2682 
2681 2691 2682 
2672 2681 2682 
2673 2672 2682 
2791 2803 2804 
2491 2486 2487 
2803 2800 2804 
2781 2782 2771 
2770 2781 2771 
2761 2770 2771 
2762 2761 2771 
2772 2762 2771 
2782 2772 2771 
515 516 2590 
2607 515 2590 
2683 2684 2674 
2673 2683 2674 
2658 2673 2674 
2659 2658 2674 
2675 2659 2674 
2684 2675 2674 
2551 2543 2550 
2558 2551 2550 
2557 2558 2550 
2549 2557 2550 
2541 2549 2550 
2543 2541 2550 
2588 2598 2589 
2636 2620 2635 
524 508 2689 
2645 2636 2635 
2644 2645 2635 
2634 2644 2635 
2492 2491 2487 
32 2599 2622 
31 32 2622 
2544 31 2622 
2623 2544 2622 
2564 2492 2487 
2563 2564 2487 
2668 2604 2603 
2667 2668 2603 
2602 2667 2603 
2485 2563 2487 
2486 2485 2487 
2557 2549 2556 
2494 2493 2491 
2492 2494 2491 
2488 2486 2491 
2493 2488 2491 
2549 303 2556 
2587 2586 2596 
2597 2587 2596 
2613 2597 2596 
2586 2595 2596 
1436 1437 2534 
2528 1436 2534 
2535 2528 2534 
2500 2625 2503 
2561 2562 2534 
1437 2561 2534 
2649 2639 2648 
2658 2649 2648 
2657 2658 2648 
2647 2657 2648 
2638 2647 2648 
2639 2638 2648 
2693 2683 2692 
2702 2693 2692 
2701 2702 2692 
2691 2701 2692 
2630 2615 2614 
2629 2630 2614 
2613 2629 2614 
2597 2613 2614 
2598 2597 2614 
2615 2598 2614 
1444 2644 2634 
1443 1444 2634 
2618 1443 2634 
2675 2660 2659 
2649 2658 2659 
2650 2649 2659 
2660 2650 2659 
2710 528 2668 
2667 2710 2668 
2669 2604 2668 
528 2669 2668 
1444 1445 2644 
2654 2645 2644 
1445 2654 2644 
2723 2713 2722 
2721 2731 2722 
2751 2761 2752 
2739 2751 2752 
2740 2739 2752 
2753 2740 2752 
2762 2753 2752 
2761 2762 2752 
2801 2802 2789 
2788 2801 2789 
2779 2788 2789 
2780 2779 2789 
2790 2780 2789 
2802 2790 2789 
1458 1459 2801 
2788 1458 2801 
2799 2802 2801 
2798 2799 2801 
1459 2798 2801 
2758 2759 2746 
2745 2758 2746 
2736 2745 2746 
2759 2750 2746 
2516 2490 2489 
2515 2516 2489 
29 2515 2489 
28 29 2489 
1464 28 2489 
532 533 2787 
2490 1464 2489 
2671 2680 2681 
2672 2671 2681 
2687 2678 2677 
2686 2687 2677 
2676 2686 2677 
2661 2676 2677 
2662 2661 2677 
2678 2662 2677 
2523 2520 2522 
2526 2523 2522 
2525 2526 2522 
2790 2781 2780 
2769 2779 2780 
2770 2769 2780 
2781 2770 2780 
2753 2762 2763 
2754 2753 2763 
2764 2754 2763 
2773 2764 2763 
2772 2773 2763 
2762 2772 2763 
2754 2764 2755 
2742 2754 2755 
2743 2742 2755 
2764 2765 2755 
2657 2673 2658 
2575 2566 2565 
2574 2575 2565 
2564 2574 2565 
2502 2500 2503 
2497 2498 2479 
2624 2513 2503 
2625 2624 2503 
1434 1435 2524 
2510 2805 2501 
2529 2528 2535 
2536 2529 2535 
2552 2559 2560 
520 2552 2560 
519 520 2560 
2555 519 2560 
2554 2555 2560 
2474 2497 2479 
2500 2502 2501 
526 527 2749 
525 526 2749 
2776 525 2749 
2748 2776 2749 
2709 2748 2749 
2710 2709 2749 
527 2710 2749 
2646 2636 2645 
2655 2646 2645 
2654 2655 2645 
2704 2703 2717 
2718 2704 2717 
2585 2595 2586 
2576 2585 2586 
2577 2576 2586 
538 539 2723 
2587 2577 2586 
2758 2767 2768 
2759 2758 2768 
2769 2759 2768 
2779 2769 2768 
2778 2779 2768 
2767 2778 2768 
2531 2525 2530 
2537 2531 2530 
2536 2537 2530 
2529 2536 2530 
2524 2529 2530 
2525 2524 2530 
2760 2750 2759 
2769 2760 2759 
2794 2785 2784 
2793 2794 2784 
2783 2793 2784 
2773 2783 2784 
1460 1461 2627 
2774 2773 2784 
2785 2774 2784 
2696 2687 2686 
2695 2696 2686 
2685 2695 2686 
2676 2685 2686 
2576 2566 2575 
2585 2576 2575 
2631 2640 2641 
2698 2689 2688 
2632 2631 2641 
2642 2632 2641 
2651 2642 2641 
2650 2651 2641 
2640 2650 2641 
2532 2533 2527 
2526 2532 2527 
2523 2526 2527 
307 2523 2527 
306 307 2527 
2533 306 2527 
2559 2551 2558 
2800 2500 2501 
2804 2800 2501 
2805 2804 2501 
2719 2718 2728 
2729 2719 2728 
2555 2569 2570 
518 2555 2570 
517 518 2570 
2800 2799 2499 
2500 2800 2499 
2626 2500 2499 
2627 2626 2499 
2799 2627 2499 
2600 2665 2601 
2592 2593 2583 
2582 2592 2583 
2573 2582 2583 
2574 2573 2583 
2803 2802 2799 
2800 2803 2799 
2482 2480 2481 
2553 2474 2479 
2798 2627 2799 
2587 2588 2578 
2577 2587 2578 
2568 2577 2578 
2569 2568 2578 
2631 2615 2630 
2640 2631 2630 
2639 2640 2630 
2629 2639 2630 
2538 2532 2531 
2537 2538 2531 
512 513 2633 
2526 2525 2531 
2532 2526 2531 
2741 2740 2753 
2754 2741 2753 
2545 2544 2623 
2624 2545 2623 
2656 2657 2647 
2646 2656 2647 
2637 2646 2647 
2638 2637 2647 
2545 2546 2516 
2515 2545 2516 
2517 2490 2516 
2546 2517 2516 
2747 2776 2748 
2708 2747 2748 
2709 2708 2748 
2656 2671 2672 
2657 2656 2672 
2673 2657 2672 
2803 2790 2802 
2806 2807 2794 
2793 2806 2794 
1455 1456 2767 
2757 1455 2767 
2758 2757 2767 
2747 36 2776 
36 37 2776 
37 525 2776 
1456 2778 2767 
2760 2751 2750 
2567 2553 2479 
2498 2567 2479 
1456 1457 2778 
2711 2720 2721 
2790 2791 2781 
2791 2782 2781 
1435 1436 2528 
2529 1435 2528 
2770 2760 2769 
2610 2594 2593 
2609 2610 2593 
2592 2609 2593 
2533 2532 2539 
2540 2533 2539 
2532 2538 2539 
2761 2751 2760 
2778 1457 2788 
1457 1458 2788 
2770 2761 2760 
2511 2510 2475 
536 537 2743 
2540 2539 2481 
308 2520 2523 
307 308 2523 
540 524 2699 
2713 540 2699 
2689 2698 2699 
524 2689 2699 
1445 1446 2654 
2740 2741 2731 
2562 2572 2563 
2573 2564 2563 
2572 2573 2563 
2735 2745 2736 
2726 2735 2736 
33 34 2664 
2599 33 2664 
2600 2599 2664 
2665 2600 2664 
512 2633 2643 
2707 2665 2664 
34 2707 2664 
2548 2551 2552 
521 2548 2552 
511 512 2643 
520 521 2552 
2551 2559 2552 
1442 1443 2618 
2608 1442 2618 
1450 1451 2714 
2609 2608 2618 
2777 534 2766 
2775 2777 2766 
2765 2775 2766 
534 535 2766 
2663 2678 2679 
509 2663 2679 
508 509 2679 
2689 508 2679 
2688 2689 2679 
2678 2688 2679 
2790 2803 2791 
2696 2705 2706 
2697 2696 2706 
2711 2697 2706 
2720 2711 2706 
2719 2720 2706 
2705 2719 2706 
2745 2757 2758 
2778 2788 2779 
2783 2772 2782 
2700 2701 2691 
2744 2757 2745 
2735 2744 2745 
2704 2695 2694 
2703 2704 2694 
2693 2703 2694 
2684 2693 2694 
305 306 2533 
2685 2684 2694 
2695 2685 2694 
2785 2775 2774 
2764 2773 2774 
2765 2764 2774 
2775 2765 2774 
1451 1452 2724 
2714 1451 2724 
2715 2714 2724 
2725 2715 2724 
309 1432 2520 
2734 2725 2724 
1452 2734 2724 
2515 30 2544 
2545 2515 2544 
308 309 2520 
30 31 2544 
304 305 2540 
305 2533 2540 
2633 2617 2632 
2642 2633 2632 
2616 2631 2632 
2617 2616 2632 
2720 2719 2729 
2718 2705 2704 
2705 2695 2704 
2710 2667 2709 
2735 2726 2725 
2734 2735 2725 
2655 2656 2646 
2637 2636 2646 
2564 2573 2574 
2571 1439 2581 
1438 1439 2571 
2572 2571 2581 
2582 2572 2581 
1439 1440 2581 
2597 2588 2587 
2793 2805 2806 
2480 2540 2481 
510 511 2653 
2663 510 2653 
2662 2663 2653 
2652 2662 2653 
2643 2652 2653 
511 2643 2653 
2609 2592 2608 
1441 1442 2608 
2688 2678 2687 
2697 2688 2687 
2723 539 2713 
539 540 2713 
2696 2697 2687 
2626 2625 2500 
2556 2480 2482 
2669 2605 2604 
2616 2615 2631 
2597 2598 2588 
522 523 2542 
2548 522 2542 
2543 2548 2542 
2541 2543 2542 
301 2541 2542 
300 301 2542 
523 300 2542 
2693 2684 2683 
2594 2595 2585 
302 2549 2541 
301 302 2541 
2543 2551 2548 
529 530 2605 
2669 529 2605 
521 522 2548 
2557 2556 2482 
530 2810 2605 
2773 2772 2783 
2787 2786 2796 
2797 2787 2796 
2809 2797 2796 
2808 2809 2796 
2649 2650 2640 
2639 2649 2640 
2554 2569 2555 
518 519 2555 
2702 2703 2693 
35 2747 2707 
34 35 2707 
2708 2665 2707 
2747 2708 2707 
1460 2627 2798 
2777 2775 2786 
2787 2777 2786 
2775 2785 2786 
2787 533 2777 
1459 1460 2798 
533 534 2777 
1454 1455 2757 
2744 1454 2757 
2695 2705 2696 
2567 2566 2576 
2577 2567 2576 
2698 2688 2697 
2711 2698 2697 
531 532 2797 
2810 531 2797 
2809 2810 2797 
532 2787 2797 
2661 2662 2652 
2651 2661 2652 
2642 2651 2652 
2643 2642 2652 
2701 2714 2715 
2702 2701 2715 
29 30 2515 
1447 1448 2680 
2662 2678 2663 
509 510 2663 
1452 1453 2734 
2754 2742 2741 
2656 2655 2671 
2524 1435 2529 
2718 2719 2705 
528 529 2669 
2700 2714 2701 
2613 2628 2629 
2638 2639 2629 
2628 2638 2629 
2660 2661 2651 
2650 2660 2651 
2621 2620 2636 
2637 2621 2636 
2567 2577 2568 
2643 2633 2642 
2553 2567 2568 
2554 2553 2568 
2569 2554 2568 
514 515 2607 
2617 514 2607 
2616 2617 2607 
2675 2685 2676 
2660 2675 2676 
2661 2660 2676 
32 33 2599 
1461 1462 2547 
2626 1461 2547 
2625 2626 2547 
2546 2625 2547 
2517 2546 2547 
1462 2517 2547 
2572 2582 2573 
2684 2685 2675 
2734 1453 2744 
2477 2511 2475 
2735 2734 2744 
1453 1454 2744 
2627 1461 2626 
2507 2508 2505 
530 531 2810 
2807 2507 2505 
2633 513 2617 
513 514 2617 
1450 2714 2700 
1449 1450 2700 
302 303 2549 
538 2723 2733 
2546 2545 2624 
2625 2546 2624 
2808 2807 2505 
2637 2638 2628 
2743 537 2733 
537 538 2733 
2621 2637 2628 
1462 2490 2517 
2964 2965 2886 
2885 2964 2886 
2853 2858 2816 
2843 2853 2816 
507 1 63 
2842 2843 2816 
2858 2854 2817 
2856 2885 2886 
2857 2856 2886 
2887 2857 2886 
2965 2887 2886 
3136 3148 3149 
2858 2817 2816 
2838 2837 2813 
3137 3136 3149 
3150 3137 3149 
2823 2822 2814 
2892 2823 2814 
2837 2836 2813 
2852 2851 2817 
2854 2852 2817 
2878 2832 2811 
2818 2892 2814 
275 265 1497 
2856 2857 2830 
2829 2856 2830 
507 2829 2830 
2879 2878 2811 
2820 2879 2811 
2811 2832 2813 
506 507 2830 
505 506 2830 
2857 505 2830 
2832 2833 2813 
2833 2834 2813 
2837 2818 2814 
2831 2834 2833 
2888 2895 2896 
2834 2838 2813 
2899 2898 2823 
2889 2888 2896 
2893 2899 2823 
2892 2893 2823 
2962 2939 2858 
2897 2889 2896 
2828 2831 2833 
2939 2940 2858 
2832 2828 2833 
2837 2838 2818 
2943 2944 2846 
3146 2850 2847 
3147 3146 2847 
3131 3122 3121 
3130 3131 3121 
3120 3130 3121 
3110 3120 3121 
2847 2850 2848 
2850 2851 2848 
3111 3110 3121 
3122 3111 3121 
3071 3080 3081 
3072 3071 3081 
62 1465 72 
2826 2831 2828 
2962 2858 2859 
2963 2962 2859 
2838 2907 2818 
3082 3072 3081 
3094 3082 3081 
3093 3094 3081 
2904 2831 2826 
3080 3093 3081 
2913 2912 2922 
2923 2913 2922 
2903 2904 2826 
2907 2892 2818 
2932 2923 2922 
2931 2932 2922 
2921 2931 2922 
2821 2820 2812 
2906 2907 2838 
2823 2898 2822 
2912 2921 2922 
2915 2906 2905 
2898 2897 2822 
2820 2811 2812 
2914 2915 2905 
264 475 274 
2904 2914 2905 
2880 2879 2820 
2811 2813 2812 
2813 2836 2812 
2896 2821 2835 
2822 2897 2835 
2942 2943 2849 
2852 2942 2849 
2851 2852 2849 
2897 2896 2835 
2840 2842 2841 
483 484 2931 
2921 483 2931 
2948 2932 2931 
2836 2835 2812 
2850 3145 2841 
3146 3145 2850 
484 2948 2931 
2912 2903 2902 
2911 2912 2902 
2901 2911 2902 
3145 3144 2841 
3144 3140 2841 
2874 2901 2902 
3140 2840 2841 
2835 2821 2812 
2850 2841 2815 
2848 2851 2849 
2846 2848 2849 
2964 2963 2853 
2963 2859 2853 
2966 2965 2840 
2976 2985 2986 
2839 2966 2840 
3140 2839 2840 
2977 2976 2986 
2987 2977 2986 
2996 2987 2986 
2995 2996 2986 
2985 2995 2986 
3096 3105 3106 
1475 3096 3106 
2859 2858 2853 
2831 2905 2834 
2905 2906 2834 
1474 1475 3106 
3117 1474 3106 
3115 3117 3106 
2906 2838 2834 
3150 3149 2844 
3149 3148 2844 
2846 2944 2844 
2944 2945 2844 
3105 3115 3106 
2945 3150 2844 
2858 2940 2854 
1473 3117 3127 
1472 1473 3127 
3137 1472 3127 
3136 3137 3127 
2940 2941 2854 
2841 2842 2815 
2828 2832 2827 
2904 2905 2831 
2967 2966 2839 
3139 2967 2839 
3140 3139 2839 
3126 3136 3127 
2832 2878 2827 
2878 2877 2827 
2877 2876 2827 
3117 3126 3127 
2842 2840 2843 
2840 2965 2843 
489 490 3010 
2994 489 3010 
2995 2994 3010 
2896 2895 2821 
2965 2964 2843 
2964 2853 2843 
2842 2816 2815 
3011 2995 3010 
2941 2942 2852 
2816 2817 2815 
2854 2941 2852 
507 63 2829 
63 64 2829 
3020 3011 3010 
3041 3055 3042 
1492 2900 2894 
490 3020 3010 
3058 3044 3057 
3056 3065 3066 
3044 3043 3057 
3057 3056 3066 
3067 3057 3066 
3076 3067 3066 
3075 3076 3066 
3065 3075 3066 
3082 3073 3072 
3062 3071 3072 
3063 3062 3072 
3073 3063 3072 
2884 66 2962 
2963 2884 2962 
2943 2846 2849 
2875 2874 2824 
67 2939 2962 
66 67 2962 
3095 3105 3096 
3083 3095 3096 
1476 3083 3096 
1475 1476 3096 
3022 3032 3023 
3013 3022 3023 
3014 3013 3023 
3024 3014 3023 
3033 3024 3023 
3032 3033 3023 
496 497 3084 
3102 3111 3112 
3103 3102 3112 
3113 3103 3112 
3123 3113 3112 
3122 3123 3112 
3111 3122 3112 
2992 3001 3002 
2993 2992 3002 
3003 2993 3002 
3018 3003 3002 
3017 3018 3002 
3001 3017 3002 
2872 2866 2871 
2878 2872 2871 
2877 2878 2871 
2870 2877 2871 
2865 2870 2871 
2866 2865 2871 
2949 2959 2950 
2933 2949 2950 
2934 2933 2950 
2951 2934 2950 
2960 2951 2950 
2959 2960 2950 
2927 2936 2937 
494 495 3064 
2928 2927 2937 
2938 2928 2937 
2954 2938 2937 
2953 2954 2937 
2936 2953 2937 
2920 2929 2930 
486 487 2974 
1490 2920 2930 
1489 1490 2930 
2947 1489 2930 
2946 2947 2930 
2929 2946 2930 
71 72 3116 
3087 71 3116 
3088 3087 3116 
3089 3088 3116 
1465 3089 3116 
72 1465 3116 
2983 2982 2992 
2993 2983 2992 
2991 3001 2992 
2982 2991 2992 
3146 3134 3133 
3145 3146 3133 
3132 3145 3133 
3123 3132 3133 
3124 3123 3133 
3134 3124 3133 
2855 2885 2856 
2829 2855 2856 
3062 3052 3061 
3071 3062 3061 
3070 3071 3061 
3060 3070 3061 
3051 3060 3061 
3052 3051 3061 
2825 2875 2824 
2826 2825 2824 
2903 2826 2824 
2902 2903 2824 
2874 2902 2824 
3006 2942 2941 
3005 3006 2941 
2940 3005 2941 
2960 2961 2951 
2935 2934 2951 
2952 2935 2951 
2961 2952 2951 
2908 2909 2893 
2892 2908 2893 
2876 2875 2825 
2827 2876 2825 
2900 2899 2893 
2894 2900 2893 
2909 2894 2893 
3147 3134 3146 
2828 2827 2825 
2891 2898 2899 
1494 2891 2899 
1493 1494 2899 
2900 1493 2899 
65 66 2884 
2855 65 2884 
2885 2855 2884 
2963 2885 2884 
2996 3011 3012 
2997 2996 3012 
3013 2997 3012 
3022 3013 3012 
3021 3022 3012 
3011 3021 3012 
490 491 3020 
1491 1492 2910 
2920 1491 2910 
2919 2920 2910 
2909 2919 2910 
2894 2909 2910 
1492 2894 2910 
2918 2917 2927 
2928 2918 2927 
2926 2936 2927 
2917 2926 2927 
273 274 2860 
274 475 2860 
478 2869 2864 
477 478 2864 
2861 477 2864 
2865 2861 2864 
2870 2865 2864 
2869 2870 2864 
3036 3027 3026 
3035 3036 3026 
3025 3035 3026 
3016 3025 3026 
3017 3016 3026 
3027 3017 3026 
3005 2940 3004 
3047 3005 3004 
69 3047 3004 
68 69 3004 
2939 68 3004 
2940 2939 3004 
2873 2867 2872 
2879 2873 2872 
2878 2879 2872 
2867 2866 2872 
3045 3046 3036 
3035 3045 3036 
3037 3027 3036 
3046 3037 3036 
2976 2961 2960 
2975 2976 2960 
2959 2975 2960 
3101 3111 3102 
3092 3101 3102 
3093 3092 3102 
3103 3093 3102 
2973 2957 2972 
2982 2973 2972 
2981 2982 2972 
2971 2981 2972 
2956 2971 2972 
2957 2956 2972 
271 2867 2873 
270 271 2873 
2880 270 2873 
2879 2880 2873 
1496 1497 2881 
1497 265 2881 
265 266 2881 
3091 3101 3092 
3079 3091 3092 
3080 3079 3092 
3093 3080 3092 
2966 2887 2965 
2826 2828 2825 
2895 269 2819 
3015 3014 3024 
3025 3015 3024 
3034 3025 3024 
3033 3034 3024 
2952 2936 2935 
2925 2934 2935 
2926 2925 2935 
2936 2926 2935 
3050 3008 3007 
3049 3050 3007 
3006 3049 3007 
2942 3006 3007 
2943 2942 3007 
3008 2943 3007 
478 479 2868 
2991 3000 3001 
3016 3017 3001 
3000 3016 3001 
3125 3126 3115 
3114 3125 3115 
3105 3114 3115 
3126 3117 3115 
2964 2885 2963 
2926 2917 2916 
2925 2926 2916 
2915 2925 2916 
2906 2915 2916 
2907 2906 2916 
2917 2907 2916 
3070 3080 3071 
3049 3006 3048 
3088 3049 3048 
3087 3088 3048 
271 272 2867 
3047 3087 3048 
3005 3047 3048 
3006 3005 3048 
3069 3070 3060 
3059 3069 3060 
3046 3059 3060 
3051 3046 3060 
2983 2973 2982 
2981 2991 2982 
70 71 3087 
3047 70 3087 
3039 3052 3053 
1480 3039 3053 
1479 1480 3053 
3063 1479 3053 
3062 3063 3053 
3052 3062 3053 
2936 2952 2953 
2969 2954 2953 
2968 2969 2953 
2952 2968 2953 
2919 2929 2920 
1490 1491 2920 
64 65 2855 
2829 64 2855 
491 492 3030 
3020 491 3030 
3021 3020 3030 
3031 3021 3030 
3040 3031 3030 
492 3040 3030 
481 482 2911 
2901 481 2911 
2921 2912 2911 
482 2921 2911 
2999 2990 2989 
2998 2999 2989 
2988 2998 2989 
2979 2988 2989 
2980 2979 2989 
2990 2980 2989 
493 494 3054 
494 3064 3054 
3064 3055 3054 
3018 3017 3027 
3028 3018 3027 
3037 3028 3027 
2955 2971 2956 
2946 2955 2956 
2947 2946 2956 
2957 2947 2956 
3035 3025 3034 
3044 3035 3034 
3043 3044 3034 
3033 3043 3034 
1488 1489 2947 
3109 3100 3099 
3108 3109 3099 
3098 3108 3099 
3086 3098 3099 
3090 3086 3099 
3100 3090 3099 
3125 3124 3134 
3135 3125 3134 
3147 3135 3134 
2898 2891 2890 
2897 2898 2890 
2889 2897 2890 
2882 2889 2890 
2883 2882 2890 
2891 2883 2890 
3132 3122 3131 
3144 3132 3131 
3143 3144 3131 
3130 3143 3131 
2969 2970 2954 
2955 2938 2954 
2970 2955 2954 
3058 3068 3059 
3045 3058 3059 
3046 3045 3059 
3068 3069 3059 
3083 3073 3082 
3095 3083 3082 
3094 3095 3082 
2999 2998 3014 
3015 2999 3014 
2998 3013 3014 
3067 3076 3077 
3068 3067 3077 
3078 3068 3077 
3090 3078 3077 
3086 3090 3077 
3076 3086 3077 
267 268 2888 
1469 2945 3009 
1468 1469 3009 
3008 1468 3009 
2944 3008 3009 
2945 2944 3009 
2882 2888 2889 
3129 3130 3120 
3119 3129 3120 
3109 3119 3120 
3110 3109 3120 
3135 3148 3136 
3126 3135 3136 
3042 3043 3033 
3032 3042 3033 
2913 2914 2904 
2903 2913 2904 
2821 2895 2819 
2820 2821 2819 
1486 1487 2973 
2909 2908 2918 
2919 2909 2918 
2928 2919 2918 
2908 2917 2918 
1470 3150 2945 
3054 3055 3041 
1469 1470 2945 
495 496 3074 
3064 495 3074 
3065 3064 3074 
3075 3065 3074 
3084 3075 3074 
496 3084 3074 
3126 3125 3135 
3147 3148 3135 
3069 3068 3078 
3079 3069 3078 
3091 3079 3078 
3090 3091 3078 
2880 2820 2819 
504 2887 2966 
2967 504 2966 
269 2880 2819 
2847 2848 2845 
1476 1477 3083 
3147 2847 2845 
1480 1481 3039 
3038 3052 3039 
3029 3038 3039 
1488 2947 2957 
1481 3029 3039 
2892 2907 2908 
2973 1487 2957 
1487 1488 2957 
2907 2917 2908 
2987 2996 2997 
1465 1466 3089 
1466 1467 3089 
2988 2987 2997 
2998 2988 2997 
3013 2998 2997 
3114 3124 3125 
1492 1493 2900 
3148 3147 2845 
2844 3148 2845 
2846 2844 2845 
1485 1486 2983 
2993 1485 2983 
1486 2973 2983 
1495 2883 2891 
1494 1495 2891 
3018 3019 3003 
1484 2993 3003 
1483 1484 3003 
3019 1483 3003 
3139 3142 3141 
3138 3139 3141 
502 3138 3141 
501 502 3141 
3128 501 3141 
3129 3128 3141 
3142 3129 3141 
3118 3108 3107 
499 3118 3107 
498 499 3107 
3097 498 3107 
3098 3097 3107 
3108 3098 3107 
3029 3019 3028 
3038 3029 3028 
3037 3038 3028 
3019 3018 3028 
3041 3042 3032 
3031 3041 3032 
3022 3031 3032 
3016 3015 3025 
3051 3052 3038 
3037 3051 3038 
500 501 3128 
3104 3105 3095 
3094 3104 3095 
2883 2881 2882 
267 2888 2882 
266 267 2882 
2881 266 2882 
3100 3101 3091 
3090 3100 3091 
480 481 2901 
2874 480 2901 
2978 2977 2987 
2988 2978 2987 
3079 3070 3069 
2848 2846 2845 
2912 2913 2903 
2933 2932 2949 
2958 2959 2949 
2948 2958 2949 
2932 2948 2949 
2928 2929 2919 
2977 2961 2976 
2975 2985 2976 
3037 3046 3051 
3128 3129 3119 
3118 3128 3119 
3108 3118 3119 
3109 3108 3119 
2914 2924 2915 
2924 2925 2915 
269 270 2880 
2836 2837 2814 
2822 2836 2814 
2979 2978 2988 
1478 3063 3073 
1477 1478 3073 
3083 1477 3073 
2994 2995 2985 
2984 2994 2985 
2975 2984 2985 
2822 2835 2836 
2869 2875 2876 
3084 497 3097 
497 498 3097 
2870 2869 2876 
2877 2870 2876 
3040 3041 3031 
3022 3021 3031 
3035 3044 3045 
3044 3058 3045 
3084 3097 3085 
3075 3084 3085 
3076 3075 3085 
3086 3076 3085 
3098 3086 3085 
3097 3098 3085 
492 493 3040 
3054 3041 3040 
493 3054 3040 
2975 2974 2984 
1478 1479 3063 
488 2994 2984 
487 488 2984 
2974 487 2984 
3113 3114 3104 
3103 3113 3104 
3094 3103 3104 
3114 3105 3104 
2867 272 2863 
272 273 2863 
273 2860 2863 
2978 2969 2968 
2977 2978 2968 
482 483 2921 
2961 2977 2968 
2952 2961 2968 
3110 3111 3101 
3100 3110 3101 
2929 2928 2938 
2946 2929 2938 
2955 2946 2938 
2868 2875 2869 
478 2868 2869 
2990 3000 2991 
2981 2990 2991 
1467 1468 3050 
3089 1467 3050 
2943 3008 2944 
3049 3089 3050 
1468 3008 3050 
2851 2850 2815 
268 269 2895 
2888 268 2895 
69 70 3047 
3058 3057 3067 
3068 3058 3067 
3020 3021 3011 
2996 2995 3011 
3113 3124 3114 
499 500 3118 
3015 3000 2999 
2868 479 2874 
479 480 2874 
500 3128 3118 
1484 1485 2993 
3129 3142 3130 
3142 3143 3130 
2980 2990 2981 
2971 2980 2981 
1495 1496 2883 
1496 2881 2883 
3000 3015 3016 
2925 2924 2934 
3110 3100 3109 
3144 3145 3132 
3123 3122 3132 
1481 1482 3029 
1482 3019 3029 
2923 2914 2913 
1473 1474 3117 
67 68 2939 
2979 2970 2969 
2978 2979 2969 
504 505 2887 
505 2857 2887 
503 504 2967 
3138 503 2967 
3139 3138 2967 
2923 2932 2933 
2924 2923 2933 
2934 2924 2933 
2959 2974 2975 
3094 3093 3103 
2868 2874 2875 
502 503 3138 
3056 3055 3065 
3055 3064 3065 
3143 3142 3139 
3140 3143 3139 
488 489 2994 
3042 3055 3056 
3043 3042 3056 
3057 3043 3056 
3089 3049 3088 
2817 2851 2815 
3143 3140 3144 
3113 3123 3124 
2862 2865 2866 
2863 2862 2866 
2867 2863 2866 
2862 2861 2865 
2971 2955 2970 
2980 2971 2970 
2863 2860 2862 
2979 2980 2970 
1471 3137 3150 
1470 1471 3150 
2999 3000 2990 
485 486 2958 
484 485 2948 
2948 485 2958 
1482 1483 3019 
2974 2959 2958 
486 2974 2958 
2924 2914 2923 
476 477 2861 
475 476 2861 
2860 475 2861 
2862 2860 2861 
3079 3080 3070 
1471 1472 3137 
