          16
           1
         178
           1
          49
          50
          51
          52
          53
          54
          55
          56
          57
          58
          59
          60
          61
          62
          63
          64
          65
          66
          67
          68
          69
          70
          71
          72
          73
          74
          75
          76
          77
          78
          79
          80
          81
          82
          83
          84
          85
          86
          87
          88
          89
          90
          91
          92
          93
          94
          95
          96
          97
          98
          99
         100
         101
         102
         103
         104
         105
         106
           2
         107
         108
         109
         110
         111
         112
         113
         114
         115
         116
         117
         118
         119
         120
         121
         122
         123
         124
         125
         126
         127
         128
         129
         130
         131
         132
         133
         134
         135
         136
         137
         138
         139
         140
         141
         142
         143
         144
         145
         146
         147
         148
         149
         150
         151
         152
         153
         154
         155
         156
         157
         158
         159
         160
         161
         162
         163
         164
           3
         165
         166
         167
         168
         169
         170
         171
         172
         173
         174
         175
         176
         177
         178
         179
         180
         181
         182
         183
         184
         185
         186
         187
         188
         189
         190
         191
         192
         193
         194
         195
         196
         197
         198
         199
         200
         201
         202
         203
         204
         205
         206
         207
         208
         209
         210
         211
         212
         213
         214
         215
         216
         217
         218
         219
         220
         221
         222
           1
           2
          28
           4
         246
         245
         244
         243
         242
         241
         240
         239
           6
         238
         237
         236
         235
         234
         233
         232
         231
           5
         230
         229
         228
         227
         226
         225
         224
         223
           4
           3
          28
           7
         247
         248
         249
         250
         251
         252
         253
         254
           8
         255
         256
         257
         258
         259
         260
         261
         262
           9
         263
         264
         265
         266
         267
         268
         269
         270
           7
           4
          28
          10
         271
         272
         273
         274
         275
         276
         277
         278
          11
         279
         280
         281
         282
         283
         284
         285
         286
          12
         287
         288
         289
         290
         291
         292
         293
         294
          10
           5
          28
          13
         295
         296
         297
         298
         299
         300
         301
         302
          14
         303
         304
         305
         306
         307
         308
         309
         310
          15
         311
         312
         313
         314
         315
         316
         317
         318
          13
           6
          28
          16
         342
         341
         340
         339
         338
         337
         336
         335
          18
         334
         333
         332
         331
         330
         329
         328
         327
          17
         326
         325
         324
         323
         322
         321
         320
         319
          16
           7
          28
          19
         366
         365
         364
         363
         362
         361
         360
         359
          21
         358
         357
         356
         355
         354
         353
         352
         351
          20
         350
         349
         348
         347
         346
         345
         344
         343
          19
           8
          28
          22
         367
         368
         369
         370
         371
         372
         373
         374
          23
         375
         376
         377
         378
         379
         380
         381
         382
          24
         383
         384
         385
         386
         387
         388
         389
         390
          22
           9
         178
          25
         391
         392
         393
         394
         395
         396
         397
         398
         399
         400
         401
         402
         403
         404
         405
         406
         407
         408
         409
         410
         411
         412
         413
         414
         415
         416
         417
         418
         419
         420
         421
         422
         423
         424
         425
         426
         427
         428
         429
         430
         431
         432
         433
         434
         435
         436
         437
         438
         439
         440
         441
         442
         443
         444
         445
         446
         447
         448
          26
         449
         450
         451
         452
         453
         454
         455
         456
         457
         458
         459
         460
         461
         462
         463
         464
         465
         466
         467
         468
         469
         470
         471
         472
         473
         474
         475
         476
         477
         478
         479
         480
         481
         482
         483
         484
         485
         486
         487
         488
         489
         490
         491
         492
         493
         494
         495
         496
         497
         498
         499
         500
         501
         502
         503
         504
         505
         506
          27
         507
         508
         509
         510
         511
         512
         513
         514
         515
         516
         517
         518
         519
         520
         521
         522
         523
         524
         525
         526
         527
         528
         529
         530
         531
         532
         533
         534
         535
         536
         537
         538
         539
         540
         541
         542
         543
         544
         545
         546
         547
         548
         549
         550
         551
         552
         553
         554
         555
         556
         557
         558
         559
         560
         561
         562
         563
         564
          25
          10
          28
          28
         588
         587
         586
         585
         584
         583
         582
         581
          30
         580
         579
         578
         577
         576
         575
         574
         573
          29
         572
         571
         570
         569
         568
         567
         566
         565
          28
          11
          28
          31
         612
         611
         610
         609
         608
         607
         606
         605
          33
         604
         603
         602
         601
         600
         599
         598
         597
          32
         596
         595
         594
         593
         592
         591
         590
         589
          31
          12
          28
          34
         636
         635
         634
         633
         632
         631
         630
         629
          36
         628
         627
         626
         625
         624
         623
         622
         621
          35
         620
         619
         618
         617
         616
         615
         614
         613
          34
          13
          28
          37
         637
         638
         639
         640
         641
         642
         643
         644
          38
         645
         646
         647
         648
         649
         650
         651
         652
          39
         653
         654
         655
         656
         657
         658
         659
         660
          37
          14
          28
          40
         684
         683
         682
         681
         680
         679
         678
         677
          42
         676
         675
         674
         673
         672
         671
         670
         669
          41
         668
         667
         666
         665
         664
         663
         662
         661
          40
          15
          28
          43
         708
         707
         706
         705
         704
         703
         702
         701
          45
         700
         699
         698
         697
         696
         695
         694
         693
          44
         692
         691
         690
         689
         688
         687
         686
         685
          43
          16
          28
          46
         732
         731
         730
         729
         728
         727
         726
         725
          48
         724
         723
         722
         721
         720
         719
         718
         717
          47
         716
         715
         714
         713
         712
         711
         710
         709
          46
