          13
           0
           0
  -1.0000000000000000        1.0000000000000000       -1.0000000000000000        1.0000000000000000     
  -1.0000000000000000        1.0000000000000000       -1.0000000000000000        1.0000000000000000     
           4
           2           1
           7           2
          11          28
           1          29
           1
           1
           1
          29
 -0.99050044984649421       -1.0000000000000000      -0.99624268388044579      -0.98999999999994903        2.5214141414141404E-002  0.49936384237621445       -1.2377199383103798E-017
 -0.98875204855823950      -0.96820491103296258      -0.97638810303652157      -0.99000000000004673        3.2800000014155756E-002  0.49892300007022933       -7.3968658455801241E-018
 -0.98093822152040411      -0.87466583557581268      -0.91784448123381712      -0.99000000000006605        5.5117100643425697E-002  0.49695281991017237        6.8982979822812418E-018
 -0.96428061559671741      -0.75016332799624075      -0.83944627858722887      -0.98999999999998312        8.4821638310389941E-002  0.49275276729241829        8.6447981068608360E-018
 -0.94058759945694315      -0.62694068628854749      -0.76104807594062618      -0.98999999999997457       0.11422081807943854       0.48677880471242463        3.5392277750468813E-017
 -0.90994446795914885      -0.50544151196287757      -0.68264987329402227      -0.98999999999999677       0.14320880290340277       0.47905243843547274        1.1534597561646494E-017
 -0.87246153637669177      -0.38610320204680842      -0.60425167064742280      -0.99000000000000543       0.17168123603691460       0.46960148338015173       -9.9665066405185705E-018
 -0.82827374326326475      -0.26935537445604013      -0.52585346800082244      -0.99000000000000032       0.19953561672069278       0.45845996298465974        1.0597832325712829E-017
 -0.77754016467408027      -0.15561832136989825      -0.44745526535421737      -0.98999999999999555       0.22667166918427567       0.44566798672242114        1.2337161983231260E-017
 -0.72044344149206663       -4.5301496179492237E-002 -0.36905706270760924      -0.98999999999999799       0.25299170363879475       0.43127160570798123        1.3406698348851172E-019
 -0.65718912192068335        6.1197960544494584E-002 -0.29065886006100261      -0.99000000000000310       0.27840096796021424       0.41532264691299281       -9.7706755924692850E-018
 -0.58800492151038997       0.16349665075785580      -0.21226065741440028      -0.99000000000000443       0.30280798879697723       0.39787852658911815       -1.2937651441514916E-017
 -0.51313990338266291       0.26122629917582363      -0.13386245476780081      -0.98999999999999932       0.32612490087407164       0.37900204356952338        6.7699858629159251E-018
 -0.43286358160276073       0.35403507906409276       -5.5464252121200694E-002 -0.98999999999999211       0.34826776330801978       0.35876115319307877       -3.7836432070875534E-018
 -0.34746495092908763       0.44158887881506381        2.2933950525401838E-002 -0.98999999999998922       0.36915686179405910       0.33722872266513904        1.3110462238496796E-017
 -0.25725144643206815       0.52357250474963191       0.10133215317200635      -0.98999999999999266       0.38871699557763961       0.31448226873560459        2.4139037818631381E-017
 -0.16254783672789191       0.59969081581443262       0.17973035581861035      -0.98999999999999888       0.40687774817714040       0.29060367863862174        9.0170553527920413E-018
  -6.3695054811495871E-002  0.66966978608963379       0.25812855846521282      -0.99000000000000166       0.42357374088320349       0.26567891529853987       -2.1059154416866668E-018
   3.8951029302220004E-002  0.73325749128224549       0.33652676111181490      -0.98999999999999977       0.43874486812208724       0.23979770786338339        1.3759141248526810E-018
  0.14502088971044660       0.79022501565357350       0.41492496375841947      -0.98999999999999488       0.45233651383573137       0.21305322867991866        6.0367350060980838E-018
  0.25413267491571678       0.84036727611587836       0.49332316640502744      -0.98999999999999555       0.46429974809956626       0.18554175787320593        7.1005227989924447E-018
  0.36589358249129267       0.88350376053149626       0.57172136905163351      -0.99000000000000188       0.47459150327024202       0.15736233673814942        3.7084197861923700E-018
  0.47990127316990083       0.91947917755653796       0.65011957169822998      -0.99000000000000499       0.48317472902914582       0.12861641119083592       -3.0321334830512272E-018
  0.59574531926509755       0.94816401568971875       0.72851777434481646      -0.98999999999999455       0.49001852576354721        9.9407466563236013E-002   4.0113038697045562E-017
  0.71300868221094116       0.96945500951374775       0.80691597699141326      -0.98999999999998378       0.49509825580519939        6.9840655056008241E-002  -1.0544599527758999E-017
  0.83126921390082698       0.98327551145082748       0.88531417963804748      -0.99000000000001909       0.49839563212594523        4.0022417190577884E-002  -8.1738120379034221E-018
  0.95010117642066261       0.98957576769401723       0.96371238228467082      -0.99000000000005794       0.49989878417103772        1.0060098623261828E-002   8.7373210410549141E-019
  0.98999999999999977       0.99000000000000676       0.98999999999999000      -0.98999999999999677       0.50000000000000211        5.4170479417972140E-018   1.5564655395095743E-017
   1.0000000000000000       0.98997335336597980       0.99658815296461389      -0.98999999999996657       0.49999364248994344       -2.5214023173543510E-003  -3.9033436525152453E-017
           0
           0
  -1.0000000000000000        1.0000000000000000       -1.0000000000000000        1.0000000000000000     
  -1.0000000000000000        1.0000000000000000       -1.0000000000000000        1.0000000000000000     
           4
           3           1
          12           2
           8          25
           4          26
           1
           1
           1
          26
  0.99518021122398470      -0.33951998173618519       -1.0000000000000000      -0.98999999999999977       0.18279533365041670       -1.3061396584560857E-003   0.0000000000000000     
  0.98999999999999022      -0.33950042331069058      -0.98999999999997779      -0.98999999999999977       0.18280000001415600        1.5425867686953878E-018   4.8704902469579638E-018
  0.93039681688330977      -0.34209405326787762      -0.87481160512970102      -0.98999999999999977       0.18218119658396689        1.5028360403204676E-002   0.0000000000000000     
  0.89815960818138862      -0.34567281883158596      -0.81223306079847080      -0.98999999999999977       0.18132735372927217        2.3156657675807796E-002   0.0000000000000000     
  0.86610598842309205      -0.35077084200027736      -0.74965451646799286      -0.98999999999999977       0.18011103749447949        3.1238664789621163E-002   0.0000000000000000     
  0.80278965393807611      -0.36548530618055242      -0.62446612157958281      -0.98999999999999977       0.17660037442439774        4.7203260039304897E-002   0.0000000000000000     
  0.74097025337983369      -0.38611838013208555      -0.49927772669049464      -0.98999999999999977       0.17167761476040569        6.2790418021799077E-002   0.0000000000000000     
  0.71078443419195536      -0.39860135363624799      -0.43669918235985666      -0.98999999999999977       0.16869935380921058        7.0401477466951246E-002   0.0000000000000000     
  0.68115676692019278      -0.41249778060432729      -0.37412063802935530      -0.98999999999999977       0.16538386284975559        7.7871804358630503E-002   0.0000000000000000     
  0.65214647727146913      -0.42777988207878442      -0.31154209369909297      -0.98999999999999977       0.16173776954847599        8.5186465513368476E-002   0.0000000000000000     
  0.59619503058725787      -0.46238551330987748      -0.18635369881031535      -0.98999999999999977       0.15348135530929990        9.9294076246252014E-002   0.0000000000000000     
  0.54339244843840651      -0.50213494025598338       -6.1165303921404506E-002 -0.98999999999999977       0.14399770415306729       0.11260773154548681        0.0000000000000000     
  0.51831115717029164      -0.52383521717361770        1.4132404091052818E-003 -0.98999999999999977       0.13882032495312258       0.11893173413805047        0.0000000000000000     
  0.49417277189897113      -0.54669860506200507        6.3991784739679522E-002 -0.98999999999999977       0.13336544392359012       0.12501799219407783        0.0000000000000000     
  0.47102554525665769      -0.57067940000870598       0.12657032907017512      -0.98999999999999977       0.12764396537166006       0.13085433928370083        0.0000000000000000     
  0.44891574854944449      -0.59572966440457853       0.18914887340048783      -0.98999999999999977       0.12166732653296801       0.13642910854907861        0.0000000000000000     
  0.42788757926094606      -0.62179932277108496       0.25172741773060786      -0.98999999999999977       0.11544747470855500       0.14173115602645034        0.0000000000000000     
  0.38923293989132973      -0.67680063678934976       0.37691581261928064      -0.98999999999999977       0.10232493898015688       0.15147754575475106        0.0000000000000000     
  0.35538203393416978      -0.73523128319549091       0.50210420750848939      -0.98999999999999977        8.8384213039620907E-002  0.16001272102724040        0.0000000000000000     
  0.34034772706394001      -0.76557989394218384       0.56468275183913863      -0.98999999999999977        8.1143463687733147E-002  0.16380347464548028        0.0000000000000000     
  0.32661207508734397      -0.79660836805068869       0.62726129616967008      -0.98999999999999977        7.3740508551946415E-002  0.16726678511789517        0.0000000000000000     
  0.31420253557272160      -0.82825467960115229       0.68983984049986091      -0.98999999999999977        6.6190146139603390E-002  0.17039572928684082        0.0000000000000000     
  0.29345382165864320      -0.89316312873954762       0.81502823538819325      -0.98999999999999977        5.0703908072442613E-002  0.17562731482134658        0.0000000000000000     
  0.28516131436005937      -0.92627927707938118       0.87760677971875445      -0.98999999999999977        4.2802863387726632E-002  0.17771818953327836        0.0000000000000000     
  0.27677286097724740      -0.96820491103295836       0.95589301545712324      -0.98999999999999977        3.2800000014155756E-002  0.17983325611312137       -8.0439901352148020E-018
  0.27302797012979307      -0.99202395962920353        1.0000000000000000      -0.98999999999999977        2.7117111854122175E-002  0.18077749375922192        0.0000000000000000     
           0
           0
  -1.0000000000000000        1.0000000000000000       -1.0000000000000000        1.0000000000000000     
  -1.0000000000000000        1.0000000000000000       -1.0000000000000000        1.0000000000000000     
           4
           5           1
           8           2
           7          13
           6          14
           1
           1
           1
          14
  0.30067340223269834      -0.96820491103295792       0.99000000000000332       -1.0000000000000000        3.2800000014155783E-002  0.17380696810237223       -8.2536371994840513E-018
  0.27677286097724740      -0.96820491103295836       0.99000000000000044      -0.96314940943536109        3.2800000014155756E-002  0.17983325611312137       -8.0439901352148020E-018
  0.18169199338125011      -0.96820491103295991       0.99000000000000166      -0.81655079960213461        3.2800000014155763E-002  0.20380696810237223       -1.9286282042942908E-018
   6.2710584529802701E-002 -0.96820491103296225       0.99000000000000177      -0.63310159920426923        3.2800000014155770E-002  0.23380696810237223        1.2421781591552601E-017
  -5.6270824321644271E-002 -0.96820491103296435       0.99000000000000477      -0.44965239880640401        3.2800000014155756E-002  0.26380696810237225       -3.4096869474101414E-017
 -0.17525223317309127      -0.96820491103296602       0.99000000000000399      -0.26620319840853846        3.2800000014155770E-002  0.29380696810237222        3.1611916071037028E-017
 -0.29423364202453889      -0.96820491103296735       0.99000000000000099       -8.2753998010673235E-002   3.2800000014155756E-002  0.32380696810237219        5.8749094510798789E-018
 -0.41321505087598720      -0.96820491103296724       0.99000000000000121       0.10069520238719196        3.2800000014155770E-002  0.35380696810237222        1.0142992001729870E-017
 -0.53219645972743701      -0.96820491103296680       0.99000000000000066       0.28414440278505754        3.2800000014155770E-002  0.38380696810237225       -1.9259264657552400E-017
 -0.65117786857888704      -0.96820491103296547       0.98999999999999844       0.46759360318292309        3.2800000014155770E-002  0.41380696810237227       -8.0944483447106670E-018
 -0.77015927743033741      -0.96820491103296413       0.99000000000000377       0.65104280358078870        3.2800000014155763E-002  0.44380696810237230        3.4389274788084632E-017
 -0.88914068628178644      -0.96820491103296313       0.98999999999999666       0.83449200397865431        3.2800000014155756E-002  0.47380696810237233       -1.0753693451369558E-017
 -0.98875204855823950      -0.96820491103296258       0.98999999999999999       0.98807587003434072        3.2800000014155756E-002  0.49892300007022933       -7.3968658455801241E-018
 -0.99648579599112463      -0.96820491103296291       0.99000000000000843        1.0000000000000000        3.2800000014155756E-002  0.50087298894013954        2.6267643429762863E-018
           0
           0
  -1.0000000000000000        1.0000000000000000       -1.0000000000000000        1.0000000000000000     
  -1.0000000000000000        1.0000000000000000       -1.0000000000000000        1.0000000000000000     
           4
          10           1
          11           2
          12          13
           9          14
           1
           1
           1
          14
  0.99000000000000044       0.99682472480968864      -0.98999999999990285        1.0000000000000000       0.50162828282833249        1.3637069266944787E-017   3.0279841192985867E-017
  0.98999999999999977       0.99000000000000676      -0.98999999999999955       0.99000000000000521       0.50000000000000211        5.4170479417972140E-018   1.5564655395095743E-017
  0.98999999999999322       0.87108382726523848      -0.99000000000008093       0.81575682382199011       0.47162828282833247        9.6804752807186230E-019   9.5470787913681230E-018
  0.98999999999999455       0.74534292972078509      -0.99000000000000565       0.63151364764293427       0.44162828282833244        1.9758149418406862E-018   9.5955616981824571E-018
  0.98999999999999888       0.61960203217633048      -0.99000000000000232       0.44727047146435228       0.41162828282833241        3.4671039833437384E-018   1.8931048191013658E-017
  0.99000000000000277       0.49386113463187514      -0.98999999999999067       0.26302729528568480       0.38162828282833239       -6.8872317213253646E-018  -3.0174230510263123E-018
  0.99000000000000410       0.36812023708741987      -0.99000000000000132        7.8784119107024403E-002  0.35162828282833236       -3.3869036815214571E-018  -1.9069883049196436E-017
  0.99000000000000277       0.24237933954296573      -0.98999999999999810      -0.10545905707163399       0.32162828282833233        1.7718610516703374E-017  -3.3857858230139000E-017
  0.98999999999999944       0.11663844199851181      -0.99000000000000032      -0.28970223325032107       0.29162828282833231        6.0064418848704349E-018   4.4557712392847540E-018
  0.98999999999999511       -9.1024555459410916E-003 -0.99000000000001087      -0.47394540942899605       0.26162828282833228        5.0679462079436326E-018   2.6905190738881001E-018
  0.98999999999999155      -0.13484335309039380      -0.99000000000000332      -0.65818858560766536       0.23162828282833228       -1.8492799359515469E-017   2.1326461889800056E-017
  0.98999999999998978      -0.26058425063484641      -0.99000000000000832      -0.84243176178631329       0.20162828282833228        8.8419549821354606E-019  -1.2216685241115567E-017
  0.98999999999999022      -0.33950042331069058      -0.98999999999999333      -0.95806451604208298       0.18280000001415600        1.5425867686953878E-018   4.8704902469579638E-018
  0.98999999999999055      -0.36812023708721237      -0.99000000000000987       -1.0000000000000000       0.17597171717171720        9.7162852457119951E-018   1.1340602149876110E-018
           0
           0
  -1.0000000000000000        1.0000000000000000       -1.0000000000000000        1.0000000000000000     
  -1.0000000000000000        1.0000000000000000       -1.0000000000000000        1.0000000000000000     
           4
          13           1
          23           2
          19          28
          14          29
           1
           1
           1
          29
  -1.0000000000000000       0.98997335336583392       0.99658815296465020       0.99000000000000599       0.49999364248990696       -2.5214023173556472E-003  0.99999999999999489     
 -0.98999999999999166       0.98999999999999289       0.99000000000000143       0.98999999999998634       0.49999999999999650       -1.4360268411978740E-018  0.99999999999999500     
 -0.88105565700489930       0.98683497578136270       0.91818995031803996       0.98999999999995192       0.49924486997935141        2.7469251889037323E-002  0.99999999999999534     
 -0.76250351364460145       0.97616353843090975       0.83979174767144815       0.98999999999999855       0.49669881593674886        5.7361016788623716E-002  0.99999999999999734     
 -0.64477035763516599       0.95799745848963214       0.76139354502483991       0.99000000000000510       0.49236464615681952        8.7046282027774716E-002  0.99999999999999911     
 -0.52828002833822896       0.93240213384519510       0.68299534237823112       0.98999999999999289       0.48625796365074214       0.11641818065162893       0.99999999999999978     
 -0.41345189093927964       0.89946970766621193       0.60459713973163232       0.98999999999998700       0.47840075247551345       0.14537097382513572       0.99999999999999978     
 -0.30069932673295846       0.85931873668692960       0.52619893708503707       0.98999999999999089       0.46882129859136529       0.17380043149286972       0.99999999999999889     
 -0.19042824495039987       0.81209376440290837       0.44780073443843527       0.98999999999999788       0.45755408803228870       0.20160420760722930       0.99999999999999822     
  -8.3035621486015079E-002  0.75796480071438266       0.36940253179182603       0.98999999999999955       0.44463968275629928       0.22868220857420427       0.99999999999999756     
   2.1091930215722195E-002  0.69712670989062364       0.29100432914521612       0.98999999999999644       0.43012457462238868       0.25493695359031288       0.99999999999999722     
  0.12157955096868094       0.62979850905858603       0.21260612649861257       0.98999999999999289       0.41406101801983630       0.28027392557349573       0.99999999999999734     
  0.21806548533814948       0.55622257974126399       0.13420792385201566       0.98999999999999100       0.39650684175241102       0.30460191142461307       0.99999999999999711     
  0.31020238396040162       0.47666379528420666        5.5809721205419001E-002  0.98999999999999111       0.37752524085467704       0.32783333039460161       0.99999999999999667     
  0.39765855400040045       0.39140856731146467       -2.2588481441184392E-002  0.98999999999999333       0.35718454908986741       0.34988454937517055       0.99999999999999667     
  0.48011915324600118       0.30076381464373919      -0.10098668408779551       0.98999999999999333       0.33555799294833510       0.37067618397798985       0.99999999999999611     
  0.55728732353991528       0.20505585839062918      -0.17938488673440731       0.98999999999999244       0.31272342803218872       0.39013338431848832       0.99999999999999589     
  0.62888525946907936       0.10462924719464352      -0.25778308938101052       0.98999999999999089       0.28876305877512565       0.40818610447543935       0.99999999999999545     
  0.69465520846414963       -1.5448314391242488E-004 -0.33618129202760305       0.98999999999999233       0.26376314250647148       0.42476935465627780       0.99999999999999556     
  0.75436039870874938      -0.10891811119581604      -0.41457949467419380       0.98999999999999755       0.23781367892479433       0.43982343516035405       0.99999999999999611     
  0.80778589151800295      -0.22127008790008093      -0.49297769732079583       0.99000000000000221       0.21100808609898855       0.45329415129785433       0.99999999999999645     
  0.85473935511779475      -0.33680594614057469      -0.57137589996741101       0.99000000000000288       0.18344286416322642       0.46513300849068245       0.99999999999999678     
  0.89505175703915851      -0.45510975682763527      -0.64977410261402224       0.98999999999999722       0.15521724791647595       0.47529738685294232       0.99999999999999734     
  0.92857797263517849      -0.57575562624278753      -0.72817230526061016       0.98999999999998678       0.12643284957722578       0.48375069462253006       0.99999999999999734     
  0.95519730752972376      -0.69830922925612959      -0.80657050790719853       0.98999999999998334        9.7193292979498358E-002  0.49046249989147933       0.99999999999999756     
  0.97481393211717660      -0.82232937289681018      -0.88496871055386772       0.98999999999999133        6.7603840527045489E-002  0.49540864016082387       0.99999999999999789     
  0.98735722654897740      -0.94736958464772369      -0.96336691320053380       0.98999999999999710        3.7771014248694439E-002  0.49857130932558458       0.99999999999999822     
  0.98875204855821575      -0.96820491103295969      -0.97638810303660251       0.98999999999999466        3.2800000014155763E-002  0.49892300007022428       0.99999999999999822     
  0.99050044984652152       -1.0000000000000000      -0.99624268388038351       0.98999999999998889        2.5214141414139433E-002  0.49936384237622539       0.99999999999999845     
           0
           0
  -1.0000000000000000        1.0000000000000000       -1.0000000000000000        1.0000000000000000     
  -1.0000000000000000        1.0000000000000000       -1.0000000000000000        1.0000000000000000     
           4
          16           1
          20           2
          24          25
          15          26
           1
           1
           1
          26
 -0.27302797012979640      -0.99202395962921075        1.0000000000000000       0.98999999999999644        2.7117111854122175E-002  0.18077749375922192       0.99999999999999789     
 -0.27677286097725029      -0.96820491103296402       0.95589301545712324       0.98999999999999599        3.2800000014155763E-002  0.17983325611312137       0.99999999999999767     
 -0.28550176442086966      -0.92479194314470214       0.87481160513020395       0.98999999999999533        4.3157720231536717E-002  0.17763234837605180       0.99999999999999734     
 -0.29385683987576866      -0.89169336371537788       0.81223306079895474       0.98999999999999455        5.1054573222654082E-002  0.17552569771468735       0.99999999999999689     
 -0.30360350550767140      -0.85902254682223111       0.74965451646845593       0.98999999999999411        5.8849368121806703E-002  0.17306817118361259       0.99999999999999667     
 -0.32719750160145517      -0.79520878219474234       0.62446612158004522       0.98999999999999388        7.4074429945051840E-002  0.16711917554096350       0.99999999999999667     
 -0.35609126647252903      -0.73387755842392255       0.49927772669098319       0.98999999999999433        8.8707192626534120E-002  0.15983389497066486       0.99999999999999689     
 -0.37245072306753019      -0.70430433397950831       0.43669918236034000       0.98999999999999388        9.5762945771756952E-002  0.15570901779373725       0.99999999999999667     
 -0.39004466066709270      -0.67553346274138770       0.37412063802982759       0.98999999999999388       0.10262726878836714       0.15127287829024677       0.99999999999999667     
 -0.40883790898991684      -0.64762245768121263       0.31154209369955466       0.98999999999999444       0.10928643989464323       0.14653434430307036       0.99999999999999689     
 -0.44988056261662873      -0.59458862359796216       0.18635369881076960       0.98999999999999511       0.12193956273349552       0.13618584010659851       0.99999999999999722     
 -0.49524201126467354      -0.54564148915979160        6.1165303921877197E-002  0.98999999999999555       0.13361765682874394       0.12474839393263047       0.99999999999999745     
 -0.51942403971910456      -0.52282966702961220       -1.4132404086265500E-003  0.98999999999999599       0.13906023499758077       0.11865113167430001       0.99999999999999767     
 -0.54454674951816817      -0.50118296596487499       -6.3991784739201404E-002  0.98999999999999633       0.14422483175666251       0.11231668580374482       0.99999999999999778     
 -0.57055992036491987      -0.48074465772105945      -0.12657032906970472       0.98999999999999688       0.14910112307705572       0.10575771887827423       0.99999999999999811     
 -0.59741155193079021      -0.46155559847637528      -0.18914887340002823       0.98999999999999722       0.15367936125240367        9.8987342272784107E-002  0.99999999999999822     
 -0.62504796780426786      -0.44365414716024953      -0.25172741773015672       0.98999999999999755       0.15795039438459452        9.2019089970111601E-002  0.99999999999999845     
 -0.68246739935808010      -0.41184729264753250      -0.37691581261883200       0.98999999999999844       0.16553906007742669        7.7541341192022606E-002  0.99999999999999889     
 -0.74234586158684701      -0.38558833746208881      -0.50210420750801710       0.98999999999999855       0.17180407544591347        6.2443571849706211E-002  0.99999999999999889     
 -0.77305053505959054      -0.37460928221227441      -0.56468275183866334       0.98999999999999877       0.17442352276915202        5.4701688364931014E-002  0.99999999999999911     
 -0.80418889051269893      -0.36509164057719989      -0.62726129616920334       0.98999999999999899       0.17669429747036886        4.6850456205127206E-002  0.99999999999999911     
 -0.83569868237351097      -0.35705443832251815      -0.68983984049941072       0.98999999999999888       0.17861186027093032        3.8905569983410021E-002  0.99999999999999911     
 -0.89959609726007261      -0.34548048858060798      -0.81502823538776381       0.98999999999999810       0.18137324100733376        2.2794460986623667E-002  0.99999999999999867     
 -0.93184000501177999      -0.34196977271550166      -0.87760677971829781       0.98999999999999744       0.18221084816626132        1.4664474614055449E-002  0.99999999999999845     
 -0.98999999999999866      -0.33950042331069458      -0.98999999999997779       0.98999999999999566       0.18280000001415600        6.3314701586506876E-018  0.99999999999999767     
 -0.99518021122399358      -0.33951998173618952       -1.0000000000000000       0.98999999999999511       0.18279533365041667       -1.3061396584560839E-003  0.99999999999999722     
           0
           0
  -1.0000000000000000        1.0000000000000000       -1.0000000000000000        1.0000000000000000     
  -1.0000000000000000        1.0000000000000000       -1.0000000000000000        1.0000000000000000     
           4
          18           1
          19           2
          20          13
          17          14
           1
           1
           1
          14
  0.99648579599112164      -0.96820491103295925      -0.98999999999999000        1.0000000000000000        3.2800000014155770E-002  0.50087298894013954       0.99999999999999811     
  0.98875204855821575      -0.96820491103295969      -0.98999999999999855       0.98807587003430986        3.2800000014155763E-002  0.49892300007022428       0.99999999999999822     
  0.87750438713967072      -0.96820491103296213      -0.99000000000000077       0.81655079960213406        3.2800000014155756E-002  0.47087298894013951       0.99999999999999878     
  0.75852297828822213      -0.96820491103296269      -0.98999999999999633       0.63310159920426878        3.2800000014155763E-002  0.44087298894013949       0.99999999999999867     
  0.63954156943677543      -0.96820491103296191      -0.98999999999999988       0.44965239880640323        3.2800000014155756E-002  0.41087298894013946       0.99999999999999811     
  0.52056016058532839      -0.96820491103296091      -0.98999999999999688       0.26620319840853768        3.2800000014155763E-002  0.38087298894013943       0.99999999999999778     
  0.40157875173388180      -0.96820491103296025      -0.98999999999999599        8.2753998010672111E-002   3.2800000014155763E-002  0.35087298894013941       0.99999999999999756     
  0.28259734288243432      -0.96820491103295991      -0.98999999999999599      -0.10069520238719344        3.2800000014155770E-002  0.32087298894013938       0.99999999999999756     
  0.16361593403098601      -0.96820491103296025      -0.98999999999999388      -0.28414440278505898        3.2800000014155770E-002  0.29087298894013935       0.99999999999999789     
   4.4634525179536894E-002 -0.96820491103296114      -0.98999999999999411      -0.46759360318292453        3.2800000014155756E-002  0.26087298894013933       0.99999999999999833     
  -7.4346883671912486E-002 -0.96820491103296258      -0.98999999999999755      -0.65104280358079014        3.2800000014155763E-002  0.23087298894013930       0.99999999999999856     
 -0.19332829252336167      -0.96820491103296369      -0.98999999999999722      -0.83449200397865553        3.2800000014155770E-002  0.20087298894013927       0.99999999999999845     
 -0.27677286097725029      -0.96820491103296402      -0.98999999999999688      -0.96314940943536109        3.2800000014155763E-002  0.17983325611312137       0.99999999999999767     
 -0.30067340223270073      -0.96820491103296413      -0.98999999999999388       -1.0000000000000000        3.2800000014155749E-002  0.17380696810237223       0.99999999999999756     
           0
           0
  -1.0000000000000000        1.0000000000000000       -1.0000000000000000        1.0000000000000000     
  -1.0000000000000000        1.0000000000000000       -1.0000000000000000        1.0000000000000000     
           4
          21           1
          24           2
          23          13
          22          14
           1
           1
           1
          14
 -0.98999999999999810      -0.36812023708723096       0.98999999999999466       -1.0000000000000000       0.17597171717171364       -4.0599370676867924E-018  0.99999999999999711     
 -0.98999999999999866      -0.33950042331069458       0.98999999999999244      -0.95806451604208598       0.18280000001415600        6.3314701586506876E-018  0.99999999999999767     
 -0.98999999999999977      -0.24237933954277688       0.99000000000000166      -0.81575682382137671       0.20597171717171364       -1.3773599039460447E-018  0.99999999999999822     
 -0.98999999999999988      -0.11663844199832124       0.99000000000000543      -0.63151364764271345       0.23597171717171367       -5.3461021696714870E-018  0.99999999999999800     
 -0.98999999999999944        9.1024555461344508E-003  0.98999999999999855      -0.44727047146405008       0.26597171717171364        6.6318516539671235E-018  0.99999999999999756     
 -0.98999999999999944       0.13484335309058940       0.99000000000000454      -0.26302729528537361       0.29597171717171367        6.4337485477434629E-018  0.99999999999999745     
 -0.99000000000000021       0.26058425063504376       0.98999999999998833       -7.8784119106714817E-002  0.32597171717171369       -1.5172061987472959E-018  0.99999999999999778     
 -0.99000000000000155       0.38632514817949704       0.98999999999999277       0.10545905707195324       0.35597171717171366        5.8703632050911430E-018  0.99999999999999822     
 -0.99000000000000321       0.51206604572394943       0.99000000000000610       0.28970223325062561       0.38597171717171364        9.6706401178628209E-019  0.99999999999999900     
 -0.99000000000000421       0.63780694326840159       0.98999999999998234       0.47394540942925567       0.41597171717171366        2.5672495904968437E-018  0.99999999999999978     
 -0.99000000000000343       0.76354784081285543       0.99000000000001265       0.65818858560791205       0.44597171717171369       -7.3777074198645039E-018  0.99999999999999978     
 -0.98999999999999899       0.88928873835731193       0.98999999999974053       0.84243176178644219       0.47597171717171372       -4.9268826375150539E-019  0.99999999999999800     
 -0.98999999999999166       0.98999999999999289       0.98999999999999344       0.98999999999996890       0.49999999999999650       -1.4360268411978740E-018  0.99999999999999500     
 -0.98999999999999100       0.99682472480942419       0.99000000000018940        1.0000000000000000       0.50162828282826677        1.6181223389400020E-019  0.99999999999999478     
           0
           0
  -1.0000000000000000        0.0000000000000000       -1.0000000000000000        0.0000000000000000     
  -1.0000000000000000        1.0000000000000000       -1.0000000000000000        1.0000000000000000     
           3
          25           1
           7           2
          26          19
           1
           1
          19
 -0.97638810303652368       -1.0000000000000000       0.99999999999995248       0.98807587003432207        3.2800000014155770E-002  0.49892300007022627       -5.0505050504813086E-003
 -0.97638810303652146      -0.99000000000004673       0.99000000000000010       0.98807587003434050        3.2800000014155777E-002  0.49892300007022933       -2.5900582922832252E-017
 -0.97638810303652179      -0.94059999999997790       0.94059999999995414       0.98807587003435604        3.2800000014155756E-002  0.49892300007023183        2.4949494949518675E-002
 -0.97638810303652657      -0.88119999999995124       0.88119999999995391       0.98807587003431951        3.2800000014155728E-002  0.49892300007022583        5.4949494949518687E-002
 -0.97638810303652923      -0.82179999999994291       0.82179999999995301       0.98807587003429564        3.2800000014155756E-002  0.49892300007022194        8.4949494949518672E-002
 -0.97638810303652968      -0.76239999999994679       0.76239999999995234       0.98807587003429509        3.2800000014155728E-002  0.49892300007022183       0.11494949494951870     
 -0.97638810303652956      -0.70299999999995277       0.70299999999995222       0.98807587003430464        3.2800000014155763E-002  0.49892300007022339       0.14494949494951870     
 -0.97638810303653034      -0.64359999999995565       0.64359999999995232       0.98807587003431274        3.2800000014155777E-002  0.49892300007022472       0.17494949494951872     
 -0.97638810303653178      -0.58419999999995553       0.58419999999995265       0.98807587003431396        3.2800000014155763E-002  0.49892300007022494       0.20494949494951870     
 -0.97638810303653345      -0.52479999999995386       0.52479999999995319       0.98807587003430908        3.2800000014155763E-002  0.49892300007022417       0.23494949494951867     
 -0.97638810303653445      -0.46539999999995280       0.46539999999995341       0.98807587003430120        3.2800000014155804E-002  0.49892300007022283       0.26494949494951864     
 -0.97638810303653467      -0.40599999999995318       0.40599999999995373       0.98807587003429520        3.2800000014155749E-002  0.49892300007022183       0.29494949494951861     
 -0.97638810303653389      -0.34659999999995506       0.34659999999995372       0.98807587003429320        3.2800000014155756E-002  0.49892300007022156       0.32494949494951864     
 -0.97638810303653234      -0.28719999999995777       0.28719999999995338       0.98807587003429442        3.2800000014155770E-002  0.49892300007022172       0.35494949494951866     
 -0.97638810303653090      -0.22779999999996009       0.22779999999995285       0.98807587003429909        3.2800000014155763E-002  0.49892300007022250       0.38494949494951869     
 -0.97638810303652968      -0.16839999999996150       0.16839999999995242       0.98807587003430319        3.2800000014155756E-002  0.49892300007022317       0.41494949494951872     
 -0.97638810303652934      -0.10899999999996213       0.10899999999995189       0.98807587003430697        3.2800000014155742E-002  0.49892300007022383       0.44494949494951869     
 -0.97638810303652945       -4.9599999999962271E-002   4.9599999999951669E-002  0.98807587003430875        3.2800000014155797E-002  0.49892300007022405       0.47494949494951866     
 -0.97638810303653079        0.0000000000000000       -1.0469902297110160E-014  0.98807587003430886        3.2800000014155763E-002  0.49892300007022411       0.50000000000000455     
           0
           0
  -1.0000000000000000        0.0000000000000000        0.0000000000000000        1.0000000000000000     
  -1.0000000000000000        1.0000000000000000       -1.0000000000000000        1.0000000000000000     
           3
          26           1
          19          18
          27          19
           1
           1
          19
 -0.97638810303653079        0.0000000000000000       -1.0469902297110160E-014  0.98807587003430886        3.2800000014155763E-002  0.49892300007022411       0.50000000000000455     
 -0.97638810303653067        5.9400000000000862E-002  -5.9400000000010472E-002  0.98807587003431041        3.2800000014155797E-002  0.49892300007022439       0.53000000000000458     
 -0.97638810303653079       0.11880000000000179      -0.11880000000001029       0.98807587003431208        3.2800000014155770E-002  0.49892300007022461       0.56000000000000461     
 -0.97638810303653001       0.17820000000000341      -0.17820000000000996       0.98807587003431518        3.2800000014155735E-002  0.49892300007022511       0.59000000000000452     
 -0.97638810303652834       0.23760000000000578      -0.23760000000000955       0.98807587003431785        3.2800000014155770E-002  0.49892300007022561       0.62000000000000455     
 -0.97638810303652623       0.29700000000000848      -0.29700000000000937       0.98807587003432007        3.2800000014155742E-002  0.49892300007022594       0.65000000000000457     
 -0.97638810303652401       0.35640000000001154      -0.35640000000000910       0.98807587003431885        3.2800000014155756E-002  0.49892300007022572       0.68000000000000449     
 -0.97638810303652235       0.41580000000001338      -0.41580000000000944       0.98807587003431396        3.2800000014155783E-002  0.49892300007022494       0.71000000000000452     
 -0.97638810303652190       0.47520000000001322      -0.47520000000000978       0.98807587003430541        3.2800000014155770E-002  0.49892300007022350       0.74000000000000454     
 -0.97638810303652257       0.53460000000001107      -0.53460000000001018       0.98807587003429620        3.2800000014155770E-002  0.49892300007022206       0.77000000000000457     
 -0.97638810303652390       0.59400000000000708      -0.59400000000001074       0.98807587003429187        3.2800000014155783E-002  0.49892300007022128       0.80000000000000449     
 -0.97638810303652623       0.65340000000000364      -0.65340000000001131       0.98807587003429398        3.2800000014155728E-002  0.49892300007022172       0.83000000000000451     
 -0.97638810303652890       0.71280000000000188      -0.71280000000001120       0.98807587003430486        3.2800000014155783E-002  0.49892300007022344       0.86000000000000454     
 -0.97638810303653367       0.77220000000000222      -0.77220000000001121       0.98807587003431774        3.2800000014155756E-002  0.49892300007022555       0.89000000000000457     
 -0.97638810303654266       0.83160000000000101      -0.83160000000001078       0.98807587003431974        3.2800000014155756E-002  0.49892300007022583       0.92000000000000459     
 -0.97638810303655921       0.89099999999999369      -0.89100000000001012       0.98807587003430120        3.2800000014155783E-002  0.49892300007022283       0.95000000000000462     
 -0.97638810303658430       0.95039999999998848      -0.95040000000001024       0.98807587003428010        3.2800000014155770E-002  0.49892300007021939       0.98000000000000476     
 -0.97638810303660251       0.98999999999999444      -0.98999999999999833       0.98807587003430952        3.2800000014155756E-002  0.49892300007022428       0.99999999999999811     
 -0.97638810303660717        1.0000000000000000      -0.99999999999999201       0.98807587003433062        3.2800000014155756E-002  0.49892300007022766        1.0050505050504999     
           0
           0
  -1.0000000000000000        1.0000000000000000       -1.0000000000000000        1.0000000000000000     
  -1.0000000000000000        1.0000000000000000       -1.0000000000000000        1.0000000000000000     
           4
          29           1
          23           2
          11          36
          28          37
           1
           1
           1
          37
  0.98999999999999821        1.0000000000000000        1.0000000000000031       0.98999999999996502       0.49999999999999600       -1.3877787807814457E-017   1.0050505050505052     
  0.99000000000000143       0.98999999999998634       0.98999999999999366       0.98999999999996957       0.49999999999999661       -1.4360268411994517E-018  0.99999999999999512     
  0.99000000000000599       0.94059999999999688       0.94060000000000188       0.98999999999999233       0.49999999999999961       -1.8759203307222805E-017  0.97505050505050517     
  0.99000000000000232       0.88120000000000420       0.88119999999999921       0.99000000000000787       0.50000000000000200        1.8877041855726415E-017  0.94505050505050514     
  0.99000000000000044       0.82180000000000408       0.82179999999999986       0.99000000000001098       0.50000000000000300       -6.5052493730528434E-018  0.91505050505050511     
  0.99000000000000110       0.76239999999999841       0.76240000000000208       0.99000000000000898       0.50000000000000289        7.8477139828288812E-019  0.88505050505050509     
  0.99000000000000299       0.70299999999999263       0.70300000000000440       0.99000000000000576       0.50000000000000222       -1.1542430978584164E-017  0.85505050505050517     
  0.99000000000000432       0.64359999999999062       0.64360000000000517       0.99000000000000321       0.50000000000000155        4.2315049071673387E-018  0.82505050505050515     
  0.99000000000000432       0.58419999999999184       0.58420000000000405       0.99000000000000110       0.50000000000000078       -2.5607498006088481E-018  0.79505050505050512     
  0.99000000000000310       0.52479999999999527       0.52480000000000238       0.98999999999999966       0.50000000000000000        4.2469748190008670E-018  0.76505050505050509     
  0.99000000000000143       0.46539999999999954       0.46540000000000098       0.98999999999999833       0.49999999999999967        1.4897164239677936E-017  0.73505050505050507     
  0.99000000000000010       0.40600000000000319       0.40600000000000008       0.98999999999999522       0.49999999999999922       -2.1870927629089227E-018  0.70505050505050504     
  0.98999999999999910       0.34660000000000524       0.34660000000000041       0.98999999999999133       0.49999999999999895        1.0228859962350212E-018  0.67505050505050501     
  0.98999999999999888       0.28720000000000590       0.28720000000000145       0.98999999999998822       0.49999999999999878       -2.2483577732873237E-017  0.64505050505050499     
  0.98999999999999888       0.22780000000000580       0.22780000000000253       0.98999999999998589       0.49999999999999878        3.9924423382062512E-019  0.61505050505050496     
  0.98999999999999921       0.16840000000000493       0.16840000000000308       0.98999999999998611       0.49999999999999900       -1.1979088381863345E-017  0.58505050505050493     
  0.98999999999999932       0.10900000000000407       0.10900000000000321       0.98999999999998800       0.49999999999999933       -1.0707162319388384E-017  0.55505050505050491     
  0.98999999999999932        4.9600000000002815E-002   4.9600000000002968E-002  0.98999999999999189       0.49999999999999989       -1.1412824657422986E-017  0.52505050505050488     
  0.98999999999999921       -9.7999999999981800E-003  -9.7999999999984055E-003  0.98999999999999611       0.50000000000000044        3.4176304701554852E-018  0.49505050505050485     
  0.98999999999999932       -6.9199999999998998E-002  -6.9199999999999623E-002  0.99000000000000066       0.50000000000000089       -1.5695045017765264E-017  0.46505050505050483     
  0.98999999999999966      -0.12859999999999924      -0.12860000000000033       0.99000000000000377       0.50000000000000133       -1.5135068406038068E-017  0.43505050505050485     
  0.99000000000000032      -0.18799999999999895      -0.18800000000000022       0.99000000000000465       0.50000000000000133       -1.7018287815985277E-017  0.40505050505050488     
  0.99000000000000088      -0.24739999999999795      -0.24739999999999912       0.99000000000000421       0.50000000000000155        4.1461723138789804E-017  0.37505050505050486     
  0.99000000000000155      -0.30679999999999702      -0.30679999999999785       0.99000000000000143       0.50000000000000133        1.5523308283587370E-017  0.34505050505050489     
  0.99000000000000177      -0.36619999999999608      -0.36619999999999669       0.98999999999999966       0.50000000000000111        2.1617269425129983E-017  0.31505050505050491     
  0.99000000000000132      -0.42559999999999620      -0.42559999999999648       0.98999999999999666       0.50000000000000089       -7.2880673258422106E-018  0.28505050505050494     
  0.99000000000000044      -0.48499999999999721      -0.48499999999999782       0.98999999999999599       0.50000000000000089        1.1280470153971619E-018  0.25505050505050497     
  0.98999999999999910      -0.54439999999999900      -0.54440000000000022       0.98999999999999677       0.50000000000000067        1.4764553755934932E-017  0.22505050505050500     
  0.98999999999999855      -0.60380000000000111      -0.60380000000000267       0.98999999999999944       0.50000000000000067        4.9593755885499914E-018  0.19505050505050497     
  0.98999999999999877      -0.66320000000000201      -0.66320000000000423       0.99000000000000021       0.50000000000000056        2.7712796672634202E-017  0.16505050505050498     
  0.98999999999999988      -0.72260000000000135      -0.72260000000000379       0.98999999999999988       0.50000000000000044        1.7425726404573103E-018  0.13505050505050498     
  0.99000000000000055      -0.78199999999999992      -0.78200000000000169       0.98999999999999755       0.50000000000000044        1.8456881216817234E-017  0.10505050505050496     
  0.98999999999999877      -0.84140000000000059      -0.84139999999999937       0.98999999999999400       0.50000000000000044        2.6303672497295965E-017   7.5050505050504979E-002
  0.98999999999999333      -0.90080000000000593      -0.90079999999999949       0.98999999999999511       0.50000000000000122       -1.9004903276355505E-017   4.5050505050504994E-002
  0.98999999999998778      -0.96020000000000794      -0.96020000000000161       0.99000000000000032       0.50000000000000200        1.7055065621364067E-017   1.5050505050505007E-002
  0.98999999999998989      -0.98999999999999688      -0.98999999999999955       0.99000000000000488       0.50000000000000211        2.3920765018919707E-017  -2.1442778758766909E-017
  0.98999999999999266       -1.0000000000000000       -1.0000000000000084       0.99000000000000732       0.50000000000000222        0.0000000000000000       -5.0505050505105387E-003
           0
           0
  -1.0000000000000000        1.0000000000000000       -1.0000000000000000        1.0000000000000000     
  -1.0000000000000000        1.0000000000000000       -1.0000000000000000        1.0000000000000000     
           4
          31           1
          20           2
           8          36
          30          37
           1
           1
           1
          37
  0.95589301545712324        1.0000000000000000       -1.0000000000000011      -0.96314940943536109        3.2800000014155763E-002  0.17983325611312134        1.0050505050505047     
  0.95589301545712324       0.98999999999999599      -0.98999999999999688      -0.96314940943536098        3.2800000014155763E-002  0.17983325611312137       0.99999999999999767     
  0.95589301545712324       0.94059999999999999      -0.94060000000000110      -0.96314940943536109        3.2800000014155763E-002  0.17983325611312134       0.97505050505050472     
  0.95589301545712324       0.88119999999999998      -0.88120000000000109      -0.96314940943536109        3.2800000014155763E-002  0.17983325611312134       0.94505050505050470     
  0.95589301545712324       0.82179999999999997      -0.82180000000000086      -0.96314940943536109        3.2800000014155763E-002  0.17983325611312134       0.91505050505050467     
  0.95589301545712324       0.76239999999999986      -0.76240000000000063      -0.96314940943536109        3.2800000014155763E-002  0.17983325611312134       0.88505050505050464     
  0.95589301545712324       0.70299999999999985      -0.70300000000000040      -0.96314940943536109        3.2800000014155763E-002  0.17983325611312134       0.85505050505050462     
  0.95589301545712324       0.64359999999999973      -0.64360000000000039      -0.96314940943536109        3.2800000014155763E-002  0.17983325611312134       0.82505050505050459     
  0.95589301545712324       0.58419999999999972      -0.58420000000000039      -0.96314940943536109        3.2800000014155763E-002  0.17983325611312134       0.79505050505050456     
  0.95589301545712324       0.52479999999999960      -0.52480000000000027      -0.96314940943536109        3.2800000014155763E-002  0.17983325611312134       0.76505050505050454     
  0.95589301545712324       0.46539999999999943      -0.46540000000000031      -0.96314940943536109        3.2800000014155763E-002  0.17983325611312134       0.73505050505050451     
  0.95589301545712324       0.40599999999999947      -0.40599999999999992      -0.96314940943536109        3.2800000014155763E-002  0.17983325611312134       0.70505050505050448     
  0.95589301545712324       0.34659999999999930      -0.34660000000000013      -0.96314940943536109        3.2800000014155763E-002  0.17983325611312134       0.67505050505050446     
  0.95589301545712324       0.28719999999999934      -0.28719999999999968      -0.96314940943536109        3.2800000014155763E-002  0.17983325611312134       0.64505050505050443     
  0.95589301545712324       0.22779999999999917      -0.22779999999999961      -0.96314940943536109        3.2800000014155763E-002  0.17983325611312134       0.61505050505050440     
  0.95589301545712324       0.16839999999999922      -0.16839999999999933      -0.96314940943536109        3.2800000014155763E-002  0.17983325611312134       0.58505050505050438     
  0.95589301545712324       0.10899999999999904      -0.10899999999999949      -0.96314940943536109        3.2800000014155763E-002  0.17983325611312134       0.55505050505050435     
  0.95589301545712324        4.9599999999999096E-002  -4.9599999999999214E-002 -0.96314940943536109        3.2800000014155763E-002  0.17983325611312134       0.52505050505050432     
  0.95589301545712324       -9.8000000000009625E-003   9.8000000000009278E-003 -0.96314940943536109        3.2800000014155763E-002  0.17983325611312134       0.49505050505050430     
  0.95589301545712324       -6.9200000000001025E-002   6.9200000000001025E-002 -0.96314940943536109        3.2800000014155763E-002  0.17983325611312134       0.46505050505050427     
  0.95589301545712324      -0.12860000000000119       0.12860000000000099      -0.96314940943536109        3.2800000014155763E-002  0.17983325611312134       0.43505050505050424     
  0.95589301545712324      -0.18800000000000114       0.18800000000000117      -0.96314940943536109        3.2800000014155763E-002  0.17983325611312134       0.40505050505050422     
  0.95589301545712324      -0.24740000000000131       0.24740000000000112      -0.96314940943536109        3.2800000014155763E-002  0.17983325611312134       0.37505050505050419     
  0.95589301545712324      -0.30680000000000124       0.30680000000000118      -0.96314940943536109        3.2800000014155763E-002  0.17983325611312134       0.34505050505050422     
  0.95589301545712324      -0.36620000000000130       0.36620000000000125      -0.96314940943536109        3.2800000014155763E-002  0.17983325611312134       0.31505050505050419     
  0.95589301545712324      -0.42560000000000137       0.42560000000000137      -0.96314940943536109        3.2800000014155763E-002  0.17983325611312134       0.28505050505050417     
  0.95589301545712324      -0.48500000000000143       0.48500000000000149      -0.96314940943536109        3.2800000014155763E-002  0.17983325611312134       0.25505050505050414     
  0.95589301545712324      -0.54440000000000155       0.54440000000000177      -0.96314940943536109        3.2800000014155763E-002  0.17983325611312134       0.22505050505050411     
  0.95589301545712324      -0.60380000000000156       0.60380000000000200      -0.96314940943536109        3.2800000014155763E-002  0.17983325611312134       0.19505050505050409     
  0.95589301545712324      -0.66320000000000168       0.66320000000000212      -0.96314940943536109        3.2800000014155763E-002  0.17983325611312134       0.16505050505050406     
  0.95589301545712324      -0.72260000000000169       0.72260000000000224      -0.96314940943536109        3.2800000014155763E-002  0.17983325611312134       0.13505050505050403     
  0.95589301545712324      -0.78200000000000180       0.78200000000000236      -0.96314940943536109        3.2800000014155763E-002  0.17983325611312134       0.10505050505050398     
  0.95589301545712324      -0.84140000000000181       0.84140000000000237      -0.96314940943536109        3.2800000014155763E-002  0.17983325611312134        7.5050505050503979E-002
  0.95589301545712324      -0.90080000000000182       0.90080000000000227      -0.96314940943536109        3.2800000014155763E-002  0.17983325611312134        4.5050505050503974E-002
  0.95589301545712324      -0.96020000000000183       0.96020000000000238      -0.96314940943536109        3.2800000014155763E-002  0.17983325611312134        1.5050505050503985E-002
  0.95589301545712324      -0.98999999999999977       0.99000000000000044      -0.96314940943536109        3.2800000014155763E-002  0.17983325611312131       -8.0439901352148020E-018
  0.95589301545712324       -1.0000000000000000        1.0000000000000009      -0.96314940943536109        3.2800000014155763E-002  0.17983325611312134       -5.0505050505052131E-003
           0
           0
  -1.0000000000000000        1.0000000000000000       -1.0000000000000000        1.0000000000000000     
  -1.0000000000000000        1.0000000000000000       -1.0000000000000000        1.0000000000000000     
           4
          32           1
          12           2
          24          36
          33          37
           1
           1
           1
          37
 -0.98999999999997779       -1.0000000000000000      -0.99999999999999811      -0.95806451604209375       0.18280000001415600        7.8062556418956319E-018  -5.0505050505051732E-003
 -0.98999999999997790      -0.98999999999999977      -0.98999999999999333      -0.95806451604208309       0.18280000001415600       -7.7092717698474513E-018   4.8704902469574376E-018
 -0.98999999999997790      -0.94059999999999999      -0.94059999999999500      -0.95806451604207554       0.18280000001415600       -6.0715321659188248E-018   2.4949494949494826E-002
 -0.98999999999997779      -0.88119999999999998      -0.88120000000000509      -0.95806451604209697       0.18280000001415600        7.8062556418956319E-018   5.4949494949494845E-002
 -0.98999999999997790      -0.82179999999999997      -0.82180000000000575      -0.95806451604210874       0.18280000001415600       -6.0715321659188248E-018   8.4949494949494816E-002
 -0.98999999999997779      -0.76239999999999997      -0.76240000000000130      -0.95806451604210763       0.18280000001415600        7.8062556418956319E-018  0.11494949494949480     
 -0.98999999999997790      -0.70299999999999996      -0.70299999999999840      -0.95806451604210086       0.18280000001415600       -6.0715321659188248E-018  0.14494949494949483     
 -0.98999999999997779      -0.64359999999999984      -0.64359999999999984      -0.95806451604209664       0.18280000001415600        7.8062556418956319E-018  0.17494949494949483     
 -0.98999999999997790      -0.58419999999999994      -0.58420000000000372      -0.95806451604209764       0.18280000001415600       -6.0715321659188248E-018  0.20494949494949483     
 -0.98999999999997779      -0.52479999999999982      -0.52480000000000693      -0.95806451604210208       0.18280000001415603        7.8062556418956319E-018  0.23494949494949485     
 -0.98999999999997790      -0.46539999999999976      -0.46540000000000714      -0.95806451604210718       0.18280000001415600       -6.0715321659188248E-018  0.26494949494949488     
 -0.98999999999997779      -0.40599999999999969      -0.40600000000000463      -0.95806451604210963       0.18280000001415600        7.8062556418956319E-018  0.29494949494949491     
 -0.98999999999997790      -0.34659999999999963      -0.34659999999999980      -0.95806451604210874       0.18280000001415600       -6.0715321659188248E-018  0.32494949494949493     
 -0.98999999999997779      -0.28719999999999957      -0.28719999999999496      -0.95806451604210519       0.18280000001415600        7.8062556418956319E-018  0.35494949494949496     
 -0.98999999999997790      -0.22779999999999961      -0.22779999999999223      -0.95806451604210041       0.18280000001415600       -6.0715321659188248E-018  0.38494949494949493     
 -0.98999999999997779      -0.16839999999999966      -0.16839999999999214      -0.95806451604209664       0.18280000001415600        7.8062556418956319E-018  0.41494949494949490     
 -0.98999999999997790      -0.10899999999999971      -0.10899999999999445      -0.95806451604209375       0.18280000001415600       -6.0715321659188248E-018  0.44494949494949487     
 -0.98999999999997779       -4.9599999999999755E-002  -4.9599999999998090E-002 -0.95806451604209319       0.18280000001415600        7.8062556418956319E-018  0.47494949494949490     
 -0.98999999999997790        9.8000000000004178E-003   9.7999999999984454E-003 -0.95806451604209408       0.18280000001415600       -6.0715321659188248E-018  0.50494949494949481     
 -0.98999999999997779        6.9200000000000150E-002   6.9199999999995848E-002 -0.95806451604209486       0.18280000001415603        7.8062556418956319E-018  0.53494949494949484     
 -0.98999999999997790       0.12860000000000033       0.12859999999999483      -0.95806451604209442       0.18280000001415600       -6.0715321659188248E-018  0.56494949494949487     
 -0.98999999999997779       0.18800000000000028       0.18799999999999598      -0.95806451604209242       0.18280000001415600        7.8062556418956319E-018  0.59494949494949489     
 -0.98999999999997790       0.24740000000000045       0.24739999999999776      -0.95806451604208998       0.18280000001415600       -6.0715321659188248E-018  0.62494949494949492     
 -0.98999999999997779       0.30680000000000041       0.30679999999999963      -0.95806451604208731       0.18280000001415600        7.8062556418956319E-018  0.65494949494949495     
 -0.98999999999997790       0.36620000000000036       0.36620000000000136      -0.95806451604208720       0.18280000001415600       -6.0715321659188248E-018  0.68494949494949497     
 -0.98999999999997779       0.42560000000000053       0.42560000000000237      -0.95806451604208942       0.18280000001415603        7.8062556418956319E-018  0.71494949494949500     
 -0.98999999999997790       0.48500000000000049       0.48500000000000359      -0.95806451604209464       0.18280000001415600       -6.0715321659188248E-018  0.74494949494949503     
 -0.98999999999997779       0.54440000000000077       0.54440000000000488      -0.95806451604210130       0.18280000001415600        7.8062556418956319E-018  0.77494949494949505     
 -0.98999999999997790       0.60380000000000078       0.60380000000000678      -0.95806451604210585       0.18280000001415600       -6.0715321659188248E-018  0.80494949494949508     
 -0.98999999999997779       0.66320000000000079       0.66320000000000778      -0.95806451604210441       0.18280000001415603        7.8062556418956319E-018  0.83494949494949511     
 -0.98999999999997790       0.72260000000000080       0.72260000000000679      -0.95806451604209730       0.18280000001415600       -6.0715321659188248E-018  0.86494949494949513     
 -0.98999999999997779       0.78200000000000092       0.78200000000000380      -0.95806451604208842       0.18280000001415597        7.8062556418956319E-018  0.89494949494949516     
 -0.98999999999997790       0.84140000000000092       0.84140000000000059      -0.95806451604208565       0.18280000001415600       -6.0715321659188248E-018  0.92494949494949519     
 -0.98999999999997779       0.90080000000000104       0.90080000000000016      -0.95806451604209486       0.18280000001415600        7.8062556418956319E-018  0.95494949494949521     
 -0.98999999999997790       0.96020000000000105       0.96020000000000250      -0.95806451604210252       0.18280000001415600       -6.0715321659188248E-018  0.98494949494949524     
 -0.98999999999997790       0.98999999999999566       0.98999999999999222      -0.95806451604208598       0.18280000001415600       -2.9203883798922838E-018  0.99999999999999767     
 -0.98999999999997779        1.0000000000000000       0.99999999999999223      -0.95806451604207321       0.18280000001415597        7.8062556418956319E-018   1.0050505050505047     
