  0.49999999999999978       -4.6259292692714853E-018   0.0000000000000000     
  0.34756766139560114       0.35943945352728424        0.0000000000000000     
  0.36849869976690303       0.33794778926648100        0.0000000000000000     
  0.38810314281904401       0.31523951296431840        0.0000000000000000     
  0.40631041455703654       0.29139637441548433        0.0000000000000000     
  0.42305496880262378       0.26650420891875454        0.0000000000000000     
  0.43827652516052151       0.24065262826991718        0.0000000000000000     
  0.45192028602784129       0.21393469815930805        0.0000000000000000     
  0.46393713386546070       0.18644660313532535        0.0000000000000000     
  0.47428380802116454       0.15828730034005553        0.0000000000000000     
  0.48292306046799249       0.12955816326356162        0.0000000000000000     
  0.48982378989713582       0.10036261679931889        0.0000000000000000     
  0.49496115368264887        7.0805764914598529E-002   0.0000000000000000     
  0.49831665731490427        4.0994012276185578E-002   0.0000000000000000     
  0.49987822098082713        1.1034681193578443E-002   0.0000000000000000     
  0.33700000084936627       0.36936567169612161        0.0000000000000000     
  0.33700000084936627       0.35156791698732331        0.0000000000000000     
  0.48610571893356413        2.9499675377115862E-002   0.0000000000000000     
  0.48336702482703614        5.9374406415082875E-002   0.0000000000000000     
  0.47879406772311361        8.9023825689761471E-002   0.0000000000000000     
  0.47240420090734259       0.11833542070055381        0.0000000000000000     
  0.46422167240588219       0.14719796090966897        0.0000000000000000     
  0.45427753296999551       0.17550191983557969        0.0000000000000000     
  0.44260951824582684       0.20313989067999197        0.0000000000000000     
  0.42926190557659688       0.23000699391112228        0.0000000000000000     
  0.41428534598060962       0.25600127525659988        0.0000000000000000     
  0.39773667194267481       0.28102409259570427        0.0000000000000000     
  0.37967868174833097       0.30498049028277274        0.0000000000000000     
  0.36017990117927245       0.32777955948131027        0.0000000000000000     
  0.33931432347428980       0.34933478314141952        0.0000000000000000     
  0.48700000084938627        3.4694469519536142E-018   0.0000000000000000     
  0.33700000084936627       0.36936567169612172        1.0000000000000000     
  0.49912973694198415        2.9487382051068947E-002   1.0000000000000000     
  0.49646285683095620        5.9368609443420192E-002   1.0000000000000000     
  0.49200871043533739        8.9036109841775221E-002   1.0000000000000000     
  0.48578333268215079       0.11838308024469976        1.0000000000000000     
  0.47780913493130828       0.14730387155874330        1.0000000000000000     
  0.46811482429471329       0.17569436893517548        1.0000000000000000     
  0.45673530029065756       0.20345236658344112        1.0000000000000000     
  0.44371152920555540       0.23047793571200637        1.0000000000000000     
  0.42909039661531312       0.25667378427200827        1.0000000000000000     
  0.41292453859725564       0.28194560720863093        1.0000000000000000     
  0.39527215224024803       0.30620242595930253        1.0000000000000000     
  0.37619678613517565       0.32935691597652067        1.0000000000000000     
  0.35576711160001662       0.35132572109622334        1.0000000000000000     
  0.49999999999999978       -4.6259292692714853E-018   1.0000000000000000     
  0.48700000084938627        3.4694469519536142E-018   1.0000000000000000     
  0.35575982045429277       0.33257172305775273        1.0000000000000000     
  0.37556205268688836       0.31003571634391025        1.0000000000000000     
  0.39393911617382871       0.28632319775990145        1.0000000000000000     
  0.41082127432609550       0.26152415067897805        1.0000000000000000     
  0.42614446336518164       0.23573268159184707        1.0000000000000000     
  0.43985053542990954       0.20904666299490221        1.0000000000000000     
  0.45188747923374872       0.18156736198735807        1.0000000000000000     
  0.46220961743528932       0.15339905598667181        1.0000000000000000     
  0.47077777997289466       0.12464863702052147        1.0000000000000000     
  0.47755945270577393        9.5425206096960813E-002   1.0000000000000000     
  0.48252890079741784        6.5839659192019936E-002   1.0000000000000000     
  0.48566726637319568        3.6004266425830760E-002   1.0000000000000000     
  0.48696264008154633        6.0322460242009587E-003   1.0000000000000000     
  0.33700000084936627       0.35156791698732331        1.0000000000000000     
  0.49999999999999978       -6.9388939039072284E-018  0.97099999999999986     
  0.49999999999999978       -6.9388939039072284E-018  0.94099999999999984     
  0.49999999999999978       -6.9388939039072284E-018  0.91099999999999981     
  0.49999999999999978       -6.9388939039072284E-018  0.88099999999999978     
  0.49999999999999978       -6.9388939039072284E-018  0.85099999999999976     
  0.49999999999999978       -6.9388939039072284E-018  0.82099999999999973     
  0.49999999999999978       -6.9388939039072284E-018  0.79099999999999970     
  0.49999999999999978       -6.9388939039072284E-018  0.76099999999999968     
  0.49999999999999978       -6.9388939039072284E-018  0.73099999999999976     
  0.49999999999999978       -6.9388939039072284E-018  0.70099999999999985     
  0.49999999999999978       -6.9388939039072284E-018  0.67099999999999982     
  0.49999999999999978       -6.9388939039072284E-018  0.64099999999999979     
  0.49999999999999978       -6.9388939039072284E-018  0.61099999999999977     
  0.49999999999999978       -6.9388939039072284E-018  0.58099999999999974     
  0.49999999999999978       -6.9388939039072284E-018  0.55099999999999971     
  0.49999999999999978       -6.9388939039072284E-018  0.52099999999999969     
  0.49999999999999978       -6.9388939039072284E-018  0.49099999999999966     
  0.49999999999999978       -6.9388939039072284E-018  0.46099999999999963     
  0.49999999999999978       -6.9388939039072284E-018  0.43099999999999961     
  0.49999999999999978       -6.9388939039072284E-018  0.40099999999999958     
  0.49999999999999978       -6.9388939039072284E-018  0.37099999999999955     
  0.49999999999999978       -6.9388939039072284E-018  0.34099999999999953     
  0.49999999999999978       -6.9388939039072284E-018  0.31099999999999950     
  0.49999999999999978       -6.9388939039072284E-018  0.28099999999999947     
  0.49999999999999978       -6.9388939039072284E-018  0.25099999999999945     
  0.49999999999999978       -6.9388939039072284E-018  0.22099999999999942     
  0.49999999999999978       -6.9388939039072284E-018  0.19099999999999939     
  0.49999999999999978       -6.9388939039072284E-018  0.16099999999999937     
  0.49999999999999978       -6.9388939039072284E-018  0.13099999999999934     
  0.49999999999999978       -6.9388939039072284E-018  0.10099999999999931     
  0.49999999999999978       -6.9388939039072284E-018   7.0999999999999286E-002
  0.49999999999999978       -6.9388939039072284E-018   4.0999999999999259E-002
  0.49999999999999978       -6.9388939039072284E-018   1.0999999999999233E-002
  0.33700000084936621       0.36936567169612167        2.9000000000000137E-002
  0.33700000084936621       0.36936567169612167        5.9000000000000163E-002
  0.33700000084936621       0.36936567169612167        8.9000000000000190E-002
  0.33700000084936621       0.36936567169612167       0.11900000000000022     
  0.33700000084936621       0.36936567169612167       0.14900000000000024     
  0.33700000084936621       0.36936567169612167       0.17900000000000027     
  0.33700000084936621       0.36936567169612167       0.20900000000000030     
  0.33700000084936621       0.36936567169612167       0.23900000000000032     
  0.33700000084936621       0.36936567169612167       0.26900000000000035     
  0.33700000084936621       0.36936567169612167       0.29900000000000038     
  0.33700000084936621       0.36936567169612167       0.32900000000000040     
  0.33700000084936621       0.36936567169612167       0.35900000000000037     
  0.33700000084936621       0.36936567169612167       0.38900000000000040     
  0.33700000084936621       0.36936567169612167       0.41900000000000037     
  0.33700000084936621       0.36936567169612167       0.44900000000000034     
  0.33700000084936621       0.36936567169612167       0.47900000000000031     
  0.33700000084936621       0.36936567169612167       0.50900000000000034     
  0.33700000084936621       0.36936567169612167       0.53900000000000037     
  0.33700000084936621       0.36936567169612167       0.56900000000000039     
  0.33700000084936621       0.36936567169612167       0.59900000000000031     
  0.33700000084936621       0.36936567169612167       0.62900000000000034     
  0.33700000084936621       0.36936567169612167       0.65900000000000025     
  0.33700000084936621       0.36936567169612167       0.68900000000000028     
  0.33700000084936621       0.36936567169612167       0.71900000000000031     
  0.33700000084936621       0.36936567169612167       0.74900000000000022     
  0.33700000084936621       0.36936567169612167       0.77900000000000025     
  0.33700000084936621       0.36936567169612167       0.80900000000000027     
  0.33700000084936621       0.36936567169612167       0.83900000000000030     
  0.33700000084936621       0.36936567169612167       0.86900000000000033     
  0.33700000084936621       0.36936567169612167       0.89900000000000035     
  0.33700000084936621       0.36936567169612167       0.92900000000000038     
  0.33700000084936621       0.36936567169612167       0.95900000000000041     
  0.33700000084936621       0.36936567169612167       0.98900000000000043     
  0.44667260359269489       0.22468552512283355       0.90604128476598600     
  0.45725270274278174       0.20228684048751508       0.87712917821039316     
  0.46668589640732366       0.17945549335278838       0.89414741159701117     
  0.46208884159285812       0.19098141918880601       0.85099992313870310     
  0.44713067449903210       0.22377256293397713       0.20160541088323986     
  0.45472070484635418       0.20791604215171788       0.14885448467867707     
  0.45838906569941523       0.19969843376255425       0.12082470734708567     
  0.44611885145151753       0.22578301614510116       0.10165823060349743     
  0.45620277491592481       0.20464366141908746        8.2914115933967913E-002
  0.44052724543098037       0.23650739107476737        8.4208211249206355E-002
  0.46057843644679053       0.19459574476393293       0.95886302147608871     
  0.44414141341502772       0.22964843759473230       0.93553025156530945     
  0.45710214898887619       0.20262681310663516       0.93678807670279207     
  0.46842070147288623       0.17487723245651246       0.93804590184027492     
  0.35605026365647768       0.35103875818797081        2.3950521211504650E-002
  0.48713177303153177       0.11270597013094066       0.83739960037150152     
  0.48957438961879679       0.10157222567898622       0.80859313758209050     
  0.49312643204624357        8.2621559034805309E-002  0.83157593885770753     
  0.49616064351159378        6.1843478477209432E-002  0.82460797941163211     
  0.38945214113564752       0.31357141094949914       0.80381815738421625     
  0.40147073193642857       0.29802894389375728       0.83069927007100786     
  0.40722656249722072       0.29011467869912616       0.80234028976778626     
  0.41263095025501528       0.28237510317243475       0.85742283410879261     
  0.41825367415687620       0.27397785321860169       0.82917628224523110     
  0.42370553502375291       0.26546867911344157       0.80092973038166948     
  0.42306981264991350       0.26648064399570787       0.88406395705173979     
  0.42847857241899745       0.25769383573880489       0.85589422968171780     
  0.37567684419857222       0.32994985790723053        2.3003195702831269E-002
  0.36269333094482209       0.34417081178994496        4.6006391405662594E-002
  0.43370486427679855       0.24879728837478102       0.82772450231169570     
  0.43874646260313321       0.23979479050479310       0.79955477494167360     
  0.43283742727044683       0.25030333907860847       0.91065665965574039     
  0.43798315787512010       0.24118613852735776       0.88254271104963133     
  0.44293687335337123       0.23196320015023886       0.85442876244352228     
  0.44769640195889726       0.22263856735313775       0.82631481383741323     
  0.45225965707838806       0.21321632812554245       0.79820086523130418     
  0.47497989942953645       0.15618609137150236       0.91116564498362906     
  0.47723492904456527       0.14915368751669747       0.87494867382312891     
  0.47268139169359452       0.16301012835589840       0.84873323452364557     
  0.46772562960049197       0.17672785692930026       0.82251779522416202     
  0.46237185983443996       0.19029520023700278       0.79630235592467857     
  0.48565803324783319       0.11889606697383553       0.87283547761674685     
  0.48188747320304637       0.13335840119761205       0.84682380463224494     
  0.47768634432187135       0.14770157903152714       0.82081213164774280     
  0.47305840033370433       0.16191278477537394       0.79480045866324067     
  0.38317404030123853       0.32121278747774779       0.17951814562856394     
  0.39538304392103879       0.30605922397427249       0.15811408374658897     
  0.41227625041042676       0.28289272409787974       0.17781466871100549     
  0.41187393948918932       0.28347814372479518       0.14782307939502876     
  0.43658370796418999       0.24371020893725204       0.19770909083125732     
  0.43057680645802771       0.25417240947909026       0.17024179331421180     
  0.42431923948693284       0.26448664049670073       0.14277449579716628     
  0.42019081103453587       0.27099756884913012       0.11294795588518936     
  0.44629426548835310       0.22543608538166993       0.17563621353969844     
  0.39445763987059962       0.30725098917288507        2.2540890142976722E-002
  0.38198658111332306       0.32262401003235114        4.5081780285953554E-002
  0.36891678577572751       0.33749134088581589        6.7622670428930554E-002
  0.35526873982499807       0.35182967825804268        9.0163560571907553E-002
  0.44069516683432031       0.23619434779196305       0.14819714154785041     
  0.43483678056775238       0.24681364278635926       0.12075806955600243     
  0.42872255353150746       0.25728772239153563        9.3318997564154516E-002
  0.49685995221487023        5.5948082049670819E-002  0.19930467594244761     
  0.49374066722548454        7.8867949939969983E-002  0.17772433822813455     
  0.48829129605802268       0.10757141903859371       0.15343934340353343     
  0.48814774008484452       0.10822099542168030       0.18527221238526248     
  0.48345131792832668       0.12757281526000780       0.13257542993391819     
  0.48057562814787513       0.13801110690910051       0.19255365858259438     
  0.48279522924002150       0.13003371340954278       0.16371907870331326     
  0.47103989549528058       0.16769441508826399       0.19968083896202593     
  0.47388693033331580       0.15947155627028581       0.17097061301046973     
  0.47659043237484072       0.15120039606020291       0.14226038705891353     
  0.47914958277218611       0.14288343966058439       0.11355016110735733     
  0.45957211325109959       0.19696058672211178       0.20671167966062270     
  0.46304495894572834       0.18865144047938973       0.17809533400186839     
  0.46636758809834805       0.18028109377117010       0.14947898834311402     
  0.46953892281392517       0.17185226202392179       0.12086264268435970     
  0.47255793427889542       0.16336767963726173        9.2246297025605384E-002
  0.46528568396212117       0.18305527116120152        6.4170001264438337E-002
  0.44480322913007064       0.22836393619716328        5.5653041485398735E-002
  0.45739855289376513       0.20195683650396587        4.9036504531649761E-002
  0.34909325245920070       0.35795795994426044       0.94271877783306235     
  0.36527939927469427       0.34142489725489922       0.96181251855537497     
  0.35541215587327568       0.35168480128875396       0.92121918502952793     
  0.37095974727693243       0.33524448675591123       0.94091438877214617     
  0.38574759599407976       0.31811757603877877       0.96060959251476419     
  0.35511866957927418       0.35198115079680936       0.86668264525132477     
  0.36158713324032338       0.34533280335792688       0.89984437222671665     
  0.37664587664500360       0.32884325081460425       0.91987549778137345     
  0.39095333040123154       0.31169775977408859       0.93990662333603026     
  0.40448095565442455       0.29393053007961500       0.95993774889068684     
  0.41720176906173695       0.27557700174680244       0.97996887444534342     
  0.36113037500967071       0.34581042819061225       0.84559032653518218     
  0.41200069791853822       0.28329388435798869        2.2267812028315237E-002
  0.40028048541145672       0.29962565477403397        4.4535624056630585E-002
  0.38791327536904285       0.31547312213952727        6.6803436084945989E-002
  0.37491905766017114       0.33081067123538993        8.9071248113261503E-002
  0.36131883562409389       0.34561351105425403       0.11133906014157713     
  0.37489050944675917       0.33084302308912206       0.86764885131587066     
  0.38803077814908726       0.31532858292424715       0.88970737609655903     
  0.40052945423344810       0.29929276017213685       0.91176590087724740     
  0.41236587166312066       0.28276206939318210       0.93382442565793555     
  0.42352045941829497       0.26576384339130199       0.95588295043862348     
  0.43397477385593225       0.24832618802029854       0.97794147521931163     
  0.35287364547145167       0.35423183133604497       0.80252367912314204     
  0.36706846537923915       0.33950072418793203       0.82446549255390422     
  0.38064881498113695       0.32420129495956085       0.84640730598466640     
  0.39359196085719483       0.30835915479938064       0.86834911941542847     
  0.40587623626249814       0.29200082335053240       0.89029093284619032     
  0.41748107739716234       0.27515368435713278       0.91223274627695217     
  0.42838705783000519       0.25784593982405835       0.93417455970771390     
  0.43857592101827070       0.24010656280696657       0.95611637313847586     
  0.44803061086896667       0.22196524891158248       0.97805818656923782     
  0.49818563642624247        4.2556687589372019E-002  0.98324379313135402     
  0.49888818058242090        3.3325414853555835E-002  0.96087753292256894     
  0.49480544125212844        7.1885849144922853E-002  0.97689797583798532     
  0.49707584193245086        5.3996364388215555E-002  0.95292348187848874     
  0.49869966945350169        3.6036643669575222E-002  0.92894898791899250     
  0.49121680253679245        9.3306231868671166E-002  0.96800840372330055     
  0.49437280548556034        7.4803269957512436E-002  0.94460672297864035     
  0.49683209881778334        5.6194889307802524E-002  0.92120504223398003     
  0.49859121670100626        3.7507314334806439E-002  0.89780336148931994     
  0.49954874495589480        2.1237971018687185E-002  0.84218199854866449     
  0.48198461414475990       0.13300688601620186       0.98216878661810703     
  0.48674295190126760       0.11437350556156160       0.95914467424409189     
  0.49078121256004137        9.5570923392503740E-002  0.93612056187007675     
  0.49409342200475620        7.6626955646366041E-002  0.91309644949606139     
  0.49667468022370209        5.7569627623280474E-002  0.89007233712204581     
  0.49852116855875706        3.8427132326144628E-002  0.86704822474803045     
  0.48568086836995406       0.11880275291173845       0.78753651562786553     
  0.49192855762590720        8.9477897785402341E-002  0.78840238672089913     
  0.49640730966867153        5.9831287028707374E-002  0.78926825781393273     
  0.49910101925078038        2.9969527571053090E-002  0.79013412890696633     
  0.46390037792594141       0.18653803730115923       0.98167622039997426     
  0.47140366983199966       0.16666907352272317       0.96048997368886591     
  0.47805640788717074       0.14649938866089141       0.93930372697775766     
  0.48384658855322649       0.12606537488701985       0.91811748026664963     
  0.48876376460461868       0.10540390130123825       0.89693123355554150     
  0.49279906397841333        8.4552247409515960E-002  0.87574498684443336     
  0.49594520578215756        6.3548035860232499E-002  0.85455874013332478     
  0.49819651343079768        4.2429164561616890E-002  0.83337249342221620     
  0.49954892488894387        2.1233738302534201E-002  0.81218624671110828     
  0.35571357196259668       0.35137992930958722       0.77787570230393377     
  0.37612511481896121       0.32943876214316858       0.77657757135747740     
  0.39518554720872923       0.30631419046028086       0.77527944041102081     
  0.41282640055938319       0.28208928196793248       0.77398130946456445     
  0.42898430568693968       0.25685105698496635       0.77268317851810786     
  0.44360122042969230       0.23069017584909796       0.77138504757165149     
  0.45662463814631282       0.20370061324833794       0.77008691662519502     
  0.46800777632934704       0.17597932064665936       0.76878878567873854     
  0.42814697553602016       0.25824439459426551        2.2087674544569280E-002
  0.41731170608314261       0.27541049356547198        4.4175349089138449E-002
  0.40578857670733171       0.29212263009537276        6.6263023633707618E-002
  0.39359658112184531       0.30835325736757607        8.8350698178276954E-002
  0.38075581554018895       0.32407562224321285       0.11043837272284635     
  0.36728744555128484       0.33926380935845768       0.13252604726741585     
  0.35321367123197622       0.35389278384113654       0.15461372181198541     
  0.47770974465657029       0.14762587801653965       0.76749065473228195     
  0.48569569187653211       0.11874213612941706       0.76619252378582559     
  0.49193693100064884        8.9431850689020431E-002  0.76489439283936911     
  0.49641104235213468        5.9800309621832699E-002  0.76359626189291263     
  0.49910195410159797        2.9953954863528788E-002  0.76229813094645626     
  0.35571357196259668       0.35137992930958722       0.74787570230393374     
  0.37612511481896121       0.32943876214316858       0.74657757135747738     
  0.39518554720872923       0.30631419046028086       0.74527944041102090     
  0.41282640055938319       0.28208928196793248       0.74398130946456442     
  0.42898430568693968       0.25685105698496635       0.74268317851810794     
  0.44360122042969230       0.23069017584909798       0.74138504757165147     
  0.45662463814631282       0.20370061324833794       0.74008691662519510     
  0.46800777632934704       0.17597932064665936       0.73878878567873851     
  0.47770974465657029       0.14762587801653965       0.73749065473228215     
  0.48569569187653211       0.11874213612941706       0.73619252378582567     
  0.49193693100064884        8.9431850689020431E-002  0.73489439283936919     
  0.49641104235213468        5.9800309621832699E-002  0.73359626189291272     
  0.49910195410159797        2.9953954863528788E-002  0.73229813094645624     
  0.35571357196259668       0.35137992930958722       0.71787570230393383     
  0.37612511481896121       0.32943876214316858       0.71657757135747735     
  0.39518554720872923       0.30631419046028086       0.71527944041102087     
  0.41282640055938319       0.28208928196793248       0.71398130946456440     
  0.42898430568693968       0.25685105698496635       0.71268317851810792     
  0.44360122042969230       0.23069017584909798       0.71138504757165144     
  0.45662463814631282       0.20370061324833794       0.71008691662519507     
  0.46800777632934704       0.17597932064665936       0.70878878567873849     
  0.47770974465657029       0.14762587801653965       0.70749065473228212     
  0.48569569187653211       0.11874213612941706       0.70619252378582564     
  0.49193693100064884        8.9431850689020431E-002  0.70489439283936917     
  0.49641104235213468        5.9800309621832699E-002  0.70359626189291269     
  0.49910195410159797        2.9953954863528788E-002  0.70229813094645621     
  0.35571357196259668       0.35137992930958722       0.68787570230393380     
  0.37612511481896121       0.32943876214316858       0.68657757135747732     
  0.39518554720872923       0.30631419046028086       0.68527944041102096     
  0.41282640055938319       0.28208928196793248       0.68398130946456437     
  0.42898430568693968       0.25685105698496635       0.68268317851810800     
  0.44360122042969230       0.23069017584909798       0.68138504757165153     
  0.45662463814631282       0.20370061324833794       0.68008691662519505     
  0.46800777632934704       0.17597932064665936       0.67878878567873857     
  0.47770974465657029       0.14762587801653965       0.67749065473228209     
  0.48569569187653211       0.11874213612941706       0.67619252378582573     
  0.49193693100064884        8.9431850689020431E-002  0.67489439283936925     
  0.49641104235213468        5.9800309621832699E-002  0.67359626189291277     
  0.49910195410159797        2.9953954863528788E-002  0.67229813094645618     
  0.35571357196259662       0.35137992930958728       0.65787570230393388     
  0.37612511481896116       0.32943876214316870       0.65657757135747741     
  0.39518554720872923       0.30631419046028097       0.65527944041102093     
  0.41282640055938319       0.28208928196793254       0.65398130946456445     
  0.42898430568693968       0.25685105698496635       0.65268317851810798     
  0.44360122042969230       0.23069017584909801       0.65138504757165150     
  0.45662463814631282       0.20370061324833799       0.65008691662519502     
  0.46800777632934704       0.17597932064665939       0.64878878567873854     
  0.46058862934798611       0.19457161795941219        2.1209983788950448E-002
  0.46842778591935536       0.17485825510592984        4.2419967577900841E-002
  0.47542364309492230       0.15483009909688664        6.3629951366851123E-002
  0.48156360639949458       0.13452320614493504        8.4839935155801127E-002
  0.48683662220324747       0.11397413426621289       0.10604991894475113     
  0.49123319762131146        9.3219877465816753E-002  0.12725990273370125     
  0.49474541760358659        7.2297799138375057E-002  0.14846988652265170     
  0.49736695918401935        5.1245564803617201E-002  0.16967987031160214     
  0.49909310286368824        3.0101074298035185E-002  0.19088985410055231     
  0.47770974465657029       0.14762587801653970       0.64749065473228207     
  0.48569569187653211       0.11874213612941710       0.64619252378582570     
  0.49193693100064884        8.9431850689020459E-002  0.64489439283936922     
  0.49641104235213462        5.9800309621832706E-002  0.64359626189291275     
  0.49910195410159797        2.9953954863528788E-002  0.64229813094645627     
  0.35571357196259668       0.35137992930958722       0.62787570230393386     
  0.37612511481896121       0.32943876214316858       0.62657757135747738     
  0.39518554720872923       0.30631419046028086       0.62527944041102090     
  0.41282640055938319       0.28208928196793248       0.62398130946456454     
  0.42898430568693968       0.25685105698496635       0.62268317851810806     
  0.44360122042969230       0.23069017584909798       0.62138504757165158     
  0.45662463814631282       0.20370061324833794       0.62008691662519511     
  0.46800777632934704       0.17597932064665936       0.61878878567873863     
  0.47770974465657029       0.14762587801653965       0.61749065473228215     
  0.48569569187653211       0.11874213612941706       0.61619252378582567     
  0.49193693100064884        8.9431850689020431E-002  0.61489439283936931     
  0.49641104235213468        5.9800309621832699E-002  0.61359626189291272     
  0.49910195410159797        2.9953954863528788E-002  0.61229813094645635     
  0.35571357196259668       0.35137992930958722       0.59787570230393394     
  0.37612511481896121       0.32943876214316858       0.59657757135747747     
  0.39518554720872923       0.30631419046028086       0.59527944041102088     
  0.41282640055938319       0.28208928196793248       0.59398130946456451     
  0.42898430568693968       0.25685105698496635       0.59268317851810803     
  0.44360122042969230       0.23069017584909798       0.59138504757165156     
  0.45662463814631282       0.20370061324833794       0.59008691662519508     
  0.46800777632934704       0.17597932064665936       0.58878878567873860     
  0.47770974465657029       0.14762587801653965       0.58749065473228212     
  0.48569569187653211       0.11874213612941706       0.58619252378582565     
  0.49193693100064884        8.9431850689020431E-002  0.58489439283936917     
  0.49641104235213468        5.9800309621832699E-002  0.58359626189291269     
  0.49910195410159797        2.9953954863528788E-002  0.58229813094645622     
  0.35571357196259668       0.35137992930958722       0.56787570230393392     
  0.44279989260708946       0.23222457903320698        2.1959975190769032E-002
  0.43293966679038853       0.25012645785567644        4.3919950381537842E-002
  0.42235608309503719       0.26761042407316299        6.5879925572306597E-002
  0.41106682462849270       0.28464726538269797        8.7839900763075296E-002
  0.39909075354334206       0.30120851653996666       0.10979987595384405     
  0.38644787952231763       0.31726650691918967       0.13175985114461292     
  0.37315932634601379       0.33279440674534955       0.15371982633538189     
  0.35924729659916305       0.34776627192152054       0.17567980152615104     
  0.37612511481896121       0.32943876214316858       0.56657757135747744     
  0.39518554720872923       0.30631419046028086       0.56527944041102096     
  0.41282640055938319       0.28208928196793248       0.56398130946456448     
  0.42898430568693968       0.25685105698496635       0.56268317851810801     
  0.44360122042969230       0.23069017584909798       0.56138504757165153     
  0.45662463814631282       0.20370061324833794       0.56008691662519505     
  0.46800777632934704       0.17597932064665936       0.55878878567873858     
  0.47770974465657029       0.14762587801653965       0.55749065473228210     
  0.48569569187653211       0.11874213612941706       0.55619252378582573     
  0.49193693100064884        8.9431850689020431E-002  0.55489439283936925     
  0.49641104235213468        5.9800309621832699E-002  0.55359626189291267     
  0.49910195410159797        2.9953954863528788E-002  0.55229813094645630     
  0.35571357196259668       0.35137992930958722       0.53787570230393389     
  0.37612511481896121       0.32943876214316858       0.53657757135747730     
  0.39518554720872923       0.30631419046028086       0.53527944041102082     
  0.41282640055938319       0.28208928196793248       0.53398130946456446     
  0.42898430568693968       0.25685105698496635       0.53268317851810798     
  0.44360122042969230       0.23069017584909798       0.53138504757165150     
  0.45662463814631282       0.20370061324833794       0.53008691662519503     
  0.46800777632934704       0.17597932064665936       0.52878878567873855     
  0.47770974465657029       0.14762587801653965       0.52749065473228207     
  0.48569569187653211       0.11874213612941706       0.52619252378582559     
  0.49193693100064884        8.9431850689020431E-002  0.52489439283936912     
  0.49641104235213468        5.9800309621832699E-002  0.52359626189291264     
  0.49910195410159797        2.9953954863528788E-002  0.52229813094645616     
  0.35571357196259668       0.35137992930958722       0.50787570230393386     
  0.37612511481896121       0.32943876214316858       0.50657757135747739     
  0.39518554720872923       0.30631419046028086       0.50527944041102091     
  0.41282640055938319       0.28208928196793248       0.50398130946456443     
  0.42898430568693968       0.25685105698496635       0.50268317851810795     
  0.44360122042969230       0.23069017584909798       0.50138504757165148     
  0.45662463814631282       0.20370061324833794       0.50008691662519500     
  0.46800777632934704       0.17597932064665936       0.49878878567873852     
  0.47770974465657029       0.14762587801653965       0.49749065473228204     
  0.48569569187653211       0.11874213612941706       0.49619252378582562     
  0.49193693100064884        8.9431850689020431E-002  0.49489439283936915     
  0.49641104235213468        5.9800309621832699E-002  0.49359626189291267     
  0.49910195410159797        2.9953954863528788E-002  0.49229813094645619     
  0.35571357196259668       0.35137992930958722       0.47787570230393389     
  0.37612511481896121       0.32943876214316858       0.47657757135747741     
  0.39518554720872923       0.30631419046028086       0.47527944041102088     
  0.41282640055938319       0.28208928196793248       0.47398130946456446     
  0.42898430568693968       0.25685105698496635       0.47268317851810798     
  0.44360122042969230       0.23069017584909798       0.47138504757165151     
  0.45662463814631282       0.20370061324833794       0.47008691662519503     
  0.46800777632934704       0.17597932064665936       0.46878878567873855     
  0.47770974465657029       0.14762587801653965       0.46749065473228207     
  0.48569569187653211       0.11874213612941706       0.46619252378582560     
  0.49193693100064884        8.9431850689020431E-002  0.46489439283936912     
  0.49641104235213468        5.9800309621832699E-002  0.46359626189291264     
  0.49910195410159797        2.9953954863528788E-002  0.46229813094645617     
  0.35571357196259668       0.35137992930958722       0.44787570230393392     
  0.37612511481896121       0.32943876214316858       0.44657757135747739     
  0.39518554720872923       0.30631419046028086       0.44527944041102091     
  0.41282640055938319       0.28208928196793248       0.44398130946456443     
  0.42898430568693968       0.25685105698496635       0.44268317851810801     
  0.44360122042969230       0.23069017584909796       0.44138504757165153     
  0.45662463814631282       0.20370061324833794       0.44008691662519500     
  0.46800777632934704       0.17597932064665936       0.43878878567873852     
  0.47770974465657029       0.14762587801653965       0.43749065473228205     
  0.48569569187653211       0.11874213612941706       0.43619252378582563     
  0.49193693100064884        8.9431850689020431E-002  0.43489439283936915     
  0.49641104235213468        5.9800309621832699E-002  0.43359626189291262     
  0.49910195410159797        2.9953954863528788E-002  0.43229813094645614     
  0.35571357196259668       0.35137992930958722       0.41787570230393395     
  0.37612511481896121       0.32943876214316858       0.41657757135747742     
  0.39518554720872923       0.30631419046028086       0.41527944041102094     
  0.41282640055938319       0.28208928196793248       0.41398130946456446     
  0.42898430568693968       0.25685105698496635       0.41268317851810798     
  0.44360122042969230       0.23069017584909798       0.41138504757165151     
  0.45662463814631282       0.20370061324833794       0.41008691662519503     
  0.47142869745023697       0.16659826895971264        2.1209728082289603E-002
  0.47807153872137864       0.14645000465883640        4.2419456164578984E-002
  0.48385369844169207       0.12603808354737947        6.3629184246868253E-002
  0.48876476687582954       0.10539925360654279        8.4838912329157412E-002
  0.49279590253114008        8.4570671325935431E-002  0.10604864041144679     
  0.49593984807518188        6.3589834810018495E-002  0.12725836849373656     
  0.49819094340124059        4.2494516269533385E-002  0.14846809657602622     
  0.49954513581832927        2.1322694019451610E-002  0.16967782465831538     
  0.46800777632934704       0.17597932064665936       0.40878878567873850     
  0.47770974465657029       0.14762587801653965       0.40749065473228202     
  0.48569569187653211       0.11874213612941706       0.40619252378582554     
  0.49193693100064884        8.9431850689020431E-002  0.40489439283936907     
  0.49641104235213468        5.9800309621832699E-002  0.40359626189291259     
  0.49910195410159797        2.9953954863528788E-002  0.40229813094645611     
  0.35571357196259668       0.35137992930958722       0.38787570230393398     
  0.37612511481896121       0.32943876214316858       0.38657757135747745     
  0.39518554720872923       0.30631419046028086       0.38527944041102091     
  0.41282640055938319       0.28208928196793248       0.38398130946456449     
  0.42898430568693968       0.25685105698496635       0.38268317851810801     
  0.44360122042969230       0.23069017584909796       0.38138504757165154     
  0.45662463814631282       0.20370061324833794       0.38008691662519500     
  0.46800777632934704       0.17597932064665936       0.37878878567873853     
  0.47770974465657029       0.14762587801653965       0.37749065473228205     
  0.48569569187653211       0.11874213612941706       0.37619252378582557     
  0.49193693100064884        8.9431850689020431E-002  0.37489439283936909     
  0.49641104235213468        5.9800309621832699E-002  0.37359626189291251     
  0.49910195410159797        2.9953954863528788E-002  0.37229813094645603     
  0.35571357196259668       0.35137992930958722       0.35787570230393395     
  0.37612511481896121       0.32943876214316858       0.35657757135747742     
  0.39518554720872923       0.30631419046028086       0.35527944041102089     
  0.41282640055938319       0.28208928196793248       0.35398130946456441     
  0.42898430568693968       0.25685105698496635       0.35268317851810793     
  0.44360122042969230       0.23069017584909798       0.35138504757165145     
  0.45662463814631282       0.20370061324833794       0.35008691662519498     
  0.46800777632934704       0.17597932064665936       0.34878878567873850     
  0.47770974465657029       0.14762587801653965       0.34749065473228202     
  0.48569569187653211       0.11874213612941706       0.34619252378582555     
  0.49193693100064884        8.9431850689020431E-002  0.34489439283936907     
  0.49641104235213468        5.9800309621832699E-002  0.34359626189291259     
  0.49910195410159797        2.9953954863528788E-002  0.34229813094645611     
  0.35571357196259668       0.35137992930958722       0.32787570230393392     
  0.37612511481896121       0.32943876214316858       0.32657757135747745     
  0.39518554720872923       0.30631419046028086       0.32527944041102097     
  0.41282640055938319       0.28208928196793248       0.32398130946456449     
  0.42898430568693968       0.25685105698496635       0.32268317851810796     
  0.44360122042969230       0.23069017584909796       0.32138504757165148     
  0.45662463814631282       0.20370061324833794       0.32008691662519501     
  0.46800777632934704       0.17597932064665936       0.31878878567873847     
  0.47770974465657029       0.14762587801653965       0.31749065473228200     
  0.48569569187653211       0.11874213612941706       0.31619252378582552     
  0.49193693100064884        8.9431850689020431E-002  0.31489439283936904     
  0.49641104235213468        5.9800309621832699E-002  0.31359626189291245     
  0.49910195410159797        2.9953954863528788E-002  0.31229813094645598     
  0.35571357196259668       0.35137992930958722       0.29787570230393390     
  0.37612511481896121       0.32943876214316858       0.29657757135747742     
  0.39518554720872923       0.30631419046028086       0.29527944041102094     
  0.41282640055938319       0.28208928196793248       0.29398130946456441     
  0.42898430568693968       0.25685105698496635       0.29268317851810793     
  0.44360122042969230       0.23069017584909798       0.29138504757165151     
  0.45662463814631282       0.20370061324833794       0.29008691662519503     
  0.46800777632934704       0.17597932064665936       0.28878878567873845     
  0.47770974465657029       0.14762587801653965       0.28749065473228197     
  0.48569569187653211       0.11874213612941706       0.28619252378582549     
  0.48057161962588690       0.13802506442726925        2.1209377086244263E-002
  0.48599422012296595       0.11751433107102452        4.2418754172488360E-002
  0.49054184677571283        9.6792027367306813E-002   6.3628131258732623E-002
  0.49420631213207511        7.5895461318936694E-002   8.4837508344977053E-002
  0.49698101876515449        5.4862254667020452E-002  0.10604688543122165     
  0.49886097115107686        3.3730275157553238E-002  0.12725626251746602     
  0.49193693100064884        8.9431850689020431E-002  0.28489439283936902     
  0.49641104235213468        5.9800309621832699E-002  0.28359626189291254     
  0.49910195410159797        2.9953954863528788E-002  0.28229813094645606     
  0.35571357196259668       0.35137992930958722       0.26787570230393387     
  0.37612511481896121       0.32943876214316858       0.26657757135747739     
  0.39518554720872923       0.30631419046028086       0.26527944041102086     
  0.41282640055938319       0.28208928196793248       0.26398130946456438     
  0.42898430568693968       0.25685105698496635       0.26268317851810791     
  0.44360122042969230       0.23069017584909796       0.26138504757165137     
  0.45662463814631282       0.20370061324833794       0.26008691662519490     
  0.46800777632934704       0.17597932064665936       0.25878878567873842     
  0.47770974465657029       0.14762587801653965       0.25749065473228194     
  0.48569569187653211       0.11874213612941706       0.25619252378582547     
  0.49193693100064884        8.9431850689020431E-002  0.25489439283936899     
  0.49641104235213468        5.9800309621832699E-002  0.25359626189291246     
  0.49910195410159797        2.9953954863528788E-002  0.25229813094645598     
  0.35557101622178788       0.35152418469147334       0.20974367579056347     
  0.37600174071466602       0.32957956699337571       0.21060954688359695     
  0.39508039190124211       0.30644980655102544       0.21147541797663055     
  0.41273836442096495       0.28221807620190947       0.21234128906966404     
  0.35571357196259668       0.35137992930958722       0.23787570230393390     
  0.37612511481896121       0.32943876214316858       0.23657757135747737     
  0.39518554720872923       0.30631419046028086       0.23527944041102078     
  0.41282640055938319       0.28208928196793248       0.23398130946456441     
  0.42898430568693968       0.25685105698496635       0.23268317851810788     
  0.44360122042969230       0.23069017584909796       0.23138504757165140     
  0.45662463814631282       0.20370061324833794       0.23008691662519493     
  0.46800777632934704       0.17597932064665936       0.22878878567873839     
  0.47770974465657029       0.14762587801653965       0.22749065473228192     
  0.48569569187653211       0.11874213612941706       0.22619252378582544     
  0.49193693100064884        8.9431850689020431E-002  0.22489439283936896     
  0.49641104235213468        5.9800309621832699E-002  0.22359626189291243     
  0.49910195410159797        2.9953954863528788E-002  0.22229813094645590     
  0.49960735714157967        1.9811327315613289E-002   2.1202837638228000E-002
  0.49918198510536471        2.8589259281544009E-002   4.2413089225260547E-002
  0.49751955080859589        4.9742301547201273E-002   2.1206544612630496E-002
  0.49973837088952727        1.6172837125306823E-002   8.4832198436872952E-002
  0.49860233931101017        3.7359165322422026E-002   6.3624148827655047E-002
  0.49656852222586717        5.8478224446526603E-002   4.2416099218436754E-002
  0.49364058173384784        7.9491987429353678E-002   2.1208049609218238E-002
  0.49937683426359014        2.4955508427497351E-002  0.10604432669533942     
  0.49786860754731743        4.6117779856525438E-002   8.4835461356271680E-002
  0.49546398537079039        6.7197017794640490E-002   6.3626596017203552E-002
  0.49216729717428637        8.8155269792327490E-002   4.2417730678135479E-002
  0.48798447853254978       0.10895480123113327        2.1208865339067628E-002
  0.33700000084936621       0.35156791698732326        2.8999999999999915E-002
  0.33700000084936621       0.35156791698732331        5.8999999999999941E-002
  0.33700000084936621       0.35156791698732326        8.8999999999999968E-002
  0.33700000084936621       0.35156791698732331       0.11899999999999999     
  0.33700000084936621       0.35156791698732326       0.14900000000000002     
  0.33700000084936621       0.35156791698732331       0.17900000000000005     
  0.33700000084936621       0.35156791698732326       0.20900000000000007     
  0.33700000084936621       0.35156791698732331       0.23900000000000010     
  0.33700000084936621       0.35156791698732326       0.26900000000000013     
  0.33700000084936621       0.35156791698732331       0.29900000000000015     
  0.33700000084936621       0.35156791698732326       0.32900000000000018     
  0.33700000084936621       0.35156791698732331       0.35900000000000015     
  0.33700000084936621       0.35156791698732326       0.38900000000000018     
  0.33700000084936621       0.35156791698732331       0.41900000000000015     
  0.33700000084936621       0.35156791698732326       0.44900000000000012     
  0.33700000084936621       0.35156791698732331       0.47900000000000009     
  0.33700000084936621       0.35156791698732326       0.50900000000000012     
  0.33700000084936621       0.35156791698732331       0.53900000000000015     
  0.33700000084936621       0.35156791698732326       0.56900000000000017     
  0.33700000084936621       0.35156791698732331       0.59900000000000009     
  0.33700000084936621       0.35156791698732326       0.62900000000000011     
  0.33700000084936621       0.35156791698732331       0.65900000000000003     
  0.33700000084936621       0.35156791698732326       0.68900000000000006     
  0.33700000084936621       0.35156791698732331       0.71900000000000008     
  0.33700000084936621       0.35156791698732326       0.74900000000000000     
  0.33700000084936621       0.35156791698732331       0.77900000000000003     
  0.33700000084936621       0.35156791698732326       0.80900000000000005     
  0.33700000084936621       0.35156791698732331       0.83900000000000008     
  0.33700000084936621       0.35156791698732326       0.86900000000000011     
  0.33700000084936621       0.35156791698732331       0.89900000000000013     
  0.33700000084936621       0.35156791698732326       0.92900000000000016     
  0.33700000084936621       0.35156791698732331       0.95900000000000019     
  0.33700000084936621       0.35156791698732326       0.98900000000000021     
  0.48700000084938633        5.2041704279304213E-018   2.8999999999999915E-002
  0.48700000084938633        5.2041704279304213E-018   5.8999999999999941E-002
  0.48700000084938633        5.2041704279304213E-018   8.8999999999999968E-002
  0.48700000084938633        5.2041704279304213E-018  0.11899999999999999     
  0.48700000084938633        5.2041704279304213E-018  0.14900000000000002     
  0.48700000084938633        5.2041704279304213E-018  0.17900000000000005     
  0.48700000084938633        5.2041704279304213E-018  0.20900000000000007     
  0.48700000084938633        5.2041704279304213E-018  0.23900000000000010     
  0.48700000084938633        5.2041704279304213E-018  0.26900000000000013     
  0.48700000084938633        5.2041704279304213E-018  0.29900000000000015     
  0.48700000084938633        5.2041704279304213E-018  0.32900000000000018     
  0.48700000084938633        5.2041704279304213E-018  0.35900000000000021     
  0.48700000084938633        5.2041704279304213E-018  0.38900000000000023     
  0.48700000084938633        5.2041704279304213E-018  0.41900000000000026     
  0.48700000084938633        5.2041704279304213E-018  0.44900000000000029     
  0.48700000084938633        5.2041704279304213E-018  0.47900000000000031     
  0.48700000084938633        5.2041704279304213E-018  0.50900000000000034     
  0.48700000084938633        5.2041704279304213E-018  0.53900000000000037     
  0.48700000084938633        5.2041704279304213E-018  0.56900000000000039     
  0.48700000084938633        5.2041704279304213E-018  0.59900000000000042     
  0.48700000084938633        5.2041704279304213E-018  0.62900000000000034     
  0.48700000084938633        5.2041704279304213E-018  0.65900000000000036     
  0.48700000084938633        5.2041704279304213E-018  0.68900000000000028     
  0.48700000084938633        5.2041704279304213E-018  0.71900000000000031     
  0.48700000084938633        5.2041704279304213E-018  0.74900000000000033     
  0.48700000084938633        5.2041704279304213E-018  0.77900000000000036     
  0.48700000084938633        5.2041704279304213E-018  0.80900000000000039     
  0.48700000084938633        5.2041704279304213E-018  0.83900000000000041     
  0.48700000084938633        5.2041704279304213E-018  0.86900000000000044     
  0.48700000084938633        5.2041704279304213E-018  0.89900000000000047     
  0.48700000084938633        5.2041704279304213E-018  0.92900000000000049     
  0.48700000084938633        5.2041704279304213E-018  0.95900000000000052     
  0.48700000084938633        5.2041704279304213E-018  0.98900000000000055     
  0.44232905080845131       0.20374987518567106       0.14969892674235885     
  0.45349746841379934       0.17750787861262590       0.93387037176990351     
  0.43240753546370209       0.22403732747354774       0.92906613107771341     
  0.43227460331065726       0.22429370958610573       0.88930450962061858     
  0.43610633450469566       0.21674931564404309       0.12970892099913361     
  0.44938951170624020       0.18766477452017383       0.11884980784874610     
  0.43343356049182408       0.22204582740205414       0.10111015014358377     
  0.44356421724561546       0.20104672592849235        8.2234142278478750E-002
  0.48310116510500367        6.1500122776077436E-002  0.83897886215076589     
  0.47965619449433716        8.4255183285643936E-002  0.86844944372240218     
  0.47893807273592826        8.8245811862554382E-002  0.83872472186120128     
  0.47433292722394721       0.11035069088340552       0.86789282563838677     
  0.47300017322084026       0.11593031079203360       0.83844641281919374     
  0.46913007557428871       0.13071332380037703       0.89664474684205420     
  0.46725410079298402       0.13726837261153541       0.86742983122803663     
  0.46528653864794844       0.14379651518826883       0.83821491561401851     
  0.46331345486060105       0.15003214113120031       0.92511739997113218     
  0.46092562698814482       0.15721503494533901       0.89608804997834879     
  0.45842644792869636       0.16435994848732777       0.86705869998556562     
  0.45581652143812940       0.17146515567695536       0.83802934999278267     
  0.45149004167096934       0.18255339793941544       0.96583409034222978     
  0.44956972152068508       0.18723265291902030       0.85435877017277639     
  0.48511653669545274        4.2789562417570190E-002   2.4937020180554659E-002
  0.48629717335702760        2.6154540948692774E-002   4.9874040361171934E-002
  0.44719630806612720       0.19283273290421052       0.88373572596908467     
  0.44475314024034540       0.19840273454172264       0.91311268176539273     
  0.44224059913243269       0.20394178901409335       0.94248963756170046     
  0.44083075436494562       0.20697160876148016       0.85189789108956060     
  0.43705885189568433       0.21482216088408745       0.83116676024884728     
  0.41997532396880538       0.24655573017996840       0.91363214962675654     
  0.42959955454611121       0.22937572574504275       0.84570244037260300     
  0.42115121754632084       0.24454171993042870       0.87016846379082680     
  0.41216770393331853       0.25939696347801461       0.89463448720905259     
  0.41070197652115042       0.26171145811541796       0.83029619775385943     
  0.40806224259249063       0.26580859090267234       0.85989763537833352     
  0.39426321136011955       0.28587675840347476       0.83735801790467235     
  0.39256422021290954       0.28820536746546349       0.86721921320325135     
  0.37960757089770775       0.30506899702266144       0.83304309411751021     
  0.44648147184883136       0.19448212288789546       0.78994043724399687     
  0.43395030115070471       0.22103424385939668       0.78801308204367526     
  0.41982605563936570       0.24680981308200167       0.78605012430287680     
  0.46732914486740673       0.13701266797189851       0.71431574722023372     
  0.45782931048815056       0.16601603321734776       0.71397449014811143     
  0.44651932414234197       0.19439520054452833       0.71359618347952147     
  0.43343767588728516       0.22203779396470161       0.71317583670702811     
  0.44648147184883136       0.19448212288789549       0.66994043724399699     
  0.43395030115070465       0.22103424385939674       0.66801308204367538     
  0.41982605563936576       0.24680981308200162       0.66605012430287680     
  0.47140557004893419       0.12225297278234457       0.58956178194434106     
  0.48176194724245414        7.1235012574191986E-002   2.3973165039520961E-002
  0.48406914530702211        5.3348508779638218E-002   4.7946330079048471E-002
  0.48571249785833764        3.5388843602028888E-002   7.1919495118618448E-002
  0.41239040035843727       0.25904277353264665       0.57813856975304301     
  0.47140557004893424       0.12225297278234451       0.49956178194434109     
  0.41239040035843733       0.25904277353264660       0.48813856975304304     
  0.47140557004893419       0.12225297278234440       0.43956178194434103     
  0.41239040035843733       0.25904277353264660       0.42813856975304304     
  0.46732914486740673       0.13701266797189848       0.38431574722023376     
  0.45782931048815056       0.16601603321734770       0.38397449014811136     
  0.44651932414234202       0.19439520054452827       0.38359618347952151     
  0.43343767588728516       0.22203779396470158       0.38317583670702815     
  0.44648147184883136       0.19448212288789551       0.33994043724399692     
  0.43395030115070465       0.22103424385939674       0.33801308204367531     
  0.41982605563936570       0.24680981308200167       0.33605012430287673     
  0.47140557004893424       0.12225297278234443       0.25956178194434099     
  0.41239040035843733       0.25904277353264660       0.24813856975304294     
  0.48308232215043362        6.1647959033769489E-002  0.17828334771981597     
  0.47873172057505292        8.9358494518070097E-002  0.18660820954550061     
  0.47732580452709111        9.6587148005574816E-002  0.16561559183954572     
  0.46765804851049042       0.13588579944438386       0.18910543318649153     
  0.47072523260513288       0.12484693114419912       0.16137945775229612     
  0.47227037888953555       0.11886837279451754       0.13082299973510297     
  0.45728836557353758       0.16750030309931252       0.19540445293793651     
  0.46114875844870773       0.15655932871756309       0.16773884108023823     
  0.46474742189890533       0.14552949757901193       0.14007322922253956     
  0.46678457015105962       0.13885663792620678       0.10997416539380839     
  0.44473756251833280       0.19843765094490923       0.20165278569264677     
  0.44938087500337254       0.18768545497316488       0.17403352938019262     
  0.45376428165991567       0.17682470844579498       0.14641427306773630     
  0.45788524728230084       0.16586169283021648       0.11879501675527809     
  0.46174138845137658       0.15480274874262898        9.1175760442818665E-002
  0.37646543835928575       0.30893814032621725       0.18566840368699561     
  0.37530669441563719       0.31034478560800449       0.15572381055821449     
  0.39413224586447537       0.28605729076025610       0.19412933088508738     
  0.39194826061935456       0.28904249138272903       0.16435822543156314     
  0.38974166563968943       0.29201101844223715       0.13458711997803885     
  0.47661367299829954       0.10004202885965031        2.3400609484074630E-002
  0.48011502838749742        8.1600002106369668E-002   4.6801218968132996E-002
  0.48290306502477798        6.3036740215211329E-002   7.0201828452185810E-002
  0.48497364065526605        4.4379823082738593E-002   9.3602437936260274E-002
  0.48632367897362888        2.5656969751444981E-002  0.11700304742041373     
  0.42295958307503417       0.24140048034806061       0.19595464679401720     
  0.40833175080612649       0.26539438975019874       0.17264246263977984     
  0.40563890360255372       0.26949226465966375       0.14304591229972047     
  0.40290493304927882       0.27356281865749127       0.11344936195966104     
  0.43306363212253335       0.22276645025703842       0.17509096122531326     
  0.42809434844554045       0.23217284435581664       0.14704062309765925     
  0.42292078359119190       0.24146844852670374       0.11899028497000536     
  0.41754540631882475       0.25064882702563629        9.0939946842351127E-002
  0.45267822272055147       0.17958682441048596        6.3358134413363854E-002
  0.42717758941047224       0.23385531409985089        6.3045783947585365E-002
  0.44030542992572491       0.20808683092691088        5.1575726078245010E-002
  0.44945983069723783       0.18749629707514481        4.2238756275571665E-002
  0.48634426685422760        2.5263707671195818E-002  0.97595674944777722     
  0.48642469359896023        2.3664705458326697E-002  0.94650041519842421     
  0.48465622522798646        4.7721527375379005E-002  0.96433361013236207     
  0.48592230109539220        3.2380829597655134E-002  0.92496463689546116     
  0.48380486601469413        5.5694276616064395E-002  0.94372347767163589     
  0.48056955620459707        7.8879036990847820E-002  0.96248231844774601     
  0.46835975482689218       0.13344714641300209       0.97845863666397204     
  0.48666028167152475        1.8187112763296931E-002  0.88427056935146275     
  0.48526092325367576        4.1119790737151135E-002  0.90355880779300146     
  0.48278152189482437        6.3960948587418631E-002  0.92284704623440750     
  0.47922759598683312        8.6659748857052382E-002  0.94213528467578012     
  0.47460705548578891       0.10916567093364511       0.96142352311716595     
  0.48664513185955610        1.8588073183301621E-002  0.82808614381518919     
  0.48539686213270827        3.9482743812921037E-002  0.84957537583840015     
  0.48325187141770976        6.0304474117312643E-002  0.87106460786149220     
  0.48021412236520350        8.1014798082228945E-002  0.89255383988454728     
  0.47628922690544168       0.10157545550526295       0.91404307190760925     
  0.47148443588080363       0.12194846267764800       0.93553230393069220     
  0.46580862565060199       0.14209618255525472       0.95702153595379191     
  0.45927228169291640       0.16198139428916253       0.97851076797689784     
  0.36300871801922729       0.32464391488107230       0.97588234405992225     
  0.37678107762271951       0.30855310786432361       0.96728648146118057     
  0.36409978506443436       0.32341976956163998       0.94452432097411743     
  0.46967161161783544       0.12875394389138323        2.3023212567970908E-002
  0.47438906122755375       0.11010912503023385        4.6046425135930102E-002
  0.47836666400350891        9.1292582379076032E-002   6.9069637703872311E-002
  0.48159821656315499        7.2333661807453334E-002   9.2092850271801086E-002
  0.48407867904759128        5.3261931234429669E-002  0.11511606283973724     
  0.48580418298162242        3.4107134515117210E-002  0.13813927540772591     
  0.40148238559484739       0.27564632209471823       0.98099619667756088     
  0.38985276362281485       0.29186267922248249       0.95859695734205275     
  0.37756855980384330       0.30758898464496798       0.93619771800653917     
  0.36465039991662118       0.32279883312663904       0.91379847867102326     
  0.35111997418306268       0.33746668658840934       0.89139923933550902     
  0.43020218804336025       0.22824346262267317       0.98042511000539623     
  0.41323442131349669       0.25769422552509402       0.97204238366892359     
  0.40218931924889584       0.27461382395900036       0.94986865305744572     
  0.39045188107485640       0.29106069709319793       0.92769492244596075     
  0.37804231183385889       0.30700653297703973       0.90552119183447033     
  0.36498197358719225       0.32242388215464063       0.88334746122297747     
  0.35129334864190859       0.33728620491687572       0.86117373061148617     
  0.48589648245905726        3.2765975663614312E-002  0.80900000000000039     
  0.48295768153803237        6.2616920003249796E-002  0.80900000000000039     
  0.47818675046494846        9.2230323142984433E-002  0.80900000000000027     
  0.47160178806504183       0.12149384478703762       0.80900000000000016     
  0.46322777480477495       0.15029647193695295       0.80900000000000016     
  0.45309647802686803       0.17852894002633773       0.80900000000000016     
  0.44124633143889808       0.20608414742283379       0.80900000000000016     
  0.42772228931263323       0.23285756172484942       0.80900000000000016     
  0.41257565594719642       0.25874761631176224       0.80900000000000016     
  0.39586389104299746       0.28365609564324745       0.80900000000000016     
  0.37765039172476772       0.30748850784606602       0.80900000000000016     
  0.35800425204060177       0.33015444317489040       0.80900000000000016     
  0.43965907665243398       0.20944903233104589       0.97186659335800785     
  0.42414489151956086       0.23931174610775235       0.96314071487816677     
  0.41376471230484269       0.25684190405494467       0.94112061275272718     
  0.40266042947937525       0.27392257913279128       0.91910051062728226     
  0.39085147595043823       0.29052387952565312       0.89708040850183046     
  0.37835851782520702       0.30661675234139324       0.87506030637637267     
  0.36520341824429708       0.32217303445501522       0.85304020425091220     
  0.35140919912045682       0.33716550179517668       0.83102010212545330     
  0.39586389104299741       0.28365609564324756       0.77900000000000014     
  0.37765039172476772       0.30748850784606607       0.77900000000000014     
  0.35800425204060171       0.33015444317489051       0.77900000000000014     
  0.48582502467661365        3.3808966639659495E-002  0.77641570925911174     
  0.48283352925372347        6.3567160198320191E-002  0.77413106682084942     
  0.47802099410920307        9.3085605858990630E-002  0.77184642438259754     
  0.47140557004893424       0.12225297278234443       0.76956178194434099     
  0.46301220759781347       0.15095925424656093       0.76727713950607956     
  0.45287256289713212       0.17909618254519830       0.76499249706781747     
  0.44102487831127118       0.20655763732626919       0.76270785462955781     
  0.42751383819401179       0.23324004583241331       0.76042321219130038     
  0.41239040035843733       0.25904277353264660       0.75813856975304295     
  0.39571160388604998       0.28386850367239258       0.75585392731478396     
  0.37754035399996766       0.30762360431028352       0.75356928487652275     
  0.35794518481356408       0.33021848145743771       0.75128464243826076     
  0.48589648245905726        3.2765975663614375E-002  0.71900000000000031     
  0.48295768153803237        6.2616920003249907E-002  0.71900000000000031     
  0.47818675046494846        9.2230323142984516E-002  0.71900000000000019     
  0.48582502467661365        3.3808966639659613E-002  0.74641570925911171     
  0.48283352925372341        6.3567160198320274E-002  0.74413106682084951     
  0.47802099410920307        9.3085605858990755E-002  0.74184642438259751     
  0.47140557004893419       0.12225297278234457       0.73956178194434108     
  0.46301220759781347       0.15095925424656101       0.73727713950607954     
  0.45287256289713207       0.17909618254519838       0.73499249706781755     
  0.44102487831127118       0.20655763732626931       0.73270785462955790     
  0.42751383819401173       0.23324004583241340       0.73042321219130035     
  0.41239040035843727       0.25904277353264671       0.72813856975304292     
  0.39571160388604992       0.28386850367239264       0.72585392731478393     
  0.37754035399996760       0.30762360431028357       0.72356928487652272     
  0.35794518481356402       0.33021848145743776       0.72128464243826085     
  0.48589648245905726        3.2765975663614312E-002  0.68900000000000028     
  0.48295768153803237        6.2616920003249796E-002  0.68900000000000028     
  0.47818675046494846        9.2230323142984433E-002  0.68900000000000028     
  0.47160178806504183       0.12149384478703762       0.68900000000000028     
  0.46322777480477495       0.15029647193695295       0.68900000000000028     
  0.45309647802686803       0.17852894002633773       0.68900000000000028     
  0.44124633143889808       0.20608414742283379       0.68900000000000017     
  0.42772228931263323       0.23285756172484942       0.68900000000000017     
  0.41257565594719642       0.25874761631176224       0.68900000000000017     
  0.39586389104299746       0.28365609564324745       0.68900000000000006     
  0.37765039172476772       0.30748850784606602       0.68900000000000006     
  0.35800425204060177       0.33015444317489040       0.68900000000000006     
  0.39586389104299741       0.28365609564324756       0.65900000000000014     
  0.37765039172476766       0.30748850784606607       0.65900000000000014     
  0.35800425204060171       0.33015444317489051       0.65900000000000014     
  0.48582502467661365        3.3808966639659550E-002  0.65641570925911186     
  0.48283352925372347        6.3567160198320219E-002  0.65413106682084954     
  0.47802099410920307        9.3085605858990672E-002  0.65184642438259766     
  0.47140557004893424       0.12225297278234451       0.64956178194434111     
  0.46301220759781347       0.15095925424656095       0.64727713950607957     
  0.45287256289713212       0.17909618254519830       0.64499249706781758     
  0.44102487831127118       0.20655763732626925       0.64270785462955793     
  0.42751383819401179       0.23324004583241334       0.64042321219130038     
  0.41239040035843733       0.25904277353264660       0.63813856975304306     
  0.39571160388604998       0.28386850367239258       0.63585392731478385     
  0.37754035399996766       0.30762360431028352       0.63356928487652275     
  0.35794518481356408       0.33021848145743771       0.63128464243826088     
  0.46301220759781347       0.15095925424656095       0.58072286049392086     
  0.45287256289713207       0.17909618254519832       0.58300750293218284     
  0.44102487831127118       0.20655763732626925       0.58529214537044250     
  0.46149911658210763       0.15552352304784248        2.1181142891889770E-002
  0.42751383819401173       0.23324004583241337       0.58757678780870004     
  0.48589648245905726        3.2765975663614375E-002  0.59900000000000042     
  0.48295768153803237        6.2616920003249907E-002  0.59900000000000031     
  0.47818675046494846        9.2230323142984516E-002  0.59900000000000031     
  0.48582502467661365        3.3808966639659613E-002  0.62641570925911183     
  0.48283352925372341        6.3567160198320274E-002  0.62413106682084962     
  0.47802099410920307        9.3085605858990755E-002  0.62184642438259763     
  0.47140557004893419       0.12225297278234457       0.61956178194434119     
  0.46301220759781347       0.15095925424656101       0.61727713950607965     
  0.45287256289713207       0.17909618254519838       0.61499249706781767     
  0.44102487831127118       0.20655763732626931       0.61270785462955801     
  0.42751383819401173       0.23324004583241340       0.61042321219130047     
  0.41239040035843727       0.25904277353264671       0.60813856975304303     
  0.39571160388604992       0.28386850367239264       0.60585392731478394     
  0.37754035399996760       0.30762360431028357       0.60356928487652284     
  0.35794518481356402       0.33021848145743776       0.60128464243826085     
  0.39586389104299746       0.28365609564324745       0.56900000000000017     
  0.37765039172476772       0.30748850784606602       0.56900000000000017     
  0.35800425204060177       0.33015444317489040       0.56900000000000017     
  0.48582502467661365        3.3808966639659550E-002  0.56641570925911178     
  0.48283352925372347        6.3567160198320247E-002  0.56413106682084946     
  0.47802099410920307        9.3085605858990728E-002  0.56184642438259758     
  0.47140557004893419       0.12225297278234454       0.55956178194434103     
  0.46301220759781347       0.15095925424656098       0.55727713950607960     
  0.45287256289713207       0.17909618254519835       0.55499249706781761     
  0.44102487831127118       0.20655763732626931       0.55270785462955785     
  0.42751383819401173       0.23324004583241340       0.55042321219130030     
  0.41239040035843727       0.25904277353264665       0.54813856975304298     
  0.39571160388604998       0.28386850367239264       0.54585392731478388     
  0.37754035399996760       0.30762360431028357       0.54356928487652278     
  0.35794518481356402       0.33021848145743776       0.54128464243826080     
  0.46301220759781347       0.15095925424656093       0.49072286049392083     
  0.45287256289713212       0.17909618254519827       0.49300750293218282     
  0.44102487831127124       0.20655763732626919       0.49529214537044247     
  0.42751383819401179       0.23324004583241331       0.49757678780869996     
  0.48589648245905726        3.2765975663614312E-002  0.50900000000000034     
  0.48295768153803237        6.2616920003249796E-002  0.50900000000000034     
  0.47818675046494846        9.2230323142984433E-002  0.50900000000000034     
  0.43323112139916115       0.22244054549139144        2.0963202904900391E-002
  0.42301159539132133       0.24130932636715510        4.1926405809797174E-002
  0.41197078169009477       0.25970959909277586        6.2889608714696121E-002
  0.40013011631406381       0.27760563907415181        8.3852811619601453E-002
  0.38751258821403245       0.29496270069778890       0.10481601452451450     
  0.37414269463939653       0.31174708479028634       0.12577921742943332     
  0.36004639357611573       0.32792620404613143       0.14674242033435353     
  0.48582502467661365        3.3808966639659550E-002  0.53641570925911175     
  0.48283352925372347        6.3567160198320219E-002  0.53413106682084954     
  0.47802099410920307        9.3085605858990672E-002  0.53184642438259755     
  0.47140557004893424       0.12225297278234451       0.52956178194434111     
  0.46301220759781347       0.15095925424656095       0.52727713950607957     
  0.45287256289713212       0.17909618254519830       0.52499249706781759     
  0.44102487831127118       0.20655763732626925       0.52270785462955793     
  0.42751383819401179       0.23324004583241334       0.52042321219130039     
  0.41239040035843733       0.25904277353264660       0.51813856975304295     
  0.39571160388604998       0.28386850367239258       0.51585392731478397     
  0.37754035399996766       0.30762360431028352       0.51356928487652276     
  0.35794518481356408       0.33021848145743771       0.51128464243826088     
  0.39586389104299741       0.28365609564324756       0.47900000000000015     
  0.37765039172476766       0.30748850784606607       0.47900000000000015     
  0.35800425204060171       0.33015444317489051       0.47900000000000015     
  0.46301220759781347       0.15095925424656093       0.43072286049392083     
  0.45287256289713212       0.17909618254519827       0.43300750293218282     
  0.44102487831127124       0.20655763732626919       0.43529214537044247     
  0.42751383819401179       0.23324004583241331       0.43757678780869996     
  0.48589648245905726        3.2765975663614312E-002  0.44900000000000023     
  0.48295768153803237        6.2616920003249796E-002  0.44900000000000023     
  0.47818675046494846        9.2230323142984433E-002  0.44900000000000023     
  0.48582502467661365        3.3808966639659495E-002  0.47641570925911175     
  0.48283352925372347        6.3567160198320191E-002  0.47413106682084949     
  0.47802099410920307        9.3085605858990630E-002  0.47184642438259755     
  0.47140557004893424       0.12225297278234443       0.46956178194434106     
  0.46301220759781347       0.15095925424656093       0.46727713950607958     
  0.45287256289713212       0.17909618254519830       0.46499249706781759     
  0.44102487831127118       0.20655763732626919       0.46270785462955794     
  0.42751383819401179       0.23324004583241331       0.46042321219130034     
  0.41239040035843733       0.25904277353264660       0.45813856975304301     
  0.39571160388604998       0.28386850367239258       0.45585392731478391     
  0.37754035399996766       0.30762360431028352       0.45356928487652282     
  0.35794518481356408       0.33021848145743771       0.45128464243826089     
  0.39586389104299741       0.28365609564324756       0.41900000000000015     
  0.37765039172476766       0.30748850784606607       0.41900000000000015     
  0.35800425204060171       0.33015444317489051       0.41900000000000015     
  0.48589648245905726        3.2765975663614312E-002  0.38900000000000023     
  0.48295768153803237        6.2616920003249796E-002  0.38900000000000023     
  0.35461138854628244       0.33379599149862621       0.18046019421138909     
  0.47818675046494846        9.2230323142984433E-002  0.38900000000000023     
  0.48582502467661365        3.3808966639659439E-002  0.41641570925911170     
  0.48283352925372347        6.3567160198320163E-002  0.41413106682084944     
  0.47802099410920307        9.3085605858990603E-002  0.41184642438259755     
  0.47140557004893419       0.12225297278234440       0.40956178194434106     
  0.46301220759781353       0.15095925424656090       0.40727713950607958     
  0.45287256289713212       0.17909618254519827       0.40499249706781759     
  0.44102487831127124       0.20655763732626919       0.40270785462955794     
  0.42751383819401179       0.23324004583241328       0.40042321219130039     
  0.41239040035843733       0.25904277353264660       0.39813856975304301     
  0.39571160388604998       0.28386850367239258       0.39585392731478397     
  0.37754035399996766       0.30762360431028352       0.39356928487652282     
  0.35794518481356408       0.33021848145743771       0.39128464243826089     
  0.48589648245905726        3.2765975663614375E-002  0.35900000000000015     
  0.48295768153803237        6.2616920003249907E-002  0.35900000000000015     
  0.47818675046494846        9.2230323142984516E-002  0.35900000000000015     
  0.47160178806504183       0.12149384478703770       0.35900000000000015     
  0.46322777480477489       0.15029647193695303       0.35900000000000015     
  0.45309647802686798       0.17852894002633785       0.35900000000000015     
  0.44124633143889802       0.20608414742283385       0.35900000000000015     
  0.42772228931263317       0.23285756172484948       0.35900000000000015     
  0.41257565594719636       0.25874761631176235       0.35900000000000015     
  0.39586389104299741       0.28365609564324756       0.35900000000000015     
  0.37765039172476766       0.30748850784606607       0.35900000000000015     
  0.35800425204060171       0.33015444317489051       0.35900000000000015     
  0.39586389104299746       0.28365609564324745       0.32900000000000018     
  0.37765039172476772       0.30748850784606602       0.32900000000000018     
  0.35800425204060177       0.33015444317489040       0.32900000000000018     
  0.48582502467661365        3.3808966639659550E-002  0.32641570925911162     
  0.48283352925372347        6.3567160198320247E-002  0.32413106682084941     
  0.47802099410920307        9.3085605858990728E-002  0.32184642438259747     
  0.45104587895405529       0.18364807623779766        2.1185501376778715E-002
  0.45862433599886521       0.16380695729082678        4.2371002753566644E-002
  0.46533047491298518       0.14365427228082872        6.3556504130358960E-002
  0.47115154040608120       0.12322835225814714        8.4742005507146112E-002
  0.47607646062572273       0.10256804797484158       0.10592750688391628     
  0.48009586821639827        8.1712655989324562E-002  0.12711300826066479     
  0.48320211813652492        6.0701843923065373E-002  0.14829850963740543     
  0.48538930219956800        3.9575575011523104E-002  0.16948401101418248     
  0.48665326031161577        1.8374032092802174E-002  0.19066951239108226     
  0.47140557004893419       0.12225297278234454       0.31956178194434098     
  0.46301220759781347       0.15095925424656098       0.31727713950607950     
  0.45287256289713207       0.17909618254519835       0.31499249706781751     
  0.44102487831127118       0.20655763732626931       0.31270785462955786     
  0.42751383819401173       0.23324004583241340       0.31042321219130031     
  0.41239040035843727       0.25904277353264665       0.30813856975304299     
  0.39571160388604998       0.28386850367239264       0.30585392731478389     
  0.37754035399996760       0.30762360431028357       0.30356928487652279     
  0.35794518481356402       0.33021848145743776       0.30128464243826086     
  0.46301220759781347       0.15095925424656093       0.25072286049392078     
  0.45287256289713212       0.17909618254519827       0.25300750293218277     
  0.44102487831127124       0.20655763732626919       0.25529214537044242     
  0.42751383819401179       0.23324004583241328       0.25757678780869997     
  0.48589648245905726        3.2765975663614312E-002  0.26900000000000013     
  0.48295768153803237        6.2616920003249796E-002  0.26900000000000013     
  0.41868821140208962       0.24873516530679610        2.0913569593455195E-002
  0.40729795541689934       0.26697823196000481        4.1827139186914719E-002
  0.39511335187927271       0.28470061467091917        6.2740708780381405E-002
  0.38215816425246707       0.30186774972238317        8.3654278373855251E-002
  0.36845765885919690       0.31844615628905110       0.10456784796733332     
  0.35403855560507541       0.33440350173457439       0.12548141756081044     
  0.47818675046494846        9.2230323142984433E-002  0.26900000000000013     
  0.48582502467661365        3.3808966639659495E-002  0.29641570925911159     
  0.48283352925372347        6.3567160198320191E-002  0.29413106682084939     
  0.47802099410920307        9.3085605858990630E-002  0.29184642438259745     
  0.47140557004893424       0.12225297278234443       0.28956178194434101     
  0.46301220759781347       0.15095925424656093       0.28727713950607947     
  0.45287256289713212       0.17909618254519830       0.28499249706781749     
  0.44102487831127118       0.20655763732626919       0.28270785462955783     
  0.42751383819401179       0.23324004583241331       0.28042321219130029     
  0.41239040035843733       0.25904277353264660       0.27813856975304296     
  0.39571160388604998       0.28386850367239258       0.27585392731478386     
  0.37754035399996766       0.30762360431028352       0.27356928487652266     
  0.35794518481356408       0.33021848145743771       0.27128464243826084     
  0.39586389104299741       0.28365609564324756       0.23900000000000010     
  0.37765039172476772       0.30748850784606607       0.23900000000000010     
  0.35800425204060171       0.33015444317489051       0.23900000000000010     
  0.48589648245905726        3.2765975663614312E-002  0.20900000000000007     
  0.48295768153803237        6.2616920003249796E-002  0.20900000000000007     
  0.47818675046494846        9.2230323142984433E-002  0.20900000000000007     
  0.48582502467661365        3.3808966639659495E-002  0.23641570925911159     
  0.48283352925372347        6.3567160198320191E-002  0.23413106682084939     
  0.47802099410920307        9.3085605858990630E-002  0.23184642438259750     
  0.47140557004893424       0.12225297278234443       0.22956178194434101     
  0.46301220759781347       0.15095925424656093       0.22727713950607947     
  0.45287256289713212       0.17909618254519830       0.22499249706781749     
  0.44102487831127118       0.20655763732626919       0.22270785462955783     
  0.42751383819401179       0.23324004583241331       0.22042321219130029     
  0.41239040035843733       0.25904277353264660       0.21813856975304291     
  0.39571160388604998       0.28386850367239258       0.21585392731478387     
  0.37754035399996766       0.30762360431028352       0.21356928487652277     
  0.35794518481356408       0.33021848145743771       0.21128464243826078     
  0.35070517831053716       0.33789773413482477        4.0935197659658529E-002
  0.36556262390228927       0.32176539408852656        2.0467598829830236E-002
  0.35673448349418135       0.33152603082324100        6.2145538553412261E-002
  0.37114769344739662       0.31530681958363688        4.1430359035606323E-002
  0.38482413928670545       0.29846169377244641        2.0715179517800664E-002
  0.34789882839010372       0.34078645224255655       0.10419572336808114     
  0.40253799006877161       0.27410247605351679        2.0839144673605814E-002
  0.39000029747442727       0.29166550841182831        4.1678289347219399E-002
  0.37669688450365524       0.30865588935335503        6.2517434020839424E-002
  0.36265387086573053       0.32504026023459598        8.3356578694461614E-002
